Solution: 194 236942.062000 295142.062000

0, 17, 940, 554, 30, 654, 826, 481, 
0, 463, 759, 574, 484, 41, 
0, 381, 281, 
0, 322, 670, 725, 500, 216, 
0, 635, 53, 415, 447, 849, 768, 
0, 873, 962, 715, 930, 346, 
0, 116, 538, 410, 692, 895, 
0, 534, 912, 648, 237, 875, 339, 
0, 318, 629, 452, 436, 134, 62, 
0, 765, 293, 314, 735, 26, 
0, 540, 911, 10, 627, 60, 
0, 984, 828, 124, 862, 263, 
0, 78, 201, 141, 728, 155, 491, 
0, 20, 232, 784, 335, 235, 
0, 778, 122, 2, 792, 991, 
0, 461, 351, 789, 315, 
0, 15, 88, 241, 746, 527, 
0, 953, 847, 798, 180, 39, 49, 
0, 617, 980, 593, 869, 845, 
0, 560, 695, 251, 827, 135, 559, 51, 
0, 766, 882, 813, 98, 701, 
0, 113, 893, 369, 672, 525, 733, 
0, 172, 601, 202, 114, 937, 
0, 590, 289, 922, 423, 499, 177, 
0, 247, 392, 583, 626, 42, 192, 
0, 630, 128, 25, 22, 584, 152, 
0, 137, 722, 352, 856, 879, 660, 
0, 927, 189, 806, 804, 401, 188, 
0, 184, 981, 506, 182, 643, 
0, 609, 938, 377, 104, 
0, 638, 283, 898, 469, 928, 259, 320, 
0, 552, 846, 889, 747, 90, 
0, 865, 213, 961, 637, 639, 5, 
0, 191, 408, 801, 185, 405, 
0, 597, 222, 787, 420, 194, 
0, 248, 400, 517, 300, 
0, 331, 428, 129, 854, 594, 646, 
0, 702, 811, 657, 808, 389, 
0, 786, 424, 818, 774, 308, 949, 
0, 29, 815, 679, 533, 
0, 455, 379, 760, 100, 7, 
0, 558, 295, 993, 665, 717, 
0, 11, 112, 160, 438, 731, 
0, 840, 979, 916, 52, 492, 
0, 472, 493, 606, 758, 941, 
0, 510, 667, 926, 706, 61, 9, 
0, 345, 666, 934, 214, 14, 726, 
0, 891, 516, 1, 963, 669, 585, 
0, 652, 750, 227, 885, 228, 
0, 969, 18, 901, 834, 605, 
0, 754, 686, 69, 38, 757, 
0, 125, 269, 21, 294, 238, 578, 
0, 647, 394, 411, 780, 403, 166, 
0, 954, 580, 681, 556, 713, 
0, 995, 730, 680, 653, 565, 219, 
0, 561, 782, 353, 515, 422, 303, 
0, 195, 329, 485, 254, 
0, 154, 74, 612, 162, 306, 
0, 243, 668, 145, 917, 
0, 490, 547, 803, 625, 550, 
0, 489, 167, 967, 147, 
0, 402, 697, 983, 604, 168, 
0, 915, 359, 756, 613, 265, 
0, 950, 689, 761, 465, 946, 383, 183, 
0, 273, 564, 236, 633, 272, 
0, 467, 313, 221, 50, 328, 
0, 380, 399, 718, 317, 102, 
0, 279, 181, 678, 523, 33, 
0, 742, 843, 935, 418, 470, 
0, 151, 4, 252, 225, 596, 349, 
0, 106, 198, 215, 720, 165, 143, 
0, 861, 800, 58, 437, 763, 
0, 738, 748, 723, 55, 711, 764, 
0, 224, 244, 965, 544, 684, 
0, 884, 326, 256, 334, 374, 
0, 255, 79, 397, 620, 92, 
0, 595, 876, 794, 409, 217, 563, 
0, 286, 708, 714, 287, 297, 
0, 242, 164, 290, 783, 
0, 486, 694, 503, 274, 240, 
0, 446, 464, 837, 127, 404, 
0, 512, 531, 253, 448, 535, 553, 
0, 35, 900, 483, 429, 324, 863, 
0, 586, 466, 316, 76, 416, 
0, 309, 830, 972, 245, 896, 
0, 218, 819, 75, 
0, 321, 615, 918, 382, 839, 537, 
0, 855, 996, 475, 413, 860, 
0, 975, 270, 66, 476, 581, 387, 
0, 368, 709, 920, 82, 291, 
0, 829, 338, 277, 101, 952, 
0, 304, 203, 619, 246, 
0, 239, 513, 524, 6, 933, 
0, 45, 721, 676, 688, 497, 65, 
0, 518, 944, 46, 974, 966, 226, 
0, 250, 80, 719, 132, 
0, 616, 932, 356, 441, 567, 
0, 921, 119, 640, 536, 850, 825, 
0, 435, 332, 440, 462, 822, 602, 
0, 3, 634, 671, 344, 903, 
0, 87, 196, 767, 234, 355, 
0, 925, 929, 693, 703, 655, 
0, 395, 781, 545, 505, 588, 
0, 729, 598, 371, 391, 163, 
0, 810, 298, 264, 156, 109, 
0, 642, 12, 872, 886, 175, 
0, 343, 734, 836, 337, 
0, 867, 37, 146, 682, 762, 745, 
0, 477, 520, 468, 699, 212, 
0, 487, 430, 878, 330, 618, 
0, 86, 770, 857, 741, 906, 
0, 176, 751, 687, 271, 43, 
0, 449, 158, 280, 838, 342, 907, 
0, 743, 77, 257, 700, 644, 434, 
0, 496, 266, 159, 407, 
0, 968, 959, 384, 186, 36, 
0, 914, 685, 737, 1000, 142, 
0, 910, 894, 292, 94, 386, 
0, 777, 871, 474, 107, 797, 
0, 354, 522, 16, 48, 388, 
0, 230, 566, 821, 431, 312, 
0, 471, 621, 174, 514, 519, 
0, 622, 445, 261, 
0, 376, 970, 443, 998, 712, 771, 
0, 549, 367, 211, 70, 673, 
0, 473, 663, 913, 831, 358, 978, 
0, 495, 153, 34, 208, 908, 
0, 716, 169, 406, 890, 833, 84, 
0, 569, 976, 587, 130, 909, 
0, 816, 942, 393, 95, 96, 
0, 858, 501, 425, 805, 610, 
0, 577, 412, 851, 63, 802, 
0, 209, 365, 852, 357, 773, 
0, 375, 623, 89, 44, 450, 
0, 727, 866, 575, 582, 599, 417, 
0, 451, 19, 973, 591, 108, 319, 
0, 23, 832, 897, 488, 636, 
0, 275, 649, 659, 482, 
0, 958, 904, 85, 171, 310, 
0, 736, 296, 607, 603, 658, 507, 
0, 530, 73, 8, 157, 
0, 999, 285, 779, 161, 
0, 454, 427, 28, 864, 589, 
0, 115, 814, 662, 752, 311, 138, 
0, 955, 989, 572, 220, 479, 
0, 769, 848, 32, 986, 
0, 614, 421, 480, 753, 532, 
0, 57, 120, 812, 992, 624, 557, 
0, 661, 187, 691, 323, 502, 
0, 197, 631, 56, 945, 924, 951, 
0, 744, 117, 887, 705, 340, 
0, 936, 299, 231, 820, 881, 788, 
0, 348, 123, 457, 207, 
0, 150, 284, 824, 707, 799, 987, 
0, 426, 844, 361, 233, 
0, 47, 121, 206, 288, 899, 
0, 453, 528, 776, 977, 307, 
0, 140, 278, 282, 772, 
0, 103, 173, 683, 459, 193, 551, 
0, 68, 870, 439, 964, 579, 
0, 456, 363, 91, 
0, 170, 210, 419, 362, 698, 
0, 498, 675, 268, 
0, 199, 370, 267, 988, 460, 
0, 632, 350, 276, 990, 571, 105, 
0, 641, 919, 396, 790, 982, 
0, 947, 877, 260, 677, 
0, 902, 385, 432, 136, 
0, 562, 664, 13, 205, 27, 118, 
0, 494, 568, 971, 696, 97, 
0, 956, 139, 509, 592, 200, 24, 
0, 807, 608, 994, 81, 892, 
0, 645, 739, 93, 302, 
0, 651, 149, 883, 110, 874, 
0, 923, 570, 817, 823, 628, 
0, 957, 72, 796, 223, 83, 
0, 939, 690, 67, 378, 546, 
0, 749, 204, 327, 458, 347, 943, 
0, 868, 880, 178, 262, 59, 529, 
0, 360, 543, 853, 775, 755, 
0, 931, 600, 732, 64, 
0, 611, 704, 249, 190, 
0, 997, 710, 442, 366, 258, 
0, 229, 414, 791, 54, 301, 
0, 148, 724, 99, 433, 548, 
0, 111, 325, 576, 809, 785, 539, 
0, 133, 372, 650, 333, 795, 131, 
0, 504, 542, 444, 541, 905, 835, 
0, 740, 960, 341, 841, 793, 
0, 126, 336, 40, 555, 305, 179, 
0, 888, 573, 674, 511, 71, 
0, 521, 390, 373, 948, 859, 
0, 144, 31, 985, 842, 526, 
0, 398, 508, 364, 478, 656, 
