Solution: 194 239749.902000 297949.902000

0, 657, 975, 589, 125, 644, 
0, 223, 246, 212, 964, 390, 888, 
0, 296, 379, 998, 703, 857, 
0, 730, 71, 261, 225, 618, 
0, 611, 798, 795, 387, 774, 180, 
0, 846, 197, 610, 628, 508, 
0, 358, 325, 712, 207, 556, 
0, 324, 616, 910, 386, 828, 540, 
0, 568, 97, 825, 76, 28, 
0, 923, 602, 720, 61, 
0, 45, 440, 349, 419, 676, 
0, 688, 253, 752, 808, 874, 11, 
0, 918, 389, 842, 131, 
0, 19, 934, 554, 32, 883, 546, 
0, 297, 365, 318, 237, 722, 
0, 903, 303, 120, 73, 984, 
0, 633, 448, 281, 837, 34, 177, 
0, 588, 925, 906, 106, 421, 
0, 144, 7, 659, 866, 352, 216, 
0, 167, 118, 236, 372, 707, 
0, 954, 68, 782, 442, 222, 
0, 405, 510, 800, 625, 558, 
0, 640, 872, 174, 267, 965, 56, 533, 
0, 736, 302, 970, 777, 239, 
0, 876, 328, 376, 50, 173, 
0, 755, 801, 320, 30, 156, 
0, 853, 528, 413, 88, 93, 35, 
0, 829, 978, 210, 691, 171, 485, 
0, 950, 951, 911, 773, 424, 219, 
0, 22, 232, 770, 323, 626, 
0, 334, 595, 170, 963, 
0, 817, 203, 619, 248, 
0, 409, 585, 627, 922, 41, 701, 
0, 717, 375, 887, 87, 850, 
0, 436, 833, 36, 208, 564, 
0, 454, 42, 329, 665, 350, 938, 
0, 147, 69, 651, 555, 367, 
0, 609, 932, 380, 292, 205, 759, 259, 
0, 933, 470, 854, 692, 211, 
0, 968, 937, 18, 191, 966, 224, 
0, 458, 879, 319, 95, 89, 694, 
0, 729, 65, 361, 511, 166, 
0, 447, 187, 466, 605, 545, 
0, 898, 698, 282, 233, 636, 581, 
0, 631, 21, 971, 247, 571, 885, 
0, 434, 582, 673, 522, 445, 
0, 973, 124, 861, 639, 641, 
0, 946, 682, 749, 467, 278, 243, 
0, 905, 679, 979, 863, 377, 
0, 244, 285, 342, 908, 341, 
0, 858, 912, 401, 150, 381, 
0, 152, 284, 271, 986, 462, 
0, 107, 541, 416, 685, 977, 
0, 46, 803, 784, 624, 176, 
0, 974, 268, 763, 976, 312, 
0, 402, 543, 363, 745, 451, 453, 
0, 534, 408, 360, 438, 
0, 953, 821, 786, 494, 886, 967, 
0, 493, 836, 536, 483, 47, 
0, 249, 397, 138, 492, 705, 190, 
0, 344, 108, 155, 316, 86, 
0, 188, 787, 607, 175, 599, 
0, 843, 477, 418, 
0, 459, 368, 664, 151, 
0, 456, 987, 972, 496, 693, 
0, 109, 756, 168, 461, 740, 583, 
0, 788, 731, 497, 335, 532, 260, 
0, 400, 767, 355, 300, 590, 
0, 332, 433, 206, 761, 597, 
0, 862, 39, 251, 158, 
0, 526, 395, 994, 25, 783, 
0, 727, 958, 412, 435, 313, 945, 
0, 645, 726, 3, 8, 
0, 491, 687, 884, 100, 
0, 422, 184, 684, 507, 275, 
0, 13, 899, 12, 914, 719, 
0, 439, 333, 443, 464, 810, 604, 
0, 847, 162, 642, 601, 140, 
0, 622, 500, 119, 574, 469, 
0, 347, 928, 738, 274, 580, 
0, 593, 293, 916, 427, 504, 
0, 143, 142, 927, 875, 996, 
0, 122, 802, 563, 23, 192, 552, 
0, 873, 270, 154, 
0, 643, 14, 139, 255, 613, 
0, 250, 407, 520, 305, 747, 509, 
0, 229, 490, 939, 307, 
0, 172, 288, 812, 839, 43, 
0, 209, 690, 686, 446, 
0, 290, 392, 266, 539, 
0, 452, 116, 135, 716, 149, 646, 
0, 218, 503, 807, 202, 
0, 185, 915, 535, 614, 353, 663, 
0, 351, 816, 517, 524, 949, 
0, 200, 569, 805, 92, 
0, 99, 165, 298, 423, 815, 733, 
0, 480, 213, 283, 735, 9, 
0, 17, 869, 359, 29, 217, 654, 
0, 228, 776, 809, 317, 502, 
0, 245, 662, 907, 369, 696, 
0, 484, 820, 878, 214, 785, 985, 
0, 196, 370, 632, 570, 404, 947, 
0, 723, 299, 608, 655, 824, 
0, 498, 591, 841, 849, 54, 753, 
0, 598, 399, 15, 830, 415, 638, 
0, 637, 289, 98, 301, 
0, 515, 775, 748, 306, 
0, 813, 921, 146, 234, 
0, 194, 890, 823, 486, 778, 
0, 889, 980, 487, 346, 892, 
0, 279, 634, 66, 57, 269, 
0, 5, 94, 70, 103, 77, 
0, 429, 721, 148, 326, 855, 
0, 465, 746, 542, 488, 
0, 178, 2, 472, 489, 840, 814, 
0, 33, 478, 83, 565, 426, 308, 
0, 277, 649, 238, 799, 955, 
0, 902, 772, 428, 806, 62, 136, 
0, 6, 600, 672, 666, 132, 114, 
0, 252, 117, 709, 127, 
0, 457, 468, 432, 867, 592, 713, 
0, 635, 718, 450, 530, 512, 936, 
0, 141, 832, 929, 779, 989, 
0, 112, 195, 838, 757, 471, 
0, 710, 724, 669, 766, 410, 161, 
0, 553, 835, 880, 169, 848, 
0, 80, 683, 573, 123, 60, 
0, 309, 865, 385, 575, 91, 
0, 919, 741, 529, 702, 990, 689, 
0, 674, 961, 831, 348, 186, 
0, 797, 364, 762, 24, 586, 145, 
0, 374, 699, 181, 340, 704, 
0, 743, 4, 437, 550, 
0, 732, 113, 371, 750, 495, 
0, 648, 794, 959, 962, 789, 
0, 501, 221, 331, 276, 
0, 128, 904, 780, 265, 793, 561, 
0, 881, 373, 396, 920, 
0, 952, 525, 845, 728, 894, 981, 
0, 37, 26, 258, 336, 896, 834, 
0, 650, 1, 677, 85, 
0, 827, 82, 159, 294, 882, 
0, 942, 924, 366, 444, 566, 
0, 930, 304, 960, 183, 
0, 754, 992, 220, 48, 330, 
0, 499, 811, 482, 695, 897, 
0, 384, 286, 
0, 241, 516, 356, 844, 871, 656, 
0, 997, 700, 63, 479, 606, 941, 
0, 513, 661, 130, 58, 559, 49, 
0, 519, 671, 84, 760, 
0, 891, 629, 455, 129, 295, 
0, 697, 562, 291, 394, 
0, 680, 204, 287, 338, 544, 
0, 521, 948, 215, 90, 160, 
0, 917, 273, 982, 391, 163, 
0, 549, 630, 944, 59, 199, 
0, 417, 449, 791, 852, 551, 
0, 227, 382, 53, 667, 263, 
0, 96, 742, 51, 652, 406, 193, 
0, 31, 804, 572, 398, 481, 587, 
0, 956, 660, 957, 819, 620, 
0, 315, 818, 182, 388, 38, 
0, 943, 337, 870, 264, 670, 895, 
0, 860, 893, 79, 198, 27, 744, 
0, 52, 999, 790, 16, 75, 
0, 314, 678, 681, 1000, 272, 
0, 706, 164, 327, 20, 822, 78, 
0, 473, 621, 64, 414, 557, 
0, 725, 567, 969, 826, 343, 
0, 115, 242, 864, 751, 
0, 475, 189, 901, 362, 393, 
0, 995, 548, 420, 675, 231, 
0, 474, 612, 157, 311, 851, 
0, 257, 72, 403, 441, 
0, 81, 758, 523, 105, 153, 
0, 737, 354, 280, 988, 101, 67, 
0, 615, 578, 425, 40, 877, 
0, 538, 900, 647, 240, 868, 235, 
0, 121, 527, 254, 505, 179, 
0, 137, 547, 983, 734, 321, 531, 
0, 579, 859, 577, 584, 796, 771, 
0, 560, 768, 357, 518, 10, 926, 
0, 431, 913, 993, 262, 653, 
0, 383, 792, 714, 708, 781, 126, 
0, 463, 345, 460, 909, 769, 
0, 940, 55, 476, 935, 856, 
0, 711, 576, 596, 230, 411, 
0, 111, 339, 256, 739, 537, 310, 
0, 658, 506, 134, 104, 594, 322, 
0, 102, 765, 603, 201, 110, 931, 
0, 378, 623, 991, 44, 226, 
0, 715, 764, 617, 74, 
0, 133, 430, 668, 514, 
