Solution: 195 242563.580000 301063.580000

0, 953, 821, 948, 233, 796, 230, 
0, 974, 268, 763, 619, 312, 
0, 515, 282, 287, 751, 224, 
0, 480, 525, 963, 140, 
0, 609, 932, 380, 292, 205, 259, 
0, 315, 818, 150, 381, 239, 
0, 109, 756, 168, 461, 331, 310, 
0, 246, 212, 964, 390, 888, 
0, 463, 300, 286, 
0, 529, 569, 805, 716, 131, 
0, 431, 73, 36, 208, 897, 
0, 968, 242, 864, 105, 153, 
0, 178, 46, 972, 966, 481, 
0, 345, 772, 460, 59, 789, 
0, 378, 623, 991, 44, 453, 
0, 454, 80, 470, 854, 639, 848, 
0, 194, 915, 535, 614, 550, 173, 
0, 649, 52, 999, 106, 559, 49, 
0, 13, 97, 825, 76, 693, 
0, 723, 299, 447, 655, 696, 824, 
0, 954, 42, 698, 476, 935, 856, 
0, 121, 358, 254, 505, 179, 
0, 81, 758, 642, 517, 524, 
0, 185, 726, 775, 319, 
0, 743, 576, 596, 338, 411, 
0, 658, 21, 280, 988, 571, 101, 
0, 82, 26, 258, 50, 377, 544, 
0, 521, 940, 853, 398, 528, 587, 
0, 452, 152, 284, 343, 532, 908, 
0, 736, 165, 691, 367, 171, 485, 
0, 633, 933, 281, 837, 34, 177, 
0, 501, 221, 651, 546, 936, 
0, 788, 741, 990, 702, 149, 646, 
0, 943, 117, 709, 127, 
0, 196, 370, 800, 625, 558, 
0, 640, 210, 298, 423, 652, 733, 
0, 905, 94, 979, 863, 896, 
0, 137, 478, 83, 734, 321, 260, 
0, 553, 835, 880, 169, 9, 
0, 314, 678, 710, 202, 272, 
0, 832, 929, 416, 471, 
0, 223, 647, 266, 551, 
0, 631, 134, 971, 594, 104, 885, 
0, 519, 671, 84, 151, 
0, 484, 820, 878, 98, 301, 
0, 115, 2, 962, 823, 822, 78, 
0, 496, 721, 403, 620, 977, 
0, 764, 865, 617, 74, 
0, 273, 982, 391, 606, 656, 
0, 429, 344, 685, 201, 
0, 983, 33, 271, 335, 781, 
0, 862, 39, 251, 394, 
0, 7, 527, 607, 175, 216, 
0, 918, 389, 124, 769, 
0, 144, 582, 673, 536, 483, 
0, 37, 55, 523, 494, 886, 636, 
0, 218, 440, 349, 419, 590, 
0, 554, 934, 32, 883, 815, 
0, 229, 937, 139, 255, 965, 
0, 997, 700, 63, 479, 446, 
0, 475, 650, 1, 445, 877, 226, 
0, 547, 731, 608, 714, 792, 531, 
0, 568, 72, 589, 125, 855, 
0, 860, 893, 79, 595, 198, 27, 
0, 995, 548, 420, 51, 320, 
0, 250, 407, 520, 305, 
0, 227, 382, 890, 489, 353, 814, 
0, 725, 567, 510, 369, 747, 
0, 730, 71, 261, 225, 677, 
0, 456, 804, 333, 487, 760, 644, 
0, 379, 884, 998, 703, 857, 
0, 674, 831, 705, 922, 348, 
0, 881, 373, 939, 667, 263, 
0, 65, 441, 318, 237, 722, 
0, 17, 869, 359, 29, 217, 654, 
0, 31, 293, 916, 770, 323, 783, 
0, 846, 197, 610, 90, 28, 295, 
0, 417, 506, 430, 514, 67, 
0, 645, 354, 120, 777, 385, 
0, 473, 621, 170, 414, 
0, 96, 742, 675, 274, 580, 
0, 843, 477, 418, 
0, 538, 767, 355, 53, 306, 
0, 409, 690, 941, 570, 404, 947, 
0, 99, 923, 602, 61, 
0, 290, 392, 413, 291, 
0, 422, 184, 684, 507, 955, 
0, 122, 802, 666, 530, 512, 132, 
0, 279, 648, 3, 486, 
0, 249, 397, 585, 627, 41, 753, 
0, 133, 845, 442, 557, 581, 
0, 457, 468, 432, 592, 867, 
0, 383, 497, 708, 986, 462, 126, 
0, 277, 562, 799, 920, 183, 
0, 876, 159, 294, 909, 882, 
0, 220, 992, 48, 555, 219, 
0, 128, 904, 780, 240, 868, 341, 
0, 643, 302, 970, 247, 744, 
0, 817, 203, 248, 984, 
0, 228, 565, 342, 426, 317, 
0, 167, 118, 362, 779, 989, 
0, 238, 872, 174, 267, 275, 
0, 5, 634, 745, 346, 892, 
0, 534, 408, 85, 
0, 776, 768, 809, 412, 488, 
0, 919, 116, 969, 689, 826, 186, 
0, 873, 270, 154, 
0, 578, 836, 624, 176, 47, 
0, 950, 615, 425, 720, 522, 618, 
0, 472, 543, 363, 451, 539, 
0, 172, 288, 812, 773, 192, 
0, 449, 549, 791, 427, 199, 
0, 112, 195, 838, 372, 707, 
0, 241, 516, 356, 844, 92, 
0, 946, 682, 749, 384, 278, 243, 
0, 257, 325, 537, 599, 352, 
0, 727, 958, 357, 518, 676, 
0, 245, 662, 138, 759, 
0, 898, 188, 787, 340, 160, 
0, 147, 69, 739, 563, 23, 552, 
0, 297, 365, 148, 276, 
0, 816, 401, 64, 123, 949, 
0, 402, 754, 712, 207, 556, 704, 
0, 19, 209, 632, 163, 871, 
0, 141, 711, 679, 665, 57, 308, 
0, 942, 833, 993, 262, 
0, 579, 786, 215, 508, 330, 
0, 6, 600, 672, 450, 839, 193, 
0, 459, 368, 664, 438, 
0, 829, 978, 14, 307, 
0, 611, 187, 466, 605, 545, 509, 
0, 973, 448, 976, 692, 211, 
0, 102, 68, 782, 222, 77, 
0, 697, 887, 960, 158, 
0, 593, 4, 959, 437, 269, 
0, 956, 189, 901, 819, 393, 
0, 657, 975, 12, 628, 326, 
0, 813, 811, 686, 564, 653, 
0, 332, 433, 206, 806, 
0, 794, 22, 232, 852, 504, 
0, 899, 108, 155, 316, 86, 
0, 952, 987, 572, 88, 93, 35, 
0, 328, 630, 861, 735, 834, 
0, 737, 687, 296, 87, 850, 
0, 930, 304, 180, 774, 56, 533, 
0, 107, 541, 757, 236, 360, 
0, 680, 204, 66, 8, 
0, 598, 399, 410, 766, 910, 540, 
0, 436, 924, 366, 444, 566, 
0, 405, 961, 492, 907, 190, 
0, 374, 699, 181, 914, 719, 
0, 560, 200, 135, 10, 926, 62, 
0, 143, 142, 927, 875, 996, 43, 
0, 491, 337, 870, 264, 670, 895, 
0, 797, 364, 762, 24, 586, 145, 
0, 474, 612, 157, 311, 851, 
0, 324, 681, 669, 386, 828, 235, 
0, 755, 801, 396, 89, 694, 
0, 400, 900, 100, 265, 793, 561, 
0, 827, 503, 807, 336, 626, 
0, 111, 339, 911, 256, 424, 75, 
0, 513, 661, 130, 58, 387, 795, 
0, 729, 660, 957, 388, 182, 38, 
0, 347, 928, 738, 214, 785, 985, 
0, 717, 798, 375, 467, 421, 114, 
0, 334, 511, 361, 166, 
0, 903, 765, 603, 110, 931, 
0, 688, 253, 752, 808, 874, 11, 
0, 309, 162, 601, 967, 91, 
0, 490, 303, 573, 668, 322, 
0, 493, 803, 784, 40, 663, 
0, 659, 18, 866, 191, 810, 
0, 732, 113, 371, 750, 16, 713, 
0, 858, 283, 994, 25, 641, 60, 
0, 917, 921, 482, 695, 
0, 951, 434, 740, 583, 
0, 351, 428, 761, 435, 
0, 637, 289, 231, 
0, 45, 902, 724, 1000, 502, 136, 
0, 635, 718, 790, 406, 495, 
0, 889, 980, 443, 464, 604, 
0, 458, 879, 748, 95, 778, 
0, 891, 629, 455, 129, 161, 
0, 499, 913, 146, 234, 
0, 498, 591, 841, 849, 54, 701, 
0, 715, 859, 577, 584, 575, 771, 
0, 465, 746, 542, 469, 
0, 244, 285, 119, 574, 313, 945, 
0, 252, 616, 15, 830, 415, 638, 
0, 588, 925, 906, 30, 156, 
0, 439, 329, 70, 103, 350, 938, 
0, 706, 164, 327, 20, 840, 613, 
0, 847, 912, 683, 728, 894, 981, 
0, 526, 395, 376, 944, 
0, 622, 500, 213, 842, 597, 
