Solution: 198 242291.266000 301691.266000

0, 86, 641, 468, 338, 519, 
0, 923, 929, 432, 134, 436, 
0, 998, 281, 
0, 255, 79, 314, 735, 143, 
0, 461, 648, 261, 
0, 855, 996, 475, 94, 860, 
0, 623, 679, 64, 
0, 778, 122, 2, 792, 991, 
0, 858, 128, 573, 514, 263, 
0, 540, 293, 437, 763, 579, 
0, 552, 846, 889, 233, 908, 
0, 343, 734, 920, 405, 731, 
0, 902, 452, 728, 62, 65, 
0, 786, 424, 457, 207, 
0, 372, 78, 616, 774, 818, 
0, 176, 824, 683, 849, 43, 
0, 997, 710, 442, 366, 258, 
0, 661, 520, 857, 67, 378, 
0, 516, 1, 253, 448, 347, 943, 
0, 953, 600, 750, 227, 556, 228, 
0, 443, 664, 411, 237, 875, 339, 
0, 279, 181, 18, 890, 833, 84, 
0, 129, 464, 837, 127, 147, 
0, 164, 160, 438, 310, 92, 
0, 248, 400, 444, 658, 507, 
0, 242, 1000, 88, 793, 656, 
0, 530, 587, 700, 644, 434, 
0, 275, 548, 659, 301, 
0, 702, 811, 657, 808, 389, 
0, 888, 789, 760, 482, 
0, 995, 415, 680, 672, 138, 118, 
0, 504, 542, 985, 541, 
0, 486, 694, 503, 274, 240, 
0, 498, 675, 819, 550, 
0, 954, 173, 459, 753, 
0, 250, 121, 712, 206, 
0, 510, 299, 183, 788, 383, 320, 
0, 125, 354, 252, 225, 596, 349, 
0, 521, 608, 747, 961, 637, 
0, 3, 332, 440, 462, 822, 602, 
0, 126, 336, 294, 787, 193, 551, 
0, 505, 739, 93, 783, 
0, 273, 564, 236, 178, 297, 
0, 925, 385, 823, 703, 655, 
0, 467, 944, 46, 536, 850, 825, 
0, 744, 117, 887, 705, 161, 
0, 867, 898, 469, 259, 416, 
0, 642, 12, 419, 362, 698, 
0, 921, 501, 425, 805, 71, 
0, 326, 390, 373, 948, 625, 
0, 765, 313, 221, 500, 216, 
0, 704, 286, 714, 708, 287, 
0, 345, 666, 934, 214, 238, 578, 
0, 950, 371, 283, 391, 302, 
0, 148, 99, 686, 69, 458, 60, 
0, 534, 912, 351, 544, 588, 
0, 586, 916, 52, 340, 28, 
0, 494, 568, 852, 346, 188, 
0, 151, 4, 50, 885, 533, 305, 
0, 569, 976, 130, 499, 
0, 738, 748, 723, 711, 55, 951, 
0, 269, 758, 606, 179, 
0, 454, 466, 427, 589, 874, 
0, 209, 631, 56, 357, 773, 
0, 810, 298, 264, 977, 307, 
0, 115, 614, 580, 732, 39, 618, 
0, 318, 629, 983, 581, 476, 387, 
0, 868, 37, 249, 163, 
0, 609, 938, 377, 104, 
0, 331, 428, 213, 854, 594, 646, 
0, 449, 158, 280, 992, 696, 907, 
0, 230, 740, 241, 746, 317, 526, 
0, 81, 770, 964, 223, 636, 
0, 150, 149, 926, 61, 706, 51, 
0, 635, 730, 447, 525, 14, 726, 
0, 549, 367, 211, 70, 673, 
0, 749, 198, 215, 429, 83, 
0, 116, 538, 410, 692, 895, 
0, 766, 882, 813, 886, 175, 481, 
0, 375, 815, 798, 180, 532, 
0, 446, 866, 593, 335, 539, 
0, 68, 870, 174, 674, 511, 
0, 891, 880, 262, 502, 
0, 45, 721, 676, 688, 497, 
0, 984, 737, 341, 780, 403, 166, 
0, 17, 940, 554, 30, 654, 492, 
0, 247, 392, 962, 930, 42, 764, 
0, 185, 911, 10, 627, 324, 
0, 865, 350, 396, 790, 610, 
0, 958, 663, 913, 831, 620, 
0, 172, 601, 8, 157, 
0, 939, 776, 862, 212, 
0, 693, 270, 66, 604, 879, 
0, 368, 709, 836, 82, 291, 
0, 380, 399, 267, 102, 
0, 729, 598, 190, 928, 7, 
0, 724, 980, 784, 374, 404, 
0, 577, 412, 807, 803, 423, 797, 
0, 900, 800, 439, 407, 982, 
0, 451, 990, 973, 591, 108, 319, 
0, 999, 285, 779, 633, 
0, 957, 325, 576, 582, 235, 909, 
0, 869, 871, 994, 5, 859, 
0, 597, 222, 420, 194, 
0, 23, 832, 906, 741, 417, 
0, 617, 435, 75, 613, 535, 553, 
0, 742, 528, 474, 575, 599, 785, 
0, 647, 615, 918, 382, 839, 537, 
0, 562, 394, 13, 841, 205, 27, 
0, 169, 204, 720, 165, 585, 
0, 927, 120, 971, 804, 795, 131, 
0, 727, 777, 58, 809, 38, 
0, 137, 722, 352, 856, 97, 660, 
0, 453, 816, 981, 483, 643, 
0, 348, 759, 821, 892, 
0, 736, 296, 718, 333, 527, 
0, 522, 322, 752, 555, 219, 
0, 243, 668, 145, 771, 
0, 689, 761, 465, 946, 59, 529, 
0, 284, 751, 687, 707, 799, 987, 
0, 20, 232, 256, 334, 845, 
0, 829, 848, 246, 986, 
0, 87, 968, 384, 186, 36, 
0, 395, 781, 545, 414, 684, 
0, 471, 621, 25, 571, 105, 
0, 191, 408, 801, 26, 182, 
0, 154, 74, 653, 565, 311, 
0, 144, 31, 650, 842, 
0, 652, 670, 725, 337, 713, 
0, 645, 884, 123, 574, 308, 949, 
0, 472, 493, 506, 48, 388, 
0, 843, 935, 418, 470, 
0, 309, 830, 972, 245, 896, 
0, 931, 681, 421, 480, 49, 
0, 113, 146, 762, 682, 271, 768, 
0, 495, 932, 361, 441, 628, 
0, 321, 685, 140, 268, 
0, 304, 356, 34, 208, 567, 
0, 473, 904, 85, 509, 171, 
0, 649, 942, 572, 220, 479, 
0, 103, 814, 662, 16, 966, 226, 
0, 611, 189, 607, 806, 603, 835, 
0, 133, 782, 515, 431, 484, 
0, 743, 77, 257, 91, 
0, 229, 622, 791, 54, 100, 701, 
0, 195, 531, 35, 315, 
0, 15, 80, 719, 132, 
0, 111, 196, 767, 234, 355, 
0, 873, 517, 300, 478, 
0, 455, 697, 945, 924, 168, 
0, 914, 828, 124, 156, 546, 
0, 360, 543, 853, 775, 755, 
0, 477, 919, 690, 639, 90, 
0, 975, 769, 32, 101, 952, 
0, 463, 570, 817, 155, 491, 
0, 218, 490, 290, 
0, 910, 381, 386, 899, 
0, 170, 369, 893, 826, 733, 
0, 379, 445, 901, 834, 
0, 197, 365, 812, 624, 557, 
0, 716, 187, 691, 323, 98, 33, 
0, 630, 19, 276, 22, 584, 152, 
0, 106, 456, 73, 363, 44, 450, 
0, 489, 167, 488, 897, 967, 
0, 47, 210, 612, 162, 306, 941, 
0, 402, 583, 626, 917, 715, 192, 
0, 947, 877, 260, 677, 
0, 651, 53, 883, 864, 110, 
0, 487, 847, 89, 772, 328, 
0, 754, 359, 671, 757, 265, 
0, 398, 508, 401, 988, 460, 
0, 29, 547, 851, 63, 802, 177, 
0, 139, 959, 358, 202, 978, 
0, 426, 844, 153, 136, 
0, 40, 430, 878, 330, 21, 
0, 632, 203, 277, 619, 699, 
0, 57, 199, 370, 838, 364, 905, 
0, 224, 244, 965, 288, 
0, 936, 667, 231, 820, 881, 9, 
0, 353, 960, 566, 422, 312, 
0, 915, 634, 756, 344, 903, 
0, 239, 513, 524, 342, 142, 
0, 560, 695, 827, 251, 135, 559, 
0, 11, 112, 397, 114, 937, 
0, 292, 376, 894, 970, 413, 
0, 969, 278, 282, 109, 303, 
0, 840, 979, 872, 76, 316, 745, 
0, 558, 295, 993, 665, 717, 
0, 595, 876, 794, 409, 217, 563, 
0, 956, 72, 796, 592, 200, 24, 
0, 496, 266, 159, 
0, 561, 201, 141, 6, 933, 41, 
0, 955, 989, 393, 485, 605, 
0, 184, 974, 406, 95, 96, 
0, 518, 861, 523, 678, 272, 
0, 590, 289, 922, 433, 669, 
0, 638, 119, 640, 327, 107, 863, 
0, 512, 329, 963, 254, 
