Solution: 193 239351.924000 297251.924000

0, 122, 339, 651, 555, 537, 310, 
0, 847, 924, 833, 73, 984, 
0, 715, 549, 770, 962, 587, 
0, 250, 407, 520, 747, 714, 
0, 662, 397, 138, 265, 857, 
0, 674, 969, 689, 826, 369, 186, 
0, 452, 152, 284, 343, 532, 260, 
0, 52, 999, 156, 291, 
0, 609, 932, 380, 292, 205, 759, 
0, 588, 468, 925, 320, 30, 694, 
0, 794, 22, 232, 852, 323, 411, 
0, 128, 768, 809, 317, 502, 62, 
0, 228, 565, 435, 412, 926, 945, 
0, 817, 203, 619, 248, 
0, 223, 212, 964, 278, 243, 114, 
0, 447, 187, 466, 605, 545, 
0, 553, 835, 880, 169, 9, 
0, 484, 113, 371, 16, 75, 11, 
0, 315, 818, 182, 388, 38, 
0, 526, 395, 376, 769, 
0, 736, 660, 957, 819, 977, 
0, 324, 710, 678, 202, 272, 
0, 593, 4, 959, 550, 504, 
0, 194, 46, 398, 528, 481, 
0, 344, 108, 155, 316, 86, 
0, 611, 682, 379, 998, 703, 259, 
0, 802, 659, 18, 352, 693, 
0, 650, 72, 261, 225, 522, 
0, 332, 433, 213, 842, 597, 
0, 82, 525, 845, 728, 894, 981, 
0, 889, 980, 610, 77, 
0, 903, 302, 970, 24, 586, 145, 
0, 229, 490, 939, 307, 
0, 454, 5, 439, 443, 464, 604, 
0, 942, 436, 366, 234, 
0, 133, 971, 247, 571, 885, 
0, 729, 65, 864, 442, 963, 581, 
0, 983, 478, 83, 342, 908, 386, 
0, 107, 42, 577, 584, 796, 230, 
0, 7, 527, 607, 175, 
0, 554, 934, 32, 652, 815, 485, 
0, 383, 271, 335, 781, 126, 
0, 422, 184, 684, 507, 613, 
0, 919, 116, 800, 10, 131, 
0, 730, 1, 677, 85, 160, 
0, 953, 821, 786, 935, 575, 771, 
0, 515, 890, 472, 95, 89, 
0, 459, 368, 40, 295, 
0, 474, 14, 139, 255, 
0, 534, 408, 664, 151, 
0, 723, 299, 608, 655, 696, 824, 
0, 431, 913, 993, 444, 566, 
0, 923, 602, 720, 61, 
0, 968, 282, 287, 338, 
0, 737, 197, 215, 90, 179, 
0, 111, 615, 434, 773, 192, 618, 
0, 143, 820, 878, 106, 592, 713, 
0, 465, 529, 163, 871, 656, 
0, 496, 189, 901, 620, 362, 
0, 165, 298, 423, 367, 691, 
0, 172, 288, 812, 839, 193, 
0, 513, 661, 130, 58, 559, 49, 
0, 813, 921, 811, 564, 653, 
0, 879, 290, 286, 
0, 96, 742, 51, 406, 495, 
0, 727, 776, 357, 518, 868, 341, 
0, 717, 798, 394, 795, 387, 180, 
0, 918, 389, 482, 695, 848, 
0, 102, 204, 329, 70, 437, 269, 
0, 245, 249, 305, 792, 321, 
0, 797, 754, 712, 207, 556, 704, 
0, 843, 477, 418, 850, 
0, 887, 893, 79, 595, 198, 27, 
0, 429, 603, 181, 28, 
0, 188, 787, 220, 505, 216, 
0, 309, 162, 967, 105, 91, 
0, 252, 117, 709, 127, 793, 561, 
0, 658, 948, 523, 494, 886, 856, 
0, 547, 33, 734, 426, 540, 
0, 633, 448, 281, 837, 34, 177, 
0, 279, 648, 3, 486, 
0, 498, 591, 492, 907, 41, 
0, 858, 303, 573, 668, 514, 
0, 457, 562, 238, 174, 955, 
0, 227, 382, 53, 306, 667, 
0, 144, 582, 673, 536, 483, 
0, 576, 859, 596, 336, 896, 
0, 568, 975, 589, 125, 855, 
0, 392, 643, 413, 8, 
0, 743, 94, 979, 863, 377, 
0, 598, 904, 780, 638, 415, 235, 
0, 37, 26, 258, 735, 639, 25, 
0, 951, 911, 563, 219, 936, 
0, 898, 884, 246, 100, 
0, 81, 758, 476, 233, 544, 
0, 862, 39, 251, 183, 
0, 873, 270, 154, 414, 
0, 297, 365, 318, 628, 224, 
0, 997, 690, 479, 63, 446, 
0, 277, 649, 799, 432, 275, 
0, 631, 21, 134, 594, 104, 322, 
0, 137, 731, 497, 708, 986, 462, 
0, 930, 304, 960, 158, 
0, 946, 749, 375, 467, 421, 
0, 147, 69, 266, 539, 
0, 493, 425, 671, 331, 583, 
0, 45, 902, 724, 766, 410, 161, 
0, 755, 906, 790, 580, 43, 
0, 491, 687, 296, 384, 390, 888, 
0, 200, 135, 982, 391, 606, 941, 
0, 521, 987, 572, 88, 93, 35, 
0, 560, 958, 428, 761, 806, 
0, 732, 274, 675, 750, 996, 
0, 17, 869, 359, 29, 217, 654, 
0, 974, 440, 349, 419, 676, 
0, 917, 569, 805, 716, 149, 
0, 846, 354, 401, 150, 381, 239, 
0, 657, 825, 97, 340, 599, 
0, 635, 548, 450, 420, 231, 
0, 71, 765, 685, 779, 989, 
0, 905, 634, 745, 451, 308, 
0, 328, 630, 944, 59, 199, 
0, 500, 876, 460, 206, 
0, 210, 612, 157, 311, 851, 
0, 933, 763, 470, 692, 211, 
0, 473, 621, 170, 762, 744, 
0, 121, 358, 254, 866, 966, 
0, 578, 836, 84, 707, 438, 
0, 499, 146, 36, 208, 897, 
0, 995, 718, 672, 666, 883, 546, 
0, 680, 541, 757, 372, 276, 
0, 196, 370, 632, 570, 404, 947, 
0, 99, 756, 168, 461, 740, 552, 
0, 860, 142, 927, 875, 867, 
0, 185, 726, 300, 469, 778, 
0, 829, 978, 801, 171, 733, 
0, 347, 928, 738, 214, 785, 985, 
0, 402, 543, 363, 665, 350, 938, 
0, 832, 929, 416, 471, 
0, 827, 912, 683, 64, 949, 
0, 417, 115, 2, 614, 346, 892, 
0, 637, 289, 98, 301, 
0, 915, 698, 55, 636, 103, 783, 
0, 364, 280, 988, 101, 67, 
0, 458, 622, 87, 
0, 244, 285, 119, 574, 313, 
0, 378, 623, 991, 44, 453, 
0, 409, 585, 627, 922, 705, 190, 
0, 538, 900, 647, 240, 590, 
0, 950, 519, 992, 48, 330, 
0, 940, 937, 972, 191, 810, 644, 
0, 943, 337, 870, 264, 670, 895, 
0, 891, 629, 455, 129, 646, 
0, 257, 325, 877, 445, 226, 
0, 952, 506, 430, 777, 557, 
0, 19, 209, 849, 54, 701, 753, 
0, 503, 807, 791, 626, 551, 
0, 725, 567, 841, 510, 531, 
0, 314, 746, 542, 488, 
0, 80, 861, 854, 517, 524, 
0, 881, 373, 396, 920, 263, 
0, 273, 700, 686, 262, 
0, 973, 124, 642, 601, 140, 385, 
0, 640, 697, 872, 267, 965, 56, 533, 
0, 112, 195, 838, 236, 360, 
0, 706, 164, 327, 20, 822, 78, 
0, 405, 961, 831, 348, 509, 
0, 141, 711, 679, 66, 353, 663, 
0, 167, 118, 201, 110, 931, 
0, 475, 334, 511, 361, 166, 
0, 13, 899, 12, 914, 719, 
0, 788, 741, 990, 702, 625, 558, 
0, 351, 159, 294, 909, 882, 
0, 399, 616, 15, 830, 828, 910, 
0, 764, 865, 617, 74, 834, 
0, 956, 721, 403, 441, 393, 
0, 853, 178, 535, 489, 840, 814, 
0, 50, 242, 751, 760, 
0, 345, 772, 268, 123, 153, 
0, 400, 767, 681, 669, 1000, 136, 
0, 31, 803, 784, 624, 176, 47, 
0, 241, 516, 356, 844, 92, 
0, 463, 355, 775, 319, 
0, 374, 699, 76, 148, 508, 
0, 579, 293, 916, 427, 789, 173, 
0, 109, 501, 256, 739, 424, 23, 
0, 6, 600, 221, 530, 512, 132, 
0, 456, 804, 333, 487, 326, 57, 
0, 688, 253, 752, 808, 874, 774, 
0, 480, 283, 994, 641, 60, 
0, 954, 68, 782, 222, 237, 722, 
0, 645, 816, 120, 976, 312, 
0, 218, 449, 823, 748, 
