Solution: 193 239594.726000 297494.726000

0, 643, 302, 24, 728, 668, 
0, 764, 865, 617, 74, 
0, 144, 543, 363, 665, 451, 453, 
0, 598, 869, 359, 15, 217, 654, 
0, 968, 940, 853, 528, 840, 814, 
0, 107, 948, 476, 935, 105, 385, 
0, 715, 576, 770, 863, 377, 834, 
0, 111, 615, 434, 93, 35, 
0, 351, 119, 460, 59, 153, 411, 
0, 133, 401, 64, 123, 949, 
0, 951, 911, 651, 23, 618, 
0, 364, 280, 988, 101, 67, 
0, 827, 82, 94, 70, 323, 626, 
0, 249, 397, 138, 492, 190, 
0, 52, 999, 156, 291, 
0, 658, 660, 901, 819, 362, 
0, 903, 339, 739, 563, 219, 
0, 409, 585, 627, 907, 41, 54, 
0, 473, 621, 170, 381, 239, 
0, 194, 472, 535, 614, 353, 295, 
0, 218, 449, 503, 427, 199, 
0, 96, 221, 256, 773, 192, 552, 
0, 121, 358, 254, 505, 179, 
0, 588, 165, 691, 367, 171, 
0, 917, 569, 529, 149, 908, 
0, 400, 900, 355, 419, 590, 
0, 879, 242, 864, 154, 
0, 648, 439, 329, 103, 350, 938, 
0, 923, 602, 61, 207, 556, 
0, 674, 961, 831, 348, 186, 
0, 526, 283, 994, 25, 783, 
0, 347, 928, 738, 214, 785, 985, 
0, 729, 765, 118, 757, 236, 
0, 383, 497, 83, 734, 532, 
0, 881, 373, 939, 278, 243, 
0, 81, 758, 523, 222, 326, 
0, 392, 496, 18, 352, 693, 936, 
0, 332, 433, 206, 761, 
0, 737, 197, 610, 628, 77, 
0, 314, 678, 710, 1000, 272, 
0, 973, 389, 213, 842, 597, 646, 
0, 124, 816, 573, 517, 967, 
0, 956, 893, 79, 361, 166, 
0, 80, 642, 639, 641, 60, 
0, 452, 152, 284, 826, 343, 540, 
0, 954, 68, 782, 442, 414, 557, 
0, 640, 697, 960, 183, 
0, 736, 14, 139, 255, 613, 
0, 7, 527, 607, 175, 
0, 843, 477, 418, 
0, 680, 204, 287, 233, 544, 
0, 829, 978, 906, 51, 996, 733, 
0, 172, 288, 812, 424, 132, 
0, 402, 436, 924, 366, 444, 566, 
0, 456, 804, 980, 487, 760, 224, 
0, 743, 634, 745, 346, 892, 
0, 876, 159, 294, 909, 882, 
0, 645, 912, 683, 976, 312, 
0, 788, 608, 447, 655, 696, 824, 
0, 541, 276, 151, 
0, 950, 519, 673, 720, 522, 445, 
0, 547, 187, 466, 605, 714, 260, 
0, 252, 117, 709, 127, 
0, 309, 162, 601, 140, 
0, 102, 459, 408, 84, 677, 877, 
0, 578, 836, 624, 176, 47, 
0, 210, 298, 423, 652, 815, 485, 
0, 755, 801, 432, 867, 
0, 633, 448, 281, 837, 34, 177, 
0, 399, 616, 240, 638, 415, 235, 
0, 109, 501, 325, 555, 537, 
0, 538, 767, 53, 306, 667, 
0, 858, 303, 120, 777, 524, 
0, 465, 629, 716, 131, 
0, 42, 698, 55, 636, 581, 
0, 147, 69, 266, 539, 
0, 143, 820, 878, 406, 231, 
0, 534, 425, 536, 483, 
0, 930, 304, 387, 180, 56, 533, 
0, 873, 270, 751, 508, 
0, 918, 833, 73, 984, 514, 
0, 484, 113, 371, 750, 16, 75, 
0, 568, 368, 664, 110, 931, 
0, 31, 525, 845, 963, 894, 981, 
0, 22, 232, 258, 50, 173, 
0, 754, 992, 220, 48, 330, 
0, 344, 108, 155, 316, 86, 
0, 405, 510, 708, 986, 462, 
0, 178, 46, 398, 88, 89, 
0, 846, 5, 333, 443, 464, 604, 
0, 200, 135, 805, 10, 694, 
0, 706, 164, 327, 413, 481, 
0, 250, 407, 520, 305, 747, 509, 
0, 898, 480, 861, 854, 234, 
0, 290, 582, 671, 331, 310, 
0, 491, 687, 296, 87, 850, 
0, 952, 987, 572, 489, 822, 78, 
0, 457, 742, 675, 274, 43, 
0, 631, 21, 971, 247, 571, 885, 
0, 498, 591, 705, 922, 701, 753, 
0, 521, 20, 890, 823, 748, 
0, 609, 932, 380, 292, 205, 759, 259, 
0, 730, 1, 85, 825, 704, 
0, 688, 253, 752, 808, 874, 774, 
0, 379, 884, 998, 703, 857, 
0, 933, 763, 470, 692, 211, 
0, 245, 662, 369, 792, 321, 
0, 428, 746, 488, 574, 313, 
0, 417, 506, 430, 586, 145, 
0, 499, 811, 482, 695, 897, 
0, 196, 370, 632, 570, 404, 947, 
0, 637, 289, 98, 301, 
0, 378, 623, 991, 44, 707, 
0, 19, 209, 849, 969, 990, 689, 
0, 99, 756, 168, 461, 740, 583, 
0, 334, 511, 595, 198, 27, 
0, 794, 293, 916, 437, 269, 
0, 422, 184, 684, 507, 275, 
0, 919, 116, 800, 702, 625, 558, 
0, 431, 913, 993, 262, 
0, 315, 818, 970, 762, 744, 
0, 974, 500, 268, 150, 57, 
0, 515, 282, 796, 230, 91, 
0, 257, 71, 261, 225, 226, 
0, 45, 902, 342, 766, 830, 29, 
0, 554, 934, 32, 883, 546, 
0, 717, 375, 887, 396, 920, 
0, 635, 142, 927, 875, 106, 592, 
0, 513, 661, 130, 58, 559, 49, 
0, 429, 721, 620, 779, 989, 
0, 324, 681, 724, 386, 828, 910, 
0, 185, 847, 3, 8, 676, 
0, 611, 798, 394, 11, 795, 114, 
0, 277, 562, 238, 799, 263, 
0, 141, 711, 679, 66, 469, 
0, 493, 803, 784, 40, 663, 
0, 228, 776, 809, 317, 502, 136, 
0, 167, 603, 685, 201, 977, 
0, 593, 4, 959, 550, 504, 
0, 279, 549, 791, 852, 551, 
0, 17, 647, 726, 300, 868, 341, 
0, 26, 395, 376, 735, 9, 
0, 860, 872, 174, 267, 965, 955, 
0, 345, 772, 435, 412, 926, 945, 
0, 943, 337, 870, 264, 670, 895, 
0, 727, 958, 357, 518, 410, 161, 
0, 650, 72, 97, 148, 28, 
0, 946, 682, 749, 467, 421, 
0, 463, 244, 807, 338, 
0, 374, 699, 181, 76, 855, 
0, 223, 246, 212, 964, 390, 888, 
0, 813, 982, 686, 606, 656, 
0, 128, 904, 780, 265, 793, 561, 
0, 953, 821, 786, 494, 886, 856, 
0, 6, 600, 672, 790, 839, 193, 
0, 188, 787, 712, 340, 599, 
0, 732, 718, 450, 530, 512, 580, 
0, 832, 929, 416, 471, 
0, 862, 39, 251, 158, 
0, 458, 622, 100, 
0, 112, 195, 838, 372, 360, 
0, 560, 768, 565, 542, 806, 
0, 478, 33, 983, 545, 531, 
0, 723, 299, 731, 335, 781, 126, 
0, 942, 146, 36, 208, 564, 
0, 657, 975, 589, 125, 438, 
0, 700, 273, 63, 479, 653, 
0, 440, 285, 669, 349, 
0, 817, 203, 619, 248, 
0, 995, 548, 666, 420, 495, 
0, 725, 567, 841, 163, 871, 
0, 382, 775, 319, 486, 
0, 137, 741, 271, 426, 308, 
0, 891, 921, 455, 129, 62, 
0, 649, 468, 925, 320, 30, 713, 
0, 905, 979, 596, 336, 896, 
0, 328, 630, 944, 202, 769, 
0, 384, 286, 
0, 997, 690, 941, 391, 446, 
0, 553, 835, 880, 169, 848, 
0, 37, 889, 215, 90, 160, 
0, 915, 115, 2, 962, 789, 587, 
0, 474, 612, 157, 311, 851, 
0, 13, 899, 12, 914, 719, 
0, 454, 354, 134, 104, 594, 322, 
0, 475, 65, 403, 441, 393, 
0, 227, 937, 972, 191, 810, 644, 
0, 122, 802, 659, 866, 966, 216, 
0, 579, 859, 577, 584, 575, 771, 
0, 297, 365, 318, 237, 722, 
0, 241, 516, 356, 844, 92, 
0, 490, 229, 307, 95, 778, 
0, 797, 189, 957, 388, 182, 38, 
