Solution: 194 237493.746000 295693.746000

0, 166, 121, 5, 783, 990, 
0, 381, 279, 828, 365, 720, 
0, 266, 677, 669, 511, 726, 
0, 733, 6, 329, 441, 459, 604, 
0, 148, 822, 883, 702, 995, 
0, 723, 373, 282, 93, 853, 
0, 130, 398, 354, 260, 860, 
0, 735, 724, 530, 753, 17, 719, 
0, 469, 623, 68, 414, 562, 
0, 474, 35, 406, 833, 
0, 918, 762, 523, 487, 892, 969, 
0, 376, 808, 789, 43, 325, 
0, 431, 812, 150, 363, 902, 
0, 922, 388, 479, 570, 436, 
0, 580, 510, 357, 165, 
0, 486, 427, 676, 327, 208, 
0, 597, 872, 16, 832, 784, 31, 
0, 125, 807, 606, 869, 886, 
0, 573, 79, 590, 903, 139, 
0, 271, 41, 432, 386, 269, 
0, 69, 28, 24, 767, 749, 
0, 717, 97, 609, 96, 161, 
0, 273, 645, 3, 302, 
0, 145, 293, 841, 992, 661, 
0, 374, 960, 352, 11, 591, 
0, 776, 923, 61, 839, 13, 
0, 343, 662, 932, 268, 233, 842, 
0, 521, 20, 894, 115, 98, 
0, 355, 994, 80, 99, 
0, 496, 122, 289, 913, 887, 
0, 729, 295, 734, 798, 786, 128, 
0, 793, 607, 460, 652, 700, 825, 
0, 133, 716, 351, 848, 875, 654, 
0, 418, 501, 430, 796, 610, 
0, 103, 759, 682, 456, 186, 556, 
0, 519, 582, 874, 745, 583, 
0, 948, 688, 462, 945, 385, 177, 
0, 579, 288, 919, 318, 788, 
0, 239, 664, 141, 184, 
0, 57, 119, 972, 991, 153, 490, 
0, 847, 996, 473, 419, 159, 
0, 589, 463, 911, 315, 632, 
0, 679, 577, 774, 865, 375, 412, 
0, 908, 298, 846, 973, 587, 149, 
0, 611, 692, 503, 272, 236, 
0, 814, 925, 699, 132, 
0, 346, 617, 766, 197, 881, 
0, 870, 572, 845, 55, 708, 756, 
0, 731, 779, 237, 737, 532, 255, 
0, 877, 818, 576, 212, 581, 
0, 117, 518, 261, 264, 
0, 399, 551, 653, 9, 683, 
0, 515, 574, 529, 930, 66, 
0, 646, 568, 804, 710, 502, 
0, 639, 324, 75, 448, 345, 941, 
0, 712, 323, 675, 209, 478, 926, 
0, 178, 492, 143, 94, 613, 
0, 504, 182, 605, 546, 
0, 944, 358, 38, 637, 
0, 761, 123, 962, 738, 
0, 955, 987, 397, 541, 348, 665, 
0, 615, 433, 292, 310, 134, 
0, 701, 422, 200, 963, 180, 
0, 405, 768, 335, 695, 201, 
0, 809, 940, 975, 185, 968, 205, 
0, 910, 361, 70, 455, 107, 42, 
0, 647, 1, 668, 65, 
0, 802, 299, 263, 977, 307, 
0, 401, 8, 527, 569, 23, 620, 
0, 512, 246, 663, 220, 565, 51, 
0, 476, 863, 857, 951, 64, 
0, 437, 730, 296, 465, 
0, 983, 772, 811, 434, 483, 
0, 976, 838, 885, 168, 224, 
0, 680, 964, 477, 752, 898, 
0, 997, 707, 67, 368, 257, 
0, 188, 326, 484, 314, 
0, 111, 322, 578, 585, 146, 304, 
0, 539, 906, 505, 232, 337, 225, 
0, 234, 629, 435, 596, 643, 
0, 452, 635, 32, 859, 871, 
0, 864, 369, 71, 670, 249, 
0, 172, 283, 794, 404, 187, 
0, 956, 835, 933, 424, 690, 
0, 392, 897, 393, 439, 725, 
0, 957, 46, 861, 595, 333, 228, 
0, 526, 395, 608, 946, 904, 
0, 958, 727, 402, 622, 309, 
0, 213, 240, 202, 104, 129, 797, 567, 
0, 403, 740, 852, 359, 765, 
0, 468, 943, 856, 528, 843, 815, 
0, 217, 453, 942, 37, 95, 697, 
0, 998, 281, 
0, 464, 791, 714, 176, 641, 
0, 739, 183, 907, 191, 27, 
0, 238, 280, 92, 482, 
0, 876, 817, 755, 810, 297, 
0, 686, 543, 226, 270, 713, 
0, 934, 300, 778, 878, 59, 
0, 147, 253, 813, 704, 790, 83, 
0, 451, 893, 981, 506, 764, 588, 
0, 619, 160, 135, 265, 
0, 87, 461, 827, 126, 423, 
0, 470, 612, 158, 306, 854, 
0, 278, 2, 535, 614, 540, 558, 
0, 308, 820, 179, 387, 40, 
0, 100, 743, 685, 204, 985, 
0, 638, 244, 396, 
0, 657, 319, 718, 198, 561, 
0, 494, 592, 834, 344, 508, 
0, 114, 660, 742, 91, 684, 216, 
0, 721, 867, 82, 63, 156, 
0, 410, 586, 711, 927, 45, 
0, 243, 407, 520, 301, 
0, 488, 163, 601, 144, 383, 
0, 618, 980, 667, 30, 342, 896, 
0, 829, 525, 849, 732, 899, 
0, 566, 193, 137, 722, 62, 628, 
0, 928, 625, 89, 334, 709, 
0, 656, 294, 425, 364, 491, 
0, 924, 746, 693, 509, 409, 900, 
0, 770, 312, 500, 49, 391, 
0, 792, 545, 917, 826, 413, 
0, 285, 336, 705, 320, 286, 
0, 920, 267, 982, 584, 390, 
0, 905, 703, 276, 223, 85, 
0, 954, 823, 950, 440, 966, 634, 
0, 831, 979, 15, 303, 
0, 757, 993, 210, 50, 175, 
0, 497, 250, 648, 750, 939, 
0, 666, 602, 678, 522, 537, 
0, 291, 362, 313, 627, 29, 
0, 18, 81, 909, 785, 636, 206, 
0, 471, 330, 594, 170, 379, 231, 
0, 554, 230, 174, 262, 967, 534, 
0, 127, 136, 108, 671, 513, 
0, 341, 751, 517, 428, 311, 
0, 167, 915, 44, 816, 481, 
0, 458, 350, 550, 782, 
0, 21, 974, 593, 241, 891, 
0, 7, 599, 211, 777, 426, 47, 
0, 514, 851, 445, 965, 824, 86, 
0, 443, 935, 378, 287, 196, 763, 254, 
0, 862, 600, 466, 227, 
0, 449, 349, 274, 988, 105, 72, 
0, 884, 235, 866, 157, 
0, 124, 353, 247, 214, 598, 347, 
0, 140, 548, 493, 986, 457, 
0, 218, 544, 571, 1000, 498, 138, 
0, 112, 549, 142, 681, 221, 
0, 819, 195, 621, 242, 
0, 370, 706, 101, 152, 507, 
0, 564, 840, 536, 480, 
0, 22, 222, 252, 331, 901, 
0, 631, 936, 689, 400, 780, 552, 
0, 48, 715, 687, 673, 912, 542, 
0, 199, 366, 805, 626, 563, 
0, 245, 120, 873, 169, 674, 
0, 952, 953, 603, 12, 154, 
0, 633, 53, 931, 880, 110, 116, 
0, 39, 26, 672, 855, 773, 
0, 33, 658, 959, 360, 978, 
0, 251, 256, 696, 215, 642, 
0, 284, 999, 102, 118, 
0, 155, 190, 372, 339, 316, 531, 
0, 78, 444, 275, 36, 984, 
0, 758, 879, 806, 882, 171, 
0, 655, 14, 84, 192, 
0, 151, 74, 744, 560, 538, 305, 
0, 989, 659, 338, 771, 411, 162, 
0, 630, 694, 56, 575, 921, 949, 
0, 644, 616, 416, 384, 830, 914, 
0, 895, 929, 836, 442, 25, 
0, 970, 787, 58, 321, 858, 
0, 495, 916, 691, 475, 650, 
0, 698, 803, 651, 800, 394, 421, 
0, 207, 417, 799, 961, 499, 173, 
0, 446, 844, 52, 801, 775, 219, 
0, 106, 454, 73, 408, 367, 890, 
0, 748, 4, 248, 447, 60, 
0, 485, 332, 259, 389, 
0, 19, 937, 559, 34, 649, 736, 
0, 741, 189, 754, 438, 229, 728, 
0, 489, 553, 795, 555, 
0, 557, 203, 277, 10, 90, 
0, 429, 340, 194, 113, 356, 
0, 88, 821, 640, 516, 524, 
0, 850, 533, 472, 938, 109, 837, 
0, 77, 769, 415, 760, 467, 
0, 181, 164, 868, 76, 258, 
0, 328, 317, 450, 131, 947, 
0, 747, 371, 888, 547, 
0, 380, 624, 781, 420, 54, 
0, 377, 971, 889, 290, 382, 
