Solution: 194 238221.928000 296421.928000

0, 489, 553, 795, 555, 
0, 464, 787, 440, 966, 109, 
0, 729, 295, 460, 605, 786, 128, 
0, 181, 164, 868, 364, 491, 
0, 48, 751, 571, 1000, 498, 66, 
0, 451, 703, 276, 223, 801, 219, 
0, 474, 35, 237, 428, 311, 947, 
0, 188, 918, 535, 348, 499, 
0, 392, 15, 492, 94, 613, 
0, 893, 981, 441, 764, 86, 
0, 554, 41, 244, 262, 180, 
0, 928, 79, 256, 696, 709, 
0, 983, 341, 544, 197, 132, 
0, 647, 1, 684, 91, 
0, 870, 572, 509, 457, 765, 
0, 723, 246, 755, 810, 297, 
0, 564, 840, 480, 745, 583, 
0, 370, 706, 152, 139, 588, 
0, 802, 293, 841, 992, 661, 713, 
0, 630, 694, 56, 575, 921, 949, 
0, 679, 288, 919, 63, 192, 
0, 589, 463, 320, 502, 249, 
0, 452, 635, 432, 174, 534, 
0, 230, 876, 923, 61, 839, 13, 
0, 458, 687, 715, 673, 912, 542, 
0, 957, 322, 867, 82, 881, 
0, 638, 701, 963, 227, 
0, 114, 660, 915, 44, 777, 134, 
0, 948, 688, 373, 462, 945, 385, 177, 
0, 850, 533, 472, 938, 146, 264, 
0, 130, 505, 350, 550, 591, 
0, 770, 312, 506, 49, 391, 
0, 18, 81, 129, 260, 860, 
0, 645, 961, 468, 484, 843, 815, 
0, 485, 332, 873, 169, 674, 
0, 476, 461, 827, 126, 64, 
0, 497, 292, 648, 560, 538, 
0, 615, 582, 874, 327, 208, 
0, 829, 496, 289, 913, 887, 
0, 989, 616, 16, 206, 797, 567, 
0, 115, 821, 523, 487, 892, 634, 
0, 8, 606, 143, 
0, 291, 362, 313, 229, 728, 
0, 618, 639, 667, 30, 345, 941, 
0, 449, 136, 974, 593, 241, 105, 
0, 388, 929, 836, 442, 902, 
0, 574, 716, 351, 848, 875, 654, 
0, 239, 664, 141, 763, 
0, 955, 791, 58, 627, 507, 
0, 905, 189, 609, 85, 459, 604, 
0, 266, 569, 744, 310, 175, 
0, 382, 281, 
0, 847, 996, 473, 93, 853, 
0, 644, 872, 354, 784, 31, 116, 
0, 958, 183, 907, 360, 622, 
0, 178, 940, 397, 541, 967, 
0, 172, 743, 685, 704, 790, 985, 
0, 124, 74, 527, 750, 305, 939, 
0, 495, 435, 363, 224, 
0, 597, 909, 785, 232, 337, 225, 
0, 724, 677, 669, 530, 511, 
0, 290, 377, 889, 971, 419, 
0, 250, 211, 233, 842, 83, 
0, 234, 515, 529, 153, 138, 
0, 721, 349, 68, 191, 27, 
0, 106, 454, 73, 408, 367, 467, 
0, 471, 658, 959, 387, 179, 40, 
0, 6, 97, 75, 107, 42, 904, 
0, 793, 182, 607, 833, 255, 
0, 328, 629, 436, 722, 490, 
0, 403, 366, 805, 626, 62, 
0, 611, 692, 259, 389, 
0, 319, 666, 718, 198, 561, 
0, 559, 937, 34, 649, 404, 187, 
0, 446, 844, 595, 331, 901, 
0, 779, 772, 811, 771, 162, 
0, 69, 400, 988, 780, 552, 
0, 343, 662, 932, 204, 995, 
0, 956, 330, 897, 393, 439, 
0, 580, 510, 357, 165, 
0, 573, 590, 826, 903, 29, 
0, 910, 361, 70, 455, 60, 
0, 19, 283, 253, 813, 426, 23, 
0, 631, 818, 28, 24, 767, 749, 
0, 633, 747, 294, 425, 816, 736, 
0, 39, 22, 672, 774, 333, 412, 
0, 952, 519, 678, 668, 620, 
0, 431, 916, 994, 984, 
0, 398, 659, 416, 384, 830, 636, 
0, 405, 857, 335, 695, 201, 
0, 117, 518, 261, 540, 
0, 155, 190, 372, 339, 316, 531, 
0, 238, 280, 92, 303, 
0, 739, 21, 274, 108, 891, 
0, 655, 545, 792, 334, 
0, 443, 935, 378, 104, 482, 
0, 953, 602, 522, 65, 
0, 486, 808, 789, 43, 665, 
0, 908, 298, 846, 973, 587, 149, 
0, 111, 727, 402, 309, 725, 
0, 308, 820, 594, 379, 231, 
0, 26, 222, 252, 773, 
0, 218, 352, 517, 434, 483, 
0, 814, 150, 80, 99, 25, 
0, 278, 943, 856, 528, 269, 
0, 877, 444, 275, 36, 383, 
0, 422, 369, 200, 71, 670, 
0, 682, 433, 427, 536, 537, 
0, 284, 999, 102, 118, 
0, 148, 822, 883, 702, 110, 
0, 376, 625, 415, 690, 890, 
0, 207, 417, 799, 855, 318, 788, 
0, 103, 759, 167, 456, 186, 556, 
0, 936, 195, 621, 307, 671, 
0, 733, 769, 121, 5, 783, 990, 
0, 271, 646, 466, 258, 421, 
0, 944, 358, 38, 637, 
0, 954, 823, 950, 438, 754, 423, 
0, 401, 353, 247, 214, 598, 347, 
0, 418, 437, 3, 302, 
0, 399, 525, 849, 732, 899, 
0, 819, 768, 977, 242, 
0, 199, 740, 845, 852, 359, 563, 
0, 469, 623, 170, 414, 562, 
0, 125, 807, 657, 500, 176, 
0, 864, 568, 386, 804, 
0, 494, 592, 927, 55, 708, 756, 
0, 539, 906, 730, 296, 465, 
0, 145, 835, 933, 194, 978, 
0, 731, 960, 338, 411, 832, 914, 
0, 624, 299, 263, 516, 524, 
0, 922, 317, 450, 131, 628, 
0, 526, 395, 608, 946, 156, 
0, 686, 543, 760, 226, 270, 
0, 521, 762, 640, 969, 951, 
0, 346, 122, 277, 52, 173, 
0, 934, 300, 778, 878, 59, 697, 
0, 140, 374, 78, 766, 596, 643, 
0, 166, 603, 424, 113, 356, 
0, 579, 717, 980, 865, 375, 228, 
0, 33, 809, 2, 614, 342, 896, 
0, 757, 993, 210, 50, 325, 
0, 470, 612, 158, 306, 854, 
0, 746, 279, 828, 365, 720, 
0, 88, 761, 123, 796, 610, 
0, 970, 326, 965, 314, 
0, 243, 407, 520, 711, 45, 184, 
0, 488, 163, 601, 144, 
0, 976, 127, 863, 962, 837, 
0, 619, 160, 135, 265, 
0, 735, 268, 794, 753, 17, 719, 
0, 987, 975, 185, 869, 968, 205, 
0, 504, 548, 652, 546, 700, 825, 
0, 577, 861, 578, 585, 775, 
0, 997, 267, 67, 368, 257, 
0, 758, 879, 806, 882, 171, 481, 
0, 7, 599, 371, 888, 547, 726, 
0, 884, 235, 866, 157, 
0, 445, 894, 20, 886, 824, 
0, 862, 600, 282, 396, 159, 
0, 512, 817, 663, 220, 565, 51, 
0, 285, 336, 710, 705, 286, 
0, 381, 406, 986, 737, 532, 
0, 920, 707, 691, 475, 650, 
0, 273, 329, 324, 321, 858, 
0, 698, 803, 651, 800, 394, 
0, 133, 925, 479, 812, 699, 
0, 895, 617, 203, 738, 90, 
0, 147, 53, 880, 859, 871, 
0, 57, 119, 972, 693, 991, 900, 
0, 851, 501, 430, 513, 72, 
0, 557, 838, 885, 168, 10, 
0, 151, 742, 676, 89, 558, 
0, 712, 323, 675, 209, 478, 926, 
0, 514, 551, 653, 9, 683, 
0, 831, 979, 911, 76, 315, 47, 
0, 213, 240, 202, 998, 
0, 112, 549, 142, 681, 221, 
0, 410, 586, 834, 344, 898, 
0, 656, 46, 714, 96, 161, 641, 
0, 680, 964, 301, 477, 752, 
0, 429, 340, 12, 154, 
0, 566, 193, 137, 11, 930, 304, 
0, 453, 420, 781, 98, 782, 
0, 100, 776, 931, 32, 632, 
0, 741, 503, 272, 236, 
0, 87, 689, 576, 212, 581, 
0, 101, 14, 917, 84, 413, 
0, 924, 734, 493, 798, 409, 508, 
0, 355, 982, 584, 390, 570, 
0, 748, 4, 248, 447, 448, 
0, 245, 120, 196, 287, 254, 
0, 251, 77, 215, 642, 216, 
0, 217, 380, 54, 942, 37, 95, 
