Solution: 194 239804.026000 298004.026000

0, 956, 660, 957, 819, 620, 
0, 152, 284, 343, 708, 462, 
0, 951, 582, 720, 677, 226, 
0, 943, 337, 870, 264, 670, 895, 
0, 513, 661, 130, 58, 559, 49, 
0, 755, 684, 472, 489, 587, 
0, 946, 682, 749, 998, 703, 259, 
0, 184, 736, 164, 413, 171, 485, 
0, 80, 448, 470, 692, 385, 
0, 315, 818, 182, 762, 744, 
0, 290, 422, 960, 158, 
0, 332, 433, 206, 806, 
0, 554, 934, 883, 32, 815, 936, 
0, 568, 72, 589, 125, 28, 
0, 905, 634, 66, 796, 105, 575, 
0, 862, 39, 251, 183, 
0, 697, 562, 291, 301, 
0, 643, 302, 970, 104, 668, 
0, 241, 569, 805, 716, 149, 
0, 729, 65, 401, 150, 571, 885, 
0, 45, 746, 542, 574, 488, 
0, 344, 108, 155, 316, 86, 
0, 538, 900, 767, 778, 486, 
0, 876, 525, 845, 963, 967, 
0, 71, 765, 685, 151, 
0, 402, 526, 395, 376, 735, 9, 
0, 919, 741, 990, 702, 625, 558, 
0, 715, 916, 959, 962, 789, 
0, 314, 678, 1000, 202, 272, 
0, 167, 118, 628, 508, 
0, 17, 647, 726, 300, 469, 
0, 246, 932, 380, 100, 
0, 99, 756, 168, 461, 331, 219, 
0, 22, 232, 770, 50, 411, 
0, 121, 623, 368, 664, 438, 
0, 858, 283, 994, 25, 641, 60, 
0, 279, 593, 293, 427, 551, 
0, 847, 924, 833, 73, 984, 
0, 503, 807, 791, 626, 
0, 640, 872, 174, 267, 965, 955, 
0, 881, 742, 906, 320, 733, 
0, 717, 375, 467, 421, 
0, 107, 94, 70, 665, 57, 269, 
0, 197, 215, 233, 77, 
0, 252, 117, 709, 127, 
0, 817, 203, 619, 248, 
0, 227, 382, 775, 112, 319, 
0, 500, 119, 3, 8, 
0, 658, 893, 79, 361, 166, 
0, 889, 980, 18, 352, 216, 
0, 417, 506, 430, 514, 177, 
0, 128, 904, 780, 638, 415, 235, 
0, 952, 987, 572, 88, 93, 35, 
0, 473, 621, 64, 894, 981, 
0, 33, 478, 83, 217, 793, 561, 
0, 407, 397, 138, 265, 857, 
0, 297, 365, 318, 237, 722, 
0, 711, 679, 979, 863, 377, 
0, 111, 339, 434, 740, 583, 
0, 560, 516, 529, 163, 871, 656, 
0, 374, 699, 148, 230, 91, 
0, 997, 690, 982, 391, 564, 
0, 250, 662, 961, 747, 714, 509, 
0, 954, 42, 698, 476, 935, 771, 
0, 165, 298, 423, 367, 691, 
0, 873, 270, 154, 
0, 245, 249, 305, 792, 
0, 732, 113, 790, 406, 231, 
0, 185, 355, 53, 667, 
0, 829, 978, 801, 507, 613, 
0, 378, 671, 84, 110, 931, 
0, 688, 253, 752, 808, 874, 774, 
0, 496, 937, 972, 191, 810, 644, 
0, 576, 859, 596, 336, 896, 
0, 257, 1, 487, 179, 
0, 917, 273, 63, 479, 446, 
0, 289, 999, 156, 
0, 6, 600, 672, 666, 132, 546, 
0, 631, 21, 971, 24, 586, 145, 
0, 648, 439, 329, 103, 350, 938, 
0, 902, 724, 342, 766, 410, 830, 
0, 521, 20, 890, 823, 748, 
0, 480, 912, 573, 517, 524, 
0, 324, 681, 710, 669, 908, 341, 
0, 109, 548, 221, 424, 193, 
0, 923, 602, 522, 61, 
0, 379, 884, 212, 964, 278, 243, 
0, 680, 541, 757, 276, 707, 
0, 400, 772, 428, 761, 313, 945, 
0, 973, 389, 213, 842, 597, 646, 
0, 364, 280, 988, 101, 67, 
0, 463, 879, 266, 539, 
0, 465, 412, 435, 926, 308, 
0, 210, 612, 157, 311, 851, 
0, 37, 26, 258, 59, 199, 173, 
0, 124, 816, 683, 728, 856, 
0, 383, 271, 335, 781, 260, 
0, 635, 484, 371, 750, 16, 75, 
0, 725, 567, 831, 348, 186, 
0, 515, 178, 535, 353, 840, 814, 
0, 358, 325, 739, 537, 599, 
0, 974, 268, 763, 976, 312, 
0, 743, 4, 437, 550, 663, 
0, 813, 482, 811, 234, 
0, 399, 616, 910, 386, 868, 540, 
0, 598, 869, 359, 15, 828, 29, 
0, 968, 303, 120, 777, 123, 
0, 493, 836, 991, 44, 360, 
0, 899, 975, 12, 914, 719, 
0, 764, 865, 577, 584, 834, 
0, 223, 768, 809, 426, 502, 136, 
0, 918, 921, 695, 131, 
0, 737, 609, 759, 205, 292, 888, 
0, 96, 927, 875, 106, 592, 713, 
0, 898, 188, 712, 207, 556, 704, 
0, 579, 794, 549, 852, 504, 
0, 384, 286, 
0, 102, 786, 948, 55, 636, 581, 
0, 457, 637, 51, 652, 495, 
0, 122, 802, 527, 555, 310, 175, 
0, 501, 651, 256, 773, 192, 552, 
0, 133, 511, 494, 886, 949, 
0, 498, 591, 705, 922, 41, 
0, 194, 46, 398, 528, 481, 
0, 633, 933, 281, 837, 34, 
0, 347, 928, 738, 214, 785, 985, 
0, 821, 403, 198, 27, 
0, 953, 68, 782, 442, 414, 557, 
0, 452, 116, 969, 689, 826, 126, 
0, 832, 929, 416, 471, 
0, 846, 5, 333, 443, 464, 604, 
0, 645, 162, 642, 601, 140, 
0, 754, 992, 220, 48, 330, 
0, 228, 776, 565, 909, 769, 
0, 447, 187, 466, 605, 545, 654, 
0, 31, 803, 784, 624, 176, 47, 
0, 588, 468, 925, 30, 867, 
0, 392, 242, 864, 222, 
0, 431, 913, 993, 262, 653, 
0, 19, 209, 632, 570, 404, 947, 
0, 141, 543, 363, 745, 451, 453, 
0, 499, 146, 36, 208, 897, 
0, 491, 687, 296, 87, 390, 
0, 454, 354, 134, 247, 594, 322, 
0, 843, 477, 418, 850, 
0, 143, 820, 878, 98, 996, 
0, 351, 345, 460, 944, 153, 
0, 458, 622, 939, 306, 
0, 915, 115, 2, 614, 346, 892, 
0, 727, 958, 357, 518, 317, 
0, 459, 408, 225, 445, 877, 
0, 827, 82, 159, 294, 882, 
0, 147, 69, 911, 563, 23, 618, 
0, 475, 334, 595, 170, 381, 239, 
0, 196, 370, 800, 10, 161, 
0, 650, 730, 261, 85, 
0, 797, 189, 901, 362, 388, 38, 
0, 804, 282, 287, 751, 326, 
0, 674, 841, 849, 510, 369, 
0, 409, 585, 627, 54, 701, 753, 
0, 172, 288, 812, 839, 43, 
0, 474, 14, 139, 255, 
0, 942, 436, 366, 444, 566, 
0, 891, 629, 455, 129, 295, 
0, 615, 578, 425, 40, 693, 
0, 995, 718, 420, 450, 530, 512, 
0, 887, 195, 838, 372, 236, 
0, 429, 721, 441, 393, 989, 
0, 137, 547, 983, 734, 321, 531, 
0, 277, 649, 799, 432, 275, 
0, 903, 659, 254, 505, 760, 
0, 218, 440, 349, 419, 676, 
0, 144, 7, 607, 866, 966, 224, 
0, 611, 798, 394, 11, 795, 114, 
0, 449, 700, 686, 606, 941, 
0, 238, 373, 396, 920, 263, 
0, 405, 520, 492, 907, 190, 
0, 950, 519, 673, 536, 483, 
0, 553, 835, 880, 169, 848, 
0, 328, 630, 617, 74, 323, 783, 
0, 706, 940, 853, 327, 822, 78, 
0, 200, 135, 356, 844, 92, 
0, 490, 229, 307, 95, 89, 694, 
0, 930, 304, 387, 180, 56, 533, 
0, 81, 758, 523, 338, 544, 
0, 534, 603, 779, 201, 977, 
0, 142, 52, 675, 274, 580, 
0, 456, 204, 610, 90, 160, 
0, 723, 299, 608, 655, 696, 824, 
0, 788, 731, 497, 986, 532, 62, 
0, 244, 285, 240, 590, 
0, 309, 861, 854, 639, 211, 
0, 657, 97, 825, 76, 855, 
0, 860, 13, 181, 787, 340, 
