Solution: 194 237426.434000 295626.434000

0, 451, 809, 276, 223, 219, 775, 
0, 57, 119, 509, 986, 457, 765, 
0, 497, 167, 777, 186, 556, 
0, 922, 925, 363, 224, 
0, 679, 288, 919, 318, 788, 
0, 470, 612, 158, 306, 854, 
0, 639, 329, 441, 96, 161, 
0, 758, 879, 806, 882, 171, 
0, 908, 787, 849, 732, 212, 
0, 928, 602, 668, 65, 
0, 579, 844, 63, 855, 192, 
0, 635, 283, 204, 17, 719, 
0, 514, 326, 965, 314, 
0, 566, 772, 352, 517, 434, 947, 
0, 431, 916, 994, 257, 
0, 895, 317, 450, 436, 570, 650, 
0, 33, 625, 678, 522, 709, 
0, 485, 332, 873, 259, 674, 
0, 271, 776, 220, 565, 51, 
0, 474, 35, 779, 428, 311, 138, 
0, 850, 349, 274, 988, 105, 72, 
0, 7, 599, 677, 794, 753, 187, 
0, 573, 79, 408, 154, 
0, 22, 222, 252, 52, 173, 
0, 960, 731, 571, 483, 881, 
0, 6, 75, 324, 85, 858, 321, 
0, 905, 889, 290, 382, 389, 
0, 748, 4, 248, 447, 448, 
0, 920, 707, 67, 475, 584, 390, 
0, 680, 740, 55, 708, 756, 
0, 564, 840, 992, 661, 713, 
0, 615, 582, 569, 23, 620, 
0, 401, 8, 371, 888, 547, 939, 
0, 793, 182, 605, 833, 700, 
0, 486, 427, 536, 480, 537, 
0, 597, 872, 354, 784, 31, 116, 
0, 910, 361, 667, 30, 345, 941, 
0, 207, 417, 799, 961, 499, 
0, 729, 295, 798, 409, 786, 128, 
0, 319, 666, 993, 198, 561, 
0, 488, 163, 601, 144, 
0, 539, 505, 350, 550, 465, 
0, 631, 936, 768, 335, 516, 524, 
0, 494, 592, 834, 365, 720, 
0, 103, 759, 682, 456, 745, 583, 
0, 630, 694, 56, 575, 921, 949, 
0, 658, 907, 360, 783, 978, 
0, 998, 281, 
0, 721, 672, 774, 865, 375, 412, 
0, 112, 549, 142, 681, 221, 
0, 952, 953, 915, 44, 816, 726, 
0, 746, 279, 805, 626, 563, 
0, 723, 300, 755, 810, 878, 778, 
0, 924, 734, 493, 737, 316, 531, 
0, 453, 656, 93, 853, 
0, 328, 640, 857, 695, 201, 
0, 611, 692, 503, 272, 236, 
0, 78, 193, 137, 722, 153, 490, 
0, 701, 244, 396, 180, 
0, 151, 74, 648, 250, 426, 83, 
0, 577, 861, 578, 585, 146, 
0, 712, 117, 518, 342, 896, 264, 
0, 741, 189, 609, 152, 507, 
0, 644, 659, 914, 384, 830, 542, 
0, 983, 341, 544, 1000, 498, 
0, 864, 568, 963, 227, 
0, 638, 623, 28, 24, 587, 149, 
0, 464, 940, 975, 185, 968, 926, 
0, 970, 312, 210, 50, 175, 
0, 835, 933, 415, 467, 
0, 130, 460, 607, 546, 898, 825, 
0, 496, 122, 277, 82, 
0, 449, 46, 703, 714, 176, 641, 
0, 346, 617, 766, 197, 596, 643, 
0, 521, 20, 894, 115, 98, 613, 
0, 140, 374, 338, 771, 411, 162, 
0, 934, 663, 817, 246, 297, 
0, 557, 838, 885, 168, 10, 
0, 308, 820, 179, 40, 64, 
0, 956, 330, 897, 357, 165, 
0, 381, 406, 237, 532, 255, 
0, 862, 282, 373, 462, 945, 385, 177, 
0, 957, 322, 867, 801, 333, 228, 
0, 181, 164, 868, 315, 32, 
0, 646, 747, 911, 76, 
0, 69, 950, 440, 966, 634, 
0, 148, 822, 883, 702, 871, 
0, 273, 645, 942, 159, 
0, 53, 999, 102, 859, 110, 
0, 278, 943, 856, 528, 843, 815, 
0, 618, 2, 468, 484, 824, 86, 
0, 884, 235, 866, 157, 
0, 418, 437, 3, 302, 
0, 429, 340, 622, 309, 
0, 355, 368, 691, 131, 62, 
0, 266, 560, 744, 538, 305, 
0, 188, 918, 535, 614, 540, 558, 
0, 948, 533, 472, 938, 109, 837, 
0, 519, 676, 89, 764, 
0, 633, 147, 931, 880, 995, 736, 
0, 446, 980, 595, 331, 901, 
0, 471, 200, 422, 71, 37, 95, 697, 
0, 135, 762, 523, 487, 892, 
0, 245, 120, 909, 785, 636, 206, 
0, 155, 190, 372, 991, 339, 900, 
0, 178, 492, 143, 303, 
0, 106, 454, 73, 12, 113, 423, 
0, 976, 444, 275, 36, 383, 
0, 133, 716, 351, 848, 875, 654, 
0, 114, 660, 433, 874, 327, 208, 
0, 285, 336, 320, 286, 118, 
0, 343, 662, 932, 268, 233, 134, 
0, 172, 253, 813, 704, 790, 985, 
0, 802, 299, 263, 977, 307, 
0, 958, 727, 402, 439, 393, 
0, 26, 395, 946, 156, 904, 
0, 166, 603, 424, 690, 890, 
0, 504, 548, 652, 169, 860, 
0, 370, 706, 14, 917, 725, 
0, 624, 445, 261, 
0, 399, 906, 730, 296, 782, 
0, 410, 572, 845, 852, 359, 693, 
0, 111, 770, 718, 84, 29, 139, 
0, 489, 553, 795, 555, 304, 
0, 125, 807, 527, 750, 459, 604, 
0, 515, 574, 529, 11, 930, 
0, 647, 742, 215, 903, 216, 
0, 851, 818, 576, 899, 969, 
0, 217, 420, 781, 54, 670, 
0, 218, 751, 811, 913, 887, 
0, 761, 123, 68, 379, 231, 
0, 284, 211, 292, 310, 
0, 944, 358, 80, 984, 
0, 452, 41, 432, 967, 59, 534, 
0, 403, 964, 477, 752, 508, 
0, 814, 479, 812, 699, 628, 
0, 476, 525, 170, 414, 562, 
0, 733, 469, 510, 594, 191, 27, 
0, 717, 97, 70, 455, 107, 42, 
0, 230, 876, 174, 262, 269, 
0, 251, 77, 256, 696, 642, 
0, 893, 981, 500, 49, 391, 
0, 606, 657, 506, 869, 205, 
0, 145, 293, 841, 367, 356, 
0, 238, 280, 92, 482, 
0, 829, 501, 430, 796, 513, 
0, 243, 407, 520, 301, 344, 184, 
0, 380, 323, 675, 209, 478, 
0, 405, 877, 863, 738, 90, 
0, 819, 195, 621, 242, 
0, 376, 808, 789, 43, 325, 
0, 655, 545, 792, 334, 
0, 39, 21, 974, 241, 891, 
0, 989, 398, 16, 832, 912, 337, 
0, 87, 461, 827, 126, 951, 
0, 554, 369, 705, 710, 502, 249, 
0, 847, 996, 473, 419, 
0, 757, 1, 684, 91, 
0, 954, 823, 791, 438, 229, 728, 
0, 392, 294, 425, 404, 491, 
0, 88, 821, 58, 754, 60, 
0, 377, 971, 202, 240, 104, 
0, 298, 846, 973, 780, 610, 
0, 512, 923, 61, 839, 13, 
0, 388, 929, 836, 442, 902, 
0, 589, 463, 386, 804, 632, 
0, 688, 600, 466, 258, 421, 
0, 735, 724, 669, 530, 511, 
0, 580, 689, 400, 552, 
0, 526, 608, 203, 962, 637, 
0, 769, 121, 5, 194, 990, 
0, 739, 101, 590, 826, 413, 
0, 291, 362, 313, 627, 581, 
0, 48, 715, 673, 687, 66, 
0, 619, 160, 289, 773, 
0, 495, 150, 38, 99, 25, 
0, 831, 979, 15, 94, 886, 588, 
0, 124, 353, 247, 214, 598, 347, 
0, 234, 629, 435, 132, 
0, 239, 664, 141, 763, 
0, 997, 267, 982, 265, 
0, 183, 959, 387, 767, 749, 
0, 686, 543, 760, 226, 270, 
0, 698, 803, 651, 800, 394, 
0, 870, 586, 711, 927, 45, 
0, 458, 551, 653, 9, 683, 
0, 213, 616, 416, 232, 591, 
0, 443, 935, 378, 196, 287, 254, 
0, 19, 937, 559, 34, 649, 364, 481, 
0, 127, 136, 593, 108, 671, 
0, 955, 987, 397, 541, 348, 665, 
0, 18, 81, 129, 260, 797, 567, 
0, 199, 366, 972, 828, 225, 
0, 100, 743, 685, 842, 47, 
