Solution: 194 241774.694000 299974.694000

0, 923, 602, 522, 61, 
0, 289, 999, 98, 301, 
0, 974, 268, 763, 976, 312, 
0, 457, 637, 51, 652, 231, 
0, 827, 82, 159, 294, 882, 
0, 80, 448, 470, 692, 385, 
0, 152, 284, 343, 708, 462, 
0, 45, 746, 435, 412, 317, 
0, 71, 765, 685, 151, 
0, 919, 741, 990, 702, 625, 558, 
0, 635, 484, 113, 274, 839, 43, 
0, 334, 595, 150, 381, 239, 
0, 124, 816, 683, 517, 524, 
0, 513, 661, 130, 58, 559, 49, 
0, 399, 616, 386, 910, 415, 638, 
0, 102, 786, 948, 55, 77, 
0, 172, 288, 812, 214, 580, 
0, 817, 203, 619, 248, 
0, 379, 884, 212, 964, 
0, 277, 373, 87, 307, 
0, 526, 395, 376, 944, 153, 
0, 521, 20, 890, 823, 748, 
0, 560, 516, 529, 163, 871, 656, 
0, 650, 730, 261, 85, 
0, 898, 197, 215, 90, 160, 28, 
0, 297, 365, 318, 237, 722, 
0, 315, 818, 182, 762, 744, 
0, 755, 684, 489, 53, 
0, 409, 585, 627, 907, 41, 
0, 727, 958, 357, 518, 868, 235, 
0, 473, 621, 64, 894, 981, 
0, 452, 116, 969, 689, 826, 126, 
0, 631, 21, 134, 24, 586, 145, 
0, 995, 718, 420, 450, 530, 512, 
0, 344, 108, 155, 316, 86, 
0, 615, 578, 425, 40, 693, 
0, 843, 477, 998, 703, 259, 
0, 743, 4, 437, 550, 663, 
0, 400, 303, 120, 777, 123, 
0, 17, 647, 726, 300, 778, 
0, 167, 118, 628, 508, 
0, 218, 500, 119, 8, 
0, 611, 697, 960, 158, 
0, 19, 209, 632, 570, 404, 947, 
0, 447, 187, 466, 605, 545, 
0, 227, 382, 775, 112, 319, 
0, 210, 298, 423, 367, 691, 
0, 754, 992, 220, 48, 556, 
0, 490, 422, 418, 667, 613, 
0, 402, 659, 254, 599, 179, 
0, 832, 929, 416, 471, 
0, 688, 253, 752, 808, 874, 774, 
0, 973, 924, 833, 36, 208, 
0, 141, 94, 70, 329, 451, 453, 
0, 378, 671, 84, 110, 931, 
0, 223, 768, 809, 426, 502, 136, 
0, 737, 609, 759, 205, 292, 888, 
0, 147, 69, 911, 563, 23, 618, 
0, 968, 255, 413, 291, 
0, 6, 600, 672, 666, 132, 546, 
0, 953, 68, 782, 494, 886, 967, 
0, 407, 397, 138, 265, 857, 
0, 472, 178, 535, 962, 789, 
0, 185, 648, 3, 306, 
0, 891, 629, 455, 129, 295, 
0, 499, 146, 73, 984, 949, 
0, 200, 135, 356, 844, 92, 
0, 930, 304, 387, 180, 56, 533, 
0, 881, 742, 906, 320, 156, 
0, 496, 937, 972, 191, 810, 644, 
0, 99, 756, 168, 461, 331, 219, 
0, 729, 195, 838, 372, 236, 
0, 107, 543, 363, 745, 539, 587, 
0, 588, 468, 925, 30, 867, 
0, 194, 46, 398, 528, 481, 
0, 279, 593, 293, 427, 551, 
0, 122, 802, 527, 555, 310, 175, 
0, 111, 339, 434, 740, 583, 
0, 764, 865, 577, 584, 771, 
0, 649, 562, 799, 432, 275, 965, 
0, 449, 389, 213, 735, 9, 
0, 121, 623, 368, 664, 438, 
0, 640, 189, 901, 362, 388, 38, 
0, 554, 934, 883, 32, 815, 936, 
0, 797, 5, 333, 443, 464, 604, 
0, 456, 42, 698, 476, 796, 411, 
0, 37, 26, 258, 59, 199, 173, 
0, 351, 345, 460, 842, 597, 646, 
0, 715, 916, 959, 353, 840, 814, 
0, 534, 603, 779, 201, 977, 
0, 290, 286, 183, 
0, 13, 699, 787, 505, 216, 
0, 860, 887, 375, 396, 920, 263, 
0, 347, 928, 738, 785, 75, 
0, 332, 433, 206, 761, 897, 
0, 821, 403, 198, 27, 
0, 142, 52, 927, 875, 996, 733, 
0, 943, 337, 870, 264, 670, 895, 
0, 137, 547, 983, 734, 321, 531, 
0, 902, 724, 342, 766, 410, 830, 
0, 576, 859, 596, 336, 896, 
0, 245, 249, 305, 792, 
0, 309, 861, 854, 639, 211, 
0, 358, 325, 739, 537, 
0, 257, 1, 487, 760, 330, 
0, 144, 7, 607, 866, 966, 224, 
0, 463, 879, 266, 269, 
0, 706, 940, 853, 327, 822, 78, 
0, 725, 567, 831, 348, 186, 
0, 503, 807, 791, 626, 
0, 804, 282, 287, 751, 326, 
0, 876, 700, 686, 606, 941, 
0, 392, 242, 864, 222, 
0, 405, 520, 492, 705, 190, 
0, 645, 162, 642, 601, 140, 
0, 829, 978, 801, 507, 35, 
0, 598, 869, 359, 29, 217, 654, 
0, 229, 115, 2, 614, 346, 892, 
0, 711, 679, 979, 863, 377, 
0, 383, 271, 335, 781, 260, 
0, 328, 630, 617, 74, 323, 783, 
0, 22, 232, 770, 50, 834, 
0, 951, 582, 720, 677, 226, 
0, 997, 690, 982, 391, 564, 
0, 954, 354, 971, 247, 594, 322, 
0, 228, 776, 565, 909, 769, 
0, 465, 542, 10, 488, 
0, 918, 921, 695, 131, 
0, 674, 841, 849, 510, 369, 
0, 767, 525, 963, 442, 557, 
0, 788, 731, 497, 986, 532, 161, 
0, 899, 975, 12, 914, 719, 
0, 31, 803, 784, 624, 176, 47, 
0, 314, 678, 1000, 202, 272, 
0, 717, 798, 394, 11, 795, 114, 
0, 732, 371, 675, 750, 16, 985, 
0, 458, 622, 939, 486, 
0, 459, 408, 225, 445, 877, 
0, 903, 188, 712, 207, 340, 704, 
0, 643, 302, 970, 104, 668, 
0, 579, 794, 549, 852, 504, 308, 
0, 873, 270, 154, 
0, 246, 932, 380, 100, 
0, 374, 181, 148, 230, 91, 
0, 324, 681, 710, 669, 908, 341, 
0, 772, 428, 806, 574, 313, 945, 
0, 858, 283, 994, 25, 641, 60, 
0, 657, 97, 825, 76, 57, 
0, 568, 72, 589, 125, 855, 
0, 454, 942, 436, 366, 444, 566, 
0, 143, 820, 878, 106, 592, 713, 
0, 250, 662, 961, 747, 714, 509, 
0, 133, 845, 401, 571, 885, 
0, 241, 569, 805, 716, 149, 
0, 950, 519, 673, 536, 483, 
0, 196, 370, 800, 926, 62, 
0, 364, 280, 988, 101, 67, 
0, 905, 634, 66, 935, 105, 575, 
0, 33, 478, 83, 390, 
0, 165, 14, 139, 171, 485, 
0, 553, 835, 880, 169, 848, 
0, 431, 913, 993, 262, 653, 
0, 109, 548, 221, 424, 193, 
0, 81, 758, 523, 338, 544, 
0, 474, 612, 157, 311, 851, 
0, 917, 273, 63, 479, 446, 
0, 501, 256, 651, 773, 192, 552, 
0, 128, 904, 780, 15, 828, 540, 
0, 244, 285, 240, 590, 
0, 538, 900, 355, 419, 469, 
0, 475, 65, 361, 170, 414, 
0, 723, 299, 608, 655, 696, 824, 
0, 429, 721, 441, 393, 989, 
0, 813, 482, 811, 234, 
0, 252, 117, 709, 127, 793, 561, 
0, 493, 836, 991, 44, 360, 
0, 658, 893, 79, 511, 166, 
0, 498, 591, 922, 54, 701, 753, 
0, 480, 912, 573, 728, 856, 
0, 846, 204, 610, 103, 350, 938, 
0, 633, 933, 281, 837, 34, 
0, 946, 682, 749, 467, 278, 243, 
0, 417, 506, 430, 514, 177, 
0, 680, 541, 757, 276, 707, 
0, 956, 660, 957, 819, 620, 
0, 491, 687, 296, 384, 850, 
0, 515, 847, 440, 349, 676, 
0, 952, 987, 572, 95, 89, 
0, 862, 39, 251, 955, 
0, 889, 980, 18, 352, 
0, 238, 872, 174, 267, 421, 
0, 184, 736, 164, 88, 93, 694, 
0, 96, 790, 406, 495, 
0, 915, 439, 665, 233, 636, 581, 
