Solution: 194 240887.948000 299087.948000

0, 465, 746, 542, 488, 
0, 743, 679, 66, 427, 199, 
0, 242, 864, 154, 222, 
0, 124, 816, 573, 639, 25, 
0, 729, 65, 361, 511, 166, 
0, 611, 187, 466, 605, 545, 
0, 943, 337, 870, 264, 670, 895, 
0, 643, 14, 139, 307, 
0, 82, 26, 258, 50, 411, 783, 
0, 598, 869, 359, 15, 415, 235, 
0, 400, 681, 724, 669, 502, 341, 
0, 515, 847, 3, 8, 
0, 873, 270, 751, 508, 
0, 715, 549, 59, 202, 882, 
0, 152, 516, 529, 149, 908, 
0, 952, 178, 572, 88, 89, 
0, 898, 698, 282, 233, 796, 230, 
0, 717, 798, 394, 278, 243, 
0, 257, 1, 712, 340, 704, 
0, 902, 303, 120, 777, 949, 
0, 112, 325, 445, 207, 556, 226, 
0, 995, 548, 113, 450, 420, 193, 
0, 185, 440, 349, 419, 676, 
0, 5, 70, 329, 103, 350, 938, 
0, 491, 687, 296, 87, 850, 
0, 918, 389, 482, 695, 653, 
0, 794, 22, 232, 852, 323, 626, 
0, 241, 629, 805, 92, 
0, 727, 958, 342, 766, 410, 830, 
0, 409, 585, 627, 907, 705, 
0, 682, 749, 375, 467, 421, 
0, 553, 861, 854, 735, 
0, 732, 274, 790, 750, 16, 713, 
0, 973, 835, 880, 169, 234, 
0, 6, 600, 221, 256, 773, 552, 
0, 674, 969, 689, 826, 369, 186, 
0, 568, 975, 97, 825, 28, 
0, 658, 765, 118, 151, 
0, 457, 468, 432, 965, 56, 533, 
0, 309, 764, 601, 140, 
0, 772, 460, 206, 574, 62, 
0, 121, 541, 757, 276, 707, 
0, 547, 731, 497, 986, 462, 260, 
0, 876, 159, 294, 909, 
0, 167, 603, 685, 779, 989, 
0, 635, 142, 927, 875, 106, 114, 
0, 454, 354, 134, 247, 571, 101, 
0, 680, 204, 287, 338, 544, 
0, 228, 776, 809, 828, 29, 
0, 725, 567, 841, 510, 531, 
0, 538, 767, 53, 748, 95, 613, 
0, 917, 569, 356, 844, 871, 656, 
0, 578, 836, 624, 40, 877, 
0, 919, 741, 990, 702, 625, 558, 
0, 609, 932, 380, 292, 205, 759, 
0, 946, 195, 838, 372, 236, 
0, 688, 253, 752, 808, 874, 774, 
0, 383, 284, 343, 532, 540, 
0, 588, 925, 906, 320, 156, 
0, 903, 302, 970, 24, 586, 145, 
0, 399, 616, 709, 127, 793, 561, 
0, 109, 501, 911, 192, 424, 75, 
0, 615, 582, 84, 44, 453, 
0, 858, 525, 845, 728, 894, 
0, 649, 52, 999, 996, 30, 43, 
0, 334, 381, 150, 239, 981, 
0, 422, 373, 396, 920, 183, 
0, 147, 69, 659, 599, 352, 216, 
0, 324, 710, 678, 1000, 272, 
0, 96, 742, 51, 406, 495, 
0, 99, 756, 168, 461, 331, 219, 
0, 417, 648, 962, 823, 469, 
0, 452, 116, 800, 716, 131, 
0, 640, 499, 436, 366, 444, 566, 
0, 650, 72, 261, 225, 618, 
0, 107, 363, 634, 745, 451, 269, 
0, 250, 407, 520, 492, 747, 
0, 513, 661, 130, 58, 559, 49, 
0, 459, 408, 664, 125, 438, 
0, 332, 433, 213, 842, 597, 646, 
0, 297, 365, 318, 237, 722, 
0, 141, 711, 94, 437, 550, 
0, 554, 934, 32, 652, 231, 
0, 500, 758, 523, 105, 91, 
0, 498, 591, 922, 41, 190, 
0, 860, 55, 786, 494, 886, 385, 
0, 200, 135, 271, 386, 910, 
0, 162, 642, 470, 692, 211, 
0, 144, 7, 254, 505, 179, 
0, 245, 249, 305, 792, 321, 
0, 474, 612, 157, 311, 851, 
0, 953, 821, 948, 581, 77, 
0, 954, 42, 215, 610, 90, 173, 
0, 194, 853, 398, 528, 481, 
0, 45, 865, 577, 584, 575, 771, 
0, 905, 439, 665, 57, 308, 
0, 637, 289, 98, 301, 
0, 526, 395, 376, 944, 153, 
0, 384, 286, 
0, 930, 304, 180, 387, 795, 11, 
0, 889, 980, 487, 760, 587, 
0, 723, 299, 714, 708, 126, 161, 
0, 227, 937, 972, 191, 810, 644, 
0, 974, 268, 763, 976, 312, 
0, 788, 608, 447, 655, 696, 824, 
0, 223, 246, 212, 964, 390, 888, 
0, 813, 811, 686, 446, 941, 
0, 347, 928, 738, 214, 785, 985, 
0, 754, 992, 220, 48, 175, 
0, 817, 203, 619, 248, 
0, 122, 339, 651, 555, 537, 
0, 279, 4, 979, 539, 
0, 706, 164, 327, 20, 822, 78, 
0, 521, 940, 46, 535, 353, 663, 
0, 137, 478, 83, 565, 317, 136, 
0, 37, 924, 36, 73, 984, 
0, 431, 913, 146, 208, 564, 
0, 697, 887, 960, 158, 
0, 244, 285, 119, 945, 769, 
0, 923, 602, 720, 61, 
0, 315, 818, 182, 388, 38, 
0, 797, 893, 79, 595, 198, 27, 
0, 997, 690, 982, 479, 391, 
0, 579, 543, 333, 443, 464, 604, 
0, 560, 768, 357, 518, 10, 926, 
0, 802, 607, 18, 693, 936, 
0, 71, 730, 677, 85, 160, 
0, 631, 21, 971, 594, 104, 322, 
0, 891, 921, 455, 129, 897, 
0, 402, 210, 298, 423, 815, 733, 
0, 344, 108, 155, 316, 86, 
0, 950, 519, 673, 536, 483, 
0, 475, 364, 280, 988, 885, 
0, 942, 833, 993, 262, 
0, 17, 647, 726, 300, 778, 
0, 829, 978, 801, 93, 694, 
0, 463, 355, 775, 319, 
0, 534, 589, 914, 719, 
0, 576, 859, 596, 336, 896, 
0, 846, 197, 476, 935, 856, 636, 
0, 358, 527, 739, 563, 23, 
0, 456, 804, 496, 866, 966, 224, 
0, 480, 283, 994, 641, 834, 
0, 881, 872, 174, 267, 275, 
0, 493, 425, 671, 522, 310, 
0, 19, 209, 849, 54, 701, 753, 
0, 229, 490, 939, 667, 263, 
0, 351, 345, 435, 412, 426, 
0, 314, 428, 806, 761, 313, 
0, 662, 397, 138, 265, 857, 
0, 196, 370, 632, 570, 404, 947, 
0, 429, 721, 201, 110, 931, 
0, 862, 39, 251, 
0, 755, 684, 255, 507, 35, 
0, 290, 392, 413, 291, 
0, 843, 477, 418, 
0, 700, 273, 63, 606, 163, 
0, 184, 165, 691, 367, 171, 485, 
0, 378, 803, 784, 176, 47, 
0, 832, 929, 416, 471, 
0, 458, 622, 100, 486, 
0, 111, 951, 434, 740, 583, 
0, 31, 623, 368, 991, 360, 
0, 645, 449, 791, 504, 789, 
0, 593, 293, 959, 306, 
0, 252, 117, 904, 780, 638, 217, 
0, 218, 503, 807, 551, 
0, 80, 912, 401, 762, 744, 
0, 879, 987, 266, 
0, 143, 820, 878, 592, 867, 
0, 915, 115, 2, 614, 346, 892, 
0, 133, 668, 837, 34, 177, 
0, 473, 621, 170, 414, 557, 
0, 633, 933, 683, 64, 123, 60, 
0, 657, 403, 441, 393, 
0, 379, 884, 998, 703, 259, 
0, 827, 506, 430, 514, 67, 
0, 956, 189, 901, 362, 620, 
0, 736, 660, 957, 819, 977, 
0, 328, 630, 617, 74, 9, 848, 
0, 277, 562, 238, 799, 955, 
0, 374, 899, 12, 628, 330, 
0, 81, 448, 281, 517, 524, 
0, 382, 916, 770, 863, 377, 
0, 128, 900, 240, 868, 590, 
0, 983, 33, 734, 335, 781, 654, 
0, 172, 288, 812, 839, 580, 
0, 405, 961, 831, 348, 509, 
0, 13, 699, 181, 76, 295, 
0, 718, 672, 666, 883, 546, 
0, 737, 188, 787, 148, 326, 855, 
0, 102, 68, 782, 442, 963, 967, 
0, 484, 371, 675, 530, 512, 132, 
0, 968, 890, 472, 489, 840, 814, 
