Solution: 194 238776.762000 296976.762000

0, 953, 915, 648, 310, 
0, 273, 645, 3, 302, 
0, 239, 664, 141, 763, 
0, 234, 279, 828, 509, 255, 
0, 554, 589, 386, 432, 967, 534, 
0, 133, 716, 351, 848, 875, 654, 
0, 934, 300, 778, 878, 59, 
0, 119, 366, 805, 359, 693, 
0, 638, 761, 274, 988, 105, 72, 
0, 346, 122, 947, 913, 887, 
0, 799, 22, 222, 331, 901, 837, 
0, 851, 730, 296, 465, 782, 
0, 580, 357, 393, 439, 
0, 758, 879, 806, 502, 249, 
0, 88, 762, 640, 146, 219, 
0, 739, 392, 143, 882, 171, 
0, 741, 692, 503, 272, 236, 
0, 922, 317, 450, 132, 
0, 271, 646, 804, 710, 269, 
0, 155, 190, 372, 339, 900, 765, 
0, 639, 361, 70, 455, 60, 
0, 283, 743, 685, 204, 985, 
0, 686, 263, 768, 335, 524, 
0, 124, 319, 744, 560, 538, 305, 
0, 376, 676, 992, 661, 713, 
0, 458, 350, 314, 98, 613, 
0, 464, 987, 397, 209, 478, 926, 
0, 21, 136, 593, 108, 891, 
0, 140, 821, 523, 487, 892, 581, 
0, 802, 543, 760, 226, 270, 
0, 147, 53, 999, 880, 110, 116, 
0, 377, 971, 889, 290, 382, 
0, 611, 244, 262, 159, 
0, 512, 817, 246, 220, 565, 51, 
0, 997, 56, 630, 575, 921, 949, 
0, 399, 551, 653, 9, 683, 
0, 615, 582, 874, 327, 208, 
0, 644, 616, 914, 384, 830, 542, 
0, 251, 256, 696, 215, 642, 
0, 515, 574, 529, 11, 930, 
0, 410, 586, 711, 927, 45, 
0, 106, 454, 73, 408, 113, 423, 
0, 298, 846, 973, 241, 749, 
0, 405, 877, 863, 516, 969, 
0, 496, 444, 275, 36, 383, 
0, 954, 463, 911, 868, 315, 736, 
0, 218, 352, 517, 428, 311, 
0, 579, 417, 4, 614, 540, 558, 
0, 633, 937, 559, 34, 180, 
0, 355, 994, 80, 984, 
0, 380, 624, 781, 420, 54, 
0, 125, 807, 606, 869, 347, 205, 
0, 742, 602, 522, 668, 709, 
0, 920, 707, 67, 368, 257, 
0, 217, 453, 942, 303, 
0, 495, 812, 479, 131, 902, 
0, 243, 407, 520, 301, 
0, 955, 299, 123, 977, 25, 
0, 374, 960, 237, 737, 786, 128, 
0, 494, 592, 834, 344, 508, 
0, 748, 248, 447, 541, 665, 
0, 747, 294, 425, 649, 364, 
0, 829, 501, 430, 796, 307, 
0, 18, 872, 354, 785, 636, 31, 
0, 729, 295, 734, 986, 457, 531, 
0, 619, 160, 135, 265, 
0, 429, 340, 12, 154, 
0, 431, 916, 150, 570, 650, 
0, 469, 623, 170, 191, 27, 
0, 577, 867, 962, 637, 90, 
0, 870, 740, 845, 852, 184, 
0, 983, 772, 811, 434, 596, 643, 
0, 388, 127, 289, 773, 
0, 731, 78, 751, 483, 881, 
0, 19, 199, 55, 708, 756, 
0, 757, 210, 993, 198, 561, 
0, 77, 727, 402, 194, 978, 
0, 566, 193, 137, 722, 62, 628, 
0, 117, 518, 261, 264, 
0, 443, 935, 378, 287, 196, 254, 
0, 970, 20, 894, 115, 
0, 657, 247, 214, 750, 939, 
0, 549, 142, 681, 753, 187, 
0, 485, 332, 873, 259, 169, 
0, 451, 276, 703, 438, 754, 321, 
0, 74, 569, 23, 292, 186, 556, 
0, 476, 787, 212, 966, 634, 
0, 989, 398, 16, 206, 797, 567, 
0, 733, 769, 121, 5, 783, 990, 
0, 285, 336, 320, 286, 118, 
0, 698, 803, 651, 800, 394, 
0, 151, 353, 527, 50, 176, 641, 
0, 474, 35, 779, 550, 591, 
0, 130, 909, 93, 853, 
0, 370, 706, 14, 917, 725, 
0, 656, 893, 28, 24, 587, 149, 
0, 418, 525, 849, 732, 899, 
0, 521, 943, 856, 675, 528, 588, 
0, 850, 349, 974, 513, 610, 
0, 291, 362, 313, 229, 728, 
0, 712, 981, 714, 96, 345, 941, 
0, 471, 658, 959, 360, 387, 40, 
0, 213, 240, 202, 104, 389, 
0, 793, 607, 460, 652, 700, 825, 
0, 401, 8, 371, 888, 404, 726, 
0, 343, 662, 932, 268, 233, 842, 
0, 48, 715, 687, 673, 912, 138, 
0, 895, 617, 766, 197, 66, 
0, 835, 933, 415, 467, 
0, 952, 519, 678, 65, 
0, 449, 717, 97, 980, 318, 788, 
0, 814, 925, 691, 699, 
0, 976, 838, 885, 168, 224, 
0, 111, 322, 578, 585, 801, 448, 
0, 631, 818, 689, 400, 780, 552, 
0, 486, 808, 789, 480, 620, 
0, 680, 572, 477, 752, 898, 
0, 200, 422, 963, 227, 
0, 928, 666, 718, 500, 598, 
0, 33, 950, 58, 938, 109, 775, 
0, 688, 600, 466, 258, 421, 
0, 847, 996, 473, 419, 674, 
0, 876, 369, 396, 37, 95, 697, 
0, 573, 79, 590, 903, 216, 
0, 655, 545, 792, 334, 139, 
0, 864, 174, 755, 810, 297, 
0, 539, 906, 505, 232, 337, 225, 
0, 998, 281, 
0, 328, 629, 436, 153, 490, 
0, 87, 461, 827, 126, 64, 
0, 958, 897, 826, 84, 413, 
0, 819, 195, 621, 242, 
0, 166, 603, 424, 690, 890, 
0, 679, 288, 919, 865, 375, 412, 
0, 489, 553, 795, 555, 
0, 308, 820, 179, 767, 671, 
0, 908, 183, 907, 622, 309, 
0, 238, 280, 92, 482, 
0, 330, 510, 594, 165, 
0, 6, 329, 441, 764, 459, 604, 
0, 770, 312, 152, 507, 29, 
0, 514, 445, 961, 965, 499, 173, 
0, 7, 599, 211, 250, 426, 47, 
0, 694, 267, 982, 584, 475, 390, 
0, 181, 164, 323, 94, 886, 
0, 557, 203, 277, 738, 10, 
0, 266, 677, 794, 17, 719, 
0, 57, 746, 972, 991, 626, 563, 
0, 145, 840, 427, 536, 537, 
0, 188, 918, 535, 348, 843, 815, 
0, 831, 979, 15, 76, 632, 
0, 101, 293, 841, 367, 356, 
0, 278, 326, 324, 107, 42, 
0, 39, 26, 252, 82, 156, 904, 
0, 381, 406, 409, 316, 532, 
0, 924, 182, 605, 546, 
0, 245, 120, 81, 129, 260, 860, 
0, 701, 41, 284, 221, 
0, 618, 2, 468, 484, 824, 86, 
0, 112, 497, 167, 777, 547, 
0, 948, 533, 472, 223, 85, 858, 
0, 488, 163, 601, 144, 
0, 905, 189, 609, 627, 161, 
0, 452, 635, 32, 859, 871, 
0, 504, 548, 493, 833, 
0, 936, 358, 857, 695, 
0, 910, 75, 667, 30, 342, 896, 
0, 207, 437, 416, 832, 784, 
0, 647, 1, 684, 91, 
0, 884, 235, 866, 157, 
0, 114, 660, 433, 44, 816, 481, 
0, 103, 759, 682, 456, 745, 583, 
0, 526, 395, 608, 946, 
0, 435, 836, 38, 99, 951, 
0, 944, 929, 363, 442, 201, 
0, 723, 663, 923, 61, 839, 13, 
0, 341, 544, 571, 1000, 498, 
0, 721, 844, 63, 855, 192, 
0, 957, 46, 861, 595, 333, 228, 
0, 148, 822, 883, 102, 995, 
0, 809, 940, 975, 185, 968, 325, 
0, 470, 612, 158, 306, 854, 
0, 69, 576, 68, 379, 231, 
0, 178, 492, 506, 49, 391, 
0, 446, 672, 774, 52, 304, 
0, 564, 625, 89, 43, 175, 
0, 100, 776, 931, 702, 491, 
0, 230, 568, 705, 71, 670, 
0, 956, 823, 791, 440, 414, 562, 
0, 735, 724, 669, 530, 511, 134, 
0, 862, 282, 373, 462, 945, 385, 177, 
0, 172, 253, 813, 704, 790, 83, 
0, 597, 659, 338, 771, 411, 162, 
0, 403, 964, 798, 365, 720, 
