Solution: 194 237089.636000 295289.636000

0, 561, 782, 566, 821, 431, 
0, 35, 968, 384, 186, 36, 
0, 336, 679, 64, 
0, 823, 710, 693, 604, 660, 
0, 807, 871, 356, 101, 952, 
0, 309, 830, 972, 853, 543, 
0, 489, 167, 468, 699, 
0, 230, 685, 688, 1000, 268, 
0, 936, 249, 190, 163, 
0, 902, 318, 452, 134, 62, 
0, 343, 734, 91, 182, 
0, 473, 68, 870, 314, 627, 
0, 86, 464, 837, 338, 127, 
0, 927, 542, 658, 541, 905, 835, 
0, 451, 501, 425, 805, 986, 
0, 477, 520, 67, 378, 896, 
0, 472, 12, 419, 362, 733, 
0, 638, 901, 1, 253, 344, 553, 
0, 242, 164, 290, 783, 
0, 57, 120, 812, 728, 136, 
0, 530, 73, 8, 157, 
0, 426, 844, 361, 441, 567, 
0, 716, 360, 913, 358, 978, 
0, 103, 173, 683, 459, 753, 219, 
0, 125, 800, 58, 636, 109, 575, 
0, 209, 631, 56, 951, 168, 
0, 398, 508, 364, 478, 656, 
0, 865, 390, 994, 81, 
0, 269, 555, 653, 311, 216, 
0, 195, 329, 485, 254, 
0, 630, 19, 245, 571, 584, 152, 
0, 950, 689, 761, 465, 
0, 3, 332, 483, 429, 83, 
0, 635, 730, 672, 415, 525, 138, 
0, 647, 615, 918, 382, 839, 537, 
0, 368, 540, 731, 185, 405, 
0, 466, 916, 52, 316, 745, 
0, 577, 412, 851, 63, 802, 291, 
0, 754, 359, 671, 60, 303, 
0, 955, 393, 46, 536, 523, 585, 
0, 956, 72, 796, 439, 964, 417, 
0, 463, 629, 436, 924, 879, 
0, 651, 37, 146, 682, 762, 43, 
0, 828, 690, 396, 790, 546, 
0, 243, 247, 192, 917, 626, 
0, 255, 743, 257, 700, 644, 
0, 279, 181, 531, 834, 605, 
0, 727, 777, 593, 809, 38, 
0, 455, 888, 445, 963, 833, 84, 
0, 611, 704, 898, 469, 259, 416, 
0, 744, 117, 887, 705, 161, 
0, 454, 427, 28, 864, 589, 
0, 47, 814, 662, 893, 826, 
0, 375, 623, 89, 717, 532, 
0, 843, 935, 410, 470, 
0, 590, 289, 922, 433, 265, 
0, 78, 141, 983, 581, 387, 655, 
0, 958, 663, 959, 831, 620, 
0, 595, 876, 794, 409, 217, 563, 
0, 115, 614, 480, 878, 330, 618, 
0, 184, 974, 606, 758, 179, 
0, 453, 128, 25, 22, 775, 755, 
0, 424, 759, 484, 574, 308, 949, 
0, 15, 80, 719, 132, 
0, 816, 942, 572, 220, 479, 
0, 740, 960, 353, 515, 403, 841, 
0, 326, 547, 490, 625, 
0, 534, 912, 648, 505, 588, 
0, 829, 203, 848, 246, 
0, 444, 189, 607, 842, 526, 
0, 564, 708, 714, 287, 633, 
0, 984, 932, 277, 619, 307, 
0, 172, 601, 2, 792, 991, 
0, 765, 408, 801, 165, 226, 
0, 456, 587, 130, 337, 
0, 380, 399, 718, 746, 317, 
0, 402, 583, 723, 55, 711, 764, 
0, 126, 954, 40, 787, 193, 551, 
0, 586, 170, 872, 76, 
0, 569, 976, 10, 920, 228, 
0, 275, 649, 803, 423, 499, 
0, 191, 313, 221, 50, 328, 
0, 931, 681, 421, 39, 669, 
0, 150, 149, 926, 61, 706, 51, 
0, 395, 781, 545, 100, 96, 701, 
0, 947, 877, 260, 677, 
0, 910, 204, 327, 448, 347, 943, 
0, 742, 198, 720, 437, 763, 579, 
0, 729, 371, 283, 391, 928, 7, 
0, 702, 811, 657, 808, 389, 
0, 558, 295, 993, 665, 434, 
0, 552, 846, 889, 233, 
0, 921, 119, 640, 613, 548, 177, 
0, 957, 350, 973, 591, 108, 319, 
0, 925, 385, 961, 639, 845, 
0, 239, 513, 352, 856, 97, 
0, 379, 622, 789, 760, 315, 
0, 810, 528, 474, 488, 897, 263, 
0, 218, 686, 69, 458, 107, 797, 
0, 354, 522, 752, 565, 21, 
0, 504, 985, 88, 650, 527, 142, 
0, 286, 516, 261, 535, 
0, 471, 621, 592, 171, 
0, 304, 264, 156, 223, 
0, 510, 667, 231, 135, 559, 183, 
0, 17, 284, 751, 214, 238, 578, 
0, 224, 244, 965, 544, 684, 
0, 695, 827, 251, 820, 881, 788, 
0, 201, 570, 817, 155, 491, 
0, 148, 847, 363, 44, 450, 
0, 144, 521, 608, 373, 747, 90, 
0, 154, 74, 612, 162, 306, 941, 
0, 250, 121, 712, 386, 
0, 158, 199, 370, 333, 795, 131, 
0, 133, 372, 241, 422, 312, 41, 
0, 197, 365, 696, 838, 342, 
0, 495, 153, 34, 208, 908, 
0, 29, 23, 256, 334, 374, 235, 
0, 449, 137, 524, 6, 933, 
0, 900, 981, 506, 48, 388, 
0, 322, 670, 725, 556, 143, 
0, 668, 392, 145, 346, 401, 907, 
0, 858, 832, 857, 741, 906, 982, 
0, 151, 4, 252, 225, 500, 596, 
0, 116, 196, 767, 234, 355, 
0, 273, 880, 272, 946, 118, 
0, 430, 580, 732, 533, 305, 
0, 562, 394, 13, 205, 793, 27, 
0, 989, 169, 406, 95, 890, 
0, 661, 664, 411, 237, 875, 339, 
0, 139, 509, 174, 674, 511, 
0, 113, 940, 554, 30, 654, 492, 
0, 840, 979, 210, 698, 98, 33, 
0, 53, 285, 779, 340, 
0, 645, 739, 93, 302, 
0, 106, 538, 122, 202, 114, 937, 
0, 995, 597, 222, 294, 420, 768, 
0, 443, 938, 377, 104, 
0, 11, 709, 836, 82, 26, 
0, 461, 351, 659, 482, 
0, 873, 962, 715, 930, 42, 
0, 376, 970, 894, 292, 413, 
0, 111, 325, 576, 582, 599, 785, 
0, 923, 929, 432, 703, 628, 
0, 911, 112, 160, 438, 735, 
0, 867, 724, 99, 75, 324, 863, 
0, 652, 79, 397, 310, 92, 
0, 868, 999, 883, 110, 874, 
0, 953, 600, 750, 227, 885, 713, 
0, 560, 299, 59, 529, 383, 9, 
0, 998, 281, 
0, 87, 293, 215, 772, 643, 
0, 632, 298, 276, 990, 105, 71, 
0, 496, 266, 159, 407, 
0, 176, 824, 687, 707, 799, 987, 
0, 381, 
0, 939, 776, 977, 32, 610, 
0, 997, 270, 66, 476, 442, 
0, 512, 919, 573, 514, 519, 
0, 769, 124, 862, 637, 212, 
0, 321, 737, 341, 780, 166, 
0, 969, 278, 282, 335, 
0, 722, 697, 945, 366, 258, 
0, 20, 232, 784, 869, 404, 
0, 642, 904, 85, 200, 24, 
0, 467, 944, 861, 678, 850, 825, 
0, 348, 123, 457, 207, 65, 
0, 855, 996, 475, 94, 860, 
0, 549, 367, 211, 70, 673, 
0, 446, 866, 980, 539, 909, 
0, 31, 280, 267, 988, 460, 773, 
0, 229, 414, 791, 54, 301, 
0, 598, 187, 691, 323, 502, 
0, 766, 882, 813, 886, 175, 481, 
0, 891, 236, 178, 262, 297, 320, 
0, 786, 616, 774, 818, 892, 
0, 345, 666, 934, 271, 14, 726, 
0, 77, 778, 418, 692, 895, 
0, 331, 428, 213, 854, 594, 646, 
0, 884, 975, 129, 948, 5, 859, 
0, 248, 400, 517, 300, 102, 
0, 487, 815, 798, 180, 49, 
0, 915, 634, 756, 757, 903, 
0, 518, 18, 16, 493, 966, 349, 
0, 369, 680, 447, 849, 194, 
0, 486, 694, 503, 274, 240, 
0, 498, 675, 819, 550, 
0, 45, 914, 721, 676, 497, 
0, 749, 609, 771, 206, 288, 899, 
0, 494, 568, 971, 992, 624, 557, 
0, 736, 296, 804, 806, 603, 507, 
0, 617, 435, 440, 462, 822, 602, 
0, 738, 748, 852, 357, 188, 
0, 140, 770, 641, 147, 967, 
