Solution: 195 237590.696000 296090.696000

0, 225, 186, 693, 327, 251, 616, 
0, 472, 615, 159, 308, 862, 
0, 594, 291, 926, 967, 607, 
0, 551, 935, 918, 67, 424, 
0, 454, 195, 282, 376, 344, 950, 
0, 335, 320, 457, 127, 631, 
0, 886, 632, 949, 863, 
0, 994, 545, 140, 423, 490, 
0, 174, 287, 688, 851, 40, 
0, 828, 775, 977, 244, 
0, 650, 50, 999, 866, 593, 
0, 54, 115, 698, 505, 409, 906, 
0, 915, 345, 603, 11, 154, 
0, 456, 526, 943, 144, 601, 539, 
0, 330, 397, 379, 8, 859, 
0, 224, 567, 512, 428, 314, 
0, 119, 732, 805, 272, 237, 580, 
0, 682, 609, 605, 656, 707, 835, 
0, 856, 996, 474, 421, 676, 
0, 858, 657, 3, 7, 
0, 183, 540, 836, 73, 28, 
0, 853, 610, 280, 745, 82, 
0, 246, 245, 485, 189, 654, 
0, 743, 216, 683, 17, 727, 
0, 238, 510, 523, 152, 61, 
0, 659, 302, 854, 774, 587, 148, 
0, 941, 278, 467, 701, 
0, 271, 982, 584, 392, 566, 
0, 348, 938, 750, 711, 800, 985, 
0, 959, 329, 875, 811, 784, 411, 
0, 475, 31, 986, 338, 525, 257, 
0, 705, 813, 655, 12, 396, 847, 324, 
0, 570, 70, 404, 312, 84, 
0, 360, 259, 373, 606, 653, 
0, 94, 786, 128, 710, 57, 181, 
0, 341, 425, 398, 930, 10, 
0, 957, 987, 573, 87, 173, 
0, 884, 267, 156, 
0, 561, 697, 826, 248, 301, 527, 
0, 928, 390, 170, 229, 909, 
0, 634, 699, 356, 164, 658, 
0, 18, 72, 916, 796, 15, 808, 564, 
0, 729, 870, 597, 873, 908, 845, 
0, 236, 648, 355, 482, 
0, 917, 365, 438, 550, 
0, 44, 816, 660, 565, 24, 
0, 521, 326, 751, 555, 213, 
0, 241, 283, 292, 782, 
0, 78, 449, 201, 622, 954, 
0, 803, 187, 448, 541, 96, 
0, 637, 480, 111, 665, 995, 
0, 122, 827, 692, 905, 981, 
0, 132, 506, 172, 673, 509, 
0, 911, 106, 157, 108, 233, 
0, 403, 2, 513, 250, 347, 667, 
0, 69, 366, 913, 389, 364, 
0, 940, 19, 226, 821, 885, 788, 
0, 494, 922, 574, 511, 519, 
0, 5, 599, 679, 452, 507, 131, 
0, 385, 406, 268, 895, 
0, 956, 755, 375, 896, 542, 
0, 146, 832, 890, 709, 342, 
0, 838, 499, 431, 791, 613, 
0, 42, 662, 418, 388, 839, 920, 
0, 746, 777, 417, 694, 897, 
0, 740, 63, 316, 630, 503, 
0, 126, 116, 203, 290, 
0, 872, 34, 247, 160, 
0, 182, 980, 498, 45, 393, 
0, 713, 590, 669, 274, 
0, 310, 790, 240, 744, 319, 
0, 625, 450, 263, 
0, 484, 339, 261, 171, 907, 
0, 407, 515, 304, 477, 761, 
0, 633, 22, 134, 595, 102, 321, 
0, 147, 495, 296, 787, 313, 
0, 973, 354, 402, 153, 383, 235, 
0, 620, 279, 285, 763, 220, 
0, 532, 912, 738, 300, 793, 
0, 473, 337, 76, 25, 898, 548, 
0, 420, 649, 21, 893, 834, 75, 
0, 459, 433, 273, 114, 560, 48, 
0, 145, 937, 371, 95, 104, 
0, 614, 696, 500, 861, 
0, 471, 624, 596, 196, 27, 
0, 579, 538, 336, 444, 464, 604, 
0, 934, 602, 670, 60, 
0, 6, 651, 671, 524, 177, 
0, 281, 179, 528, 353, 497, 
0, 394, 491, 608, 877, 211, 
0, 508, 303, 466, 232, 
0, 948, 363, 71, 984, 
0, 635, 121, 277, 988, 99, 65, 
0, 242, 666, 139, 770, 
0, 100, 460, 66, 408, 123, 910, 
0, 20, 942, 554, 30, 652, 825, 481, 
0, 989, 400, 722, 125, 
0, 191, 903, 470, 93, 88, 
0, 731, 286, 900, 468, 260, 960, 970, 
0, 109, 663, 921, 253, 427, 190, 
0, 143, 92, 687, 979, 533, 553, 
0, 748, 611, 382, 98, 
0, 206, 747, 724, 52, 715, 764, 
0, 976, 831, 518, 487, 899, 867, 
0, 766, 815, 318, 29, 158, 
0, 997, 714, 62, 476, 447, 
0, 270, 435, 881, 752, 583, 
0, 352, 975, 855, 965, 642, 26, 
0, 689, 202, 331, 462, 101, 35, 
0, 432, 844, 993, 445, 568, 
0, 130, 814, 135, 730, 58, 489, 
0, 725, 577, 783, 322, 798, 
0, 617, 582, 733, 517, 446, 
0, 208, 289, 718, 284, 185, 
0, 501, 543, 842, 262, 868, 
0, 765, 1, 83, 221, 222, 
0, 138, 736, 1000, 343, 919, 136, 
0, 150, 749, 678, 531, 307, 
0, 735, 299, 742, 124, 901, 
0, 23, 228, 255, 49, 175, 
0, 869, 520, 857, 968, 638, 
0, 891, 944, 822, 534, 852, 824, 
0, 492, 592, 843, 349, 504, 
0, 223, 384, 789, 762, 317, 
0, 983, 781, 436, 413, 936, 37, 
0, 79, 797, 874, 167, 557, 
0, 405, 966, 809, 807, 728, 
0, 110, 192, 850, 768, 469, 
0, 188, 415, 802, 204, 645, 
0, 563, 378, 80, 795, 416, 640, 
0, 823, 931, 695, 706, 
0, 218, 998, 717, 256, 
0, 600, 295, 13, 924, 412, 
0, 493, 923, 149, 205, 440, 
0, 578, 848, 627, 36, 887, 
0, 486, 817, 799, 178, 46, 
0, 681, 451, 806, 429, 197, 
0, 294, 381, 243, 969, 546, 591, 
0, 325, 686, 133, 200, 269, 
0, 311, 829, 184, 544, 756, 
0, 951, 691, 377, 86, 391, 
0, 741, 68, 258, 702, 646, 
0, 552, 846, 892, 641, 59, 
0, 39, 367, 151, 328, 865, 
0, 812, 194, 612, 434, 74, 
0, 972, 974, 502, 771, 180, 
0, 708, 883, 176, 264, 
0, 958, 833, 953, 442, 234, 734, 
0, 77, 465, 837, 120, 265, 
0, 422, 792, 946, 306, 
0, 105, 536, 231, 372, 361, 
0, 914, 690, 723, 675, 879, 230, 
0, 621, 549, 488, 629, 
0, 386, 275, 239, 112, 
0, 737, 569, 860, 721, 772, 
0, 358, 249, 219, 759, 703, 
0, 97, 298, 207, 876, 369, 700, 
0, 458, 818, 43, 399, 214, 
0, 639, 288, 778, 227, 
0, 562, 537, 760, 118, 
0, 380, 626, 81, 41, 455, 
0, 212, 419, 810, 964, 804, 293, 
0, 198, 571, 819, 882, 90, 
0, 779, 315, 215, 47, 556, 
0, 644, 14, 141, 252, 33, 
0, 559, 297, 992, 664, 439, 
0, 925, 113, 643, 453, 351, 56, 
0, 333, 636, 757, 758, 945, 
0, 516, 947, 864, 677, 522, 588, 
0, 955, 514, 680, 529, 479, 
0, 401, 780, 547, 51, 305, 
0, 598, 880, 359, 16, 841, 535, 
0, 276, 776, 576, 585, 103, 155, 
0, 107, 767, 169, 684, 334, 530, 
0, 871, 55, 801, 217, 754, 332, 
0, 168, 117, 426, 199, 990, 
0, 463, 441, 85, 350, 685, 
0, 496, 674, 820, 323, 266, 
0, 961, 661, 962, 830, 623, 
0, 254, 668, 726, 340, 137, 
0, 193, 370, 53, 572, 927, 952, 
0, 647, 769, 849, 32, 209, 
0, 430, 618, 773, 309, 888, 
0, 163, 619, 387, 142, 
0, 878, 586, 719, 933, 38, 
0, 346, 785, 461, 575, 483, 
0, 720, 902, 210, 89, 161, 
0, 589, 166, 889, 91, 704, 
0, 581, 362, 395, 443, 
0, 739, 963, 357, 9, 410, 162, 
0, 971, 939, 4, 794, 
0, 840, 978, 165, 414, 478, 932, 
0, 904, 437, 368, 129, 
0, 894, 374, 712, 64, 672, 
0, 929, 753, 991, 716, 628, 558, 
