Solution: 195 237306.118000 295806.118000

0, 878, 586, 719, 933, 38, 
0, 614, 696, 500, 861, 
0, 997, 356, 695, 706, 
0, 620, 336, 444, 434, 74, 
0, 42, 662, 418, 388, 839, 920, 
0, 480, 832, 890, 709, 995, 
0, 637, 459, 433, 273, 176, 114, 
0, 639, 288, 778, 227, 
0, 577, 875, 619, 322, 798, 
0, 589, 935, 918, 318, 158, 
0, 902, 980, 502, 45, 393, 
0, 276, 496, 806, 429, 197, 175, 
0, 579, 853, 292, 200, 782, 
0, 224, 760, 537, 483, 309, 
0, 562, 198, 135, 730, 58, 61, 
0, 69, 928, 390, 170, 229, 
0, 218, 243, 969, 676, 
0, 206, 747, 724, 52, 715, 764, 
0, 39, 163, 265, 954, 59, 
0, 731, 377, 286, 86, 391, 
0, 858, 657, 3, 7, 
0, 471, 624, 596, 196, 27, 
0, 18, 72, 916, 796, 15, 808, 564, 
0, 660, 326, 726, 204, 556, 
0, 956, 55, 797, 217, 754, 638, 
0, 735, 299, 609, 809, 807, 728, 
0, 740, 295, 924, 183, 412, 
0, 536, 768, 231, 274, 
0, 552, 846, 892, 641, 82, 
0, 869, 831, 518, 487, 899, 867, 
0, 54, 115, 814, 716, 152, 489, 
0, 682, 966, 304, 477, 761, 
0, 581, 76, 395, 443, 
0, 494, 610, 280, 745, 8, 859, 
0, 917, 636, 250, 347, 553, 
0, 785, 346, 436, 413, 936, 37, 
0, 193, 370, 53, 572, 927, 952, 
0, 403, 188, 415, 802, 340, 
0, 900, 600, 468, 260, 424, 
0, 491, 121, 574, 673, 321, 
0, 107, 767, 169, 684, 752, 583, 
0, 191, 333, 762, 482, 
0, 330, 397, 379, 949, 75, 
0, 940, 303, 226, 821, 885, 12, 
0, 823, 931, 566, 440, 653, 
0, 310, 686, 723, 269, 
0, 454, 195, 282, 376, 96, 
0, 925, 113, 643, 453, 758, 266, 
0, 872, 34, 247, 396, 
0, 77, 922, 153, 791, 548, 
0, 828, 465, 467, 701, 209, 
0, 856, 996, 474, 421, 160, 
0, 708, 883, 264, 970, 960, 
0, 647, 827, 692, 172, 557, 
0, 119, 554, 942, 30, 652, 190, 
0, 432, 923, 149, 205, 909, 
0, 270, 679, 805, 17, 727, 
0, 625, 513, 263, 533, 
0, 746, 777, 426, 694, 897, 
0, 241, 283, 675, 879, 230, 
0, 737, 569, 860, 505, 772, 
0, 705, 813, 655, 466, 232, 
0, 493, 437, 368, 445, 568, 
0, 143, 297, 850, 992, 664, 
0, 561, 697, 826, 248, 301, 527, 
0, 242, 666, 139, 770, 
0, 989, 400, 841, 262, 868, 
0, 972, 987, 974, 877, 771, 645, 
0, 223, 384, 789, 317, 
0, 43, 817, 799, 627, 178, 
0, 765, 315, 215, 498, 211, 
0, 602, 749, 221, 702, 222, 
0, 929, 753, 698, 991, 628, 558, 
0, 394, 165, 414, 87, 91, 33, 
0, 100, 460, 66, 408, 36, 703, 
0, 325, 690, 736, 1000, 895, 293, 
0, 126, 378, 80, 795, 416, 640, 
0, 150, 545, 452, 423, 490, 
0, 840, 366, 913, 364, 990, 
0, 886, 632, 255, 49, 411, 910, 
0, 110, 713, 836, 73, 28, 137, 
0, 971, 939, 417, 469, 
0, 959, 329, 776, 585, 144, 576, 
0, 208, 289, 718, 284, 185, 
0, 94, 786, 128, 57, 710, 48, 
0, 532, 912, 738, 300, 793, 
0, 78, 449, 201, 622, 519, 
0, 109, 663, 921, 507, 524, 851, 
0, 335, 320, 457, 127, 631, 
0, 430, 618, 773, 965, 642, 26, 
0, 311, 829, 184, 389, 544, 
0, 633, 22, 134, 595, 102, 898, 
0, 508, 19, 847, 181, 788, 324, 
0, 540, 911, 13, 630, 328, 
0, 147, 538, 365, 757, 56, 667, 
0, 132, 874, 316, 234, 734, 
0, 380, 626, 81, 41, 455, 
0, 769, 277, 25, 587, 148, 
0, 973, 354, 402, 988, 99, 756, 
0, 133, 279, 285, 103, 155, 
0, 803, 407, 515, 541, 
0, 958, 833, 801, 943, 601, 784, 
0, 246, 245, 485, 189, 654, 
0, 463, 355, 98, 
0, 97, 816, 759, 608, 177, 
0, 894, 140, 683, 272, 237, 580, 
0, 146, 145, 937, 342, 29, 704, 
0, 621, 549, 488, 629, 
0, 948, 844, 993, 259, 
0, 348, 111, 371, 95, 560, 
0, 516, 947, 864, 399, 522, 932, 
0, 187, 448, 605, 656, 707, 835, 
0, 741, 68, 258, 83, 
0, 5, 599, 216, 427, 40, 
0, 871, 302, 854, 774, 383, 235, 
0, 456, 725, 687, 979, 233, 323, 
0, 345, 106, 157, 623, 439, 
0, 360, 373, 476, 392, 658, 
0, 486, 578, 881, 334, 530, 
0, 634, 699, 982, 584, 447, 
0, 238, 510, 523, 9, 950, 
0, 650, 50, 999, 866, 593, 
0, 475, 31, 744, 338, 319, 
0, 385, 406, 409, 986, 124, 162, 
0, 63, 953, 442, 763, 332, 
0, 20, 287, 938, 665, 104, 
0, 225, 422, 792, 946, 616, 
0, 174, 750, 688, 711, 800, 985, 
0, 957, 367, 210, 89, 161, 
0, 44, 207, 298, 369, 700, 
0, 720, 186, 693, 327, 251, 
0, 281, 179, 534, 822, 464, 604, 
0, 105, 192, 372, 108, 361, 
0, 352, 118, 461, 575, 888, 
0, 484, 261, 171, 907, 
0, 473, 337, 506, 362, 167, 
0, 386, 275, 239, 112, 
0, 891, 470, 528, 353, 852, 824, 
0, 551, 374, 398, 930, 10, 
0, 451, 975, 122, 855, 129, 
0, 812, 526, 837, 120, 142, 387, 
0, 492, 592, 843, 349, 504, 
0, 729, 870, 597, 811, 101, 35, 
0, 635, 941, 278, 977, 511, 
0, 420, 649, 967, 93, 88, 
0, 168, 117, 4, 794, 
0, 611, 382, 203, 290, 901, 
0, 983, 781, 512, 428, 314, 
0, 559, 848, 529, 479, 46, 
0, 659, 520, 857, 968, 905, 981, 
0, 598, 880, 359, 16, 410, 535, 
0, 961, 661, 962, 830, 199, 
0, 405, 344, 268, 721, 906, 
0, 691, 951, 381, 998, 717, 256, 
0, 450, 674, 820, 539, 
0, 884, 267, 156, 
0, 779, 249, 219, 180, 220, 
0, 570, 70, 404, 312, 84, 
0, 501, 543, 742, 842, 
0, 401, 780, 547, 51, 305, 
0, 425, 341, 712, 64, 672, 
0, 838, 79, 603, 11, 154, 
0, 976, 441, 85, 350, 685, 
0, 182, 944, 573, 214, 478, 
0, 994, 495, 296, 253, 555, 213, 
0, 458, 818, 2, 677, 834, 
0, 775, 849, 244, 984, 
0, 914, 499, 431, 509, 65, 
0, 904, 363, 71, 32, 613, 
0, 254, 1, 590, 123, 865, 
0, 294, 903, 21, 893, 252, 
0, 743, 732, 671, 131, 542, 
0, 915, 194, 612, 151, 503, 
0, 748, 339, 116, 722, 125, 
0, 212, 419, 810, 964, 804, 588, 
0, 594, 291, 926, 863, 607, 
0, 6, 751, 651, 565, 307, 
0, 617, 435, 787, 313, 24, 
0, 681, 92, 438, 550, 497, 
0, 644, 14, 141, 306, 
0, 472, 615, 159, 308, 862, 
0, 766, 815, 889, 173, 
0, 755, 375, 896, 825, 481, 
0, 934, 668, 670, 60, 
0, 563, 236, 648, 546, 591, 
0, 714, 271, 62, 606, 164, 
0, 689, 202, 331, 462, 351, 945, 
0, 514, 678, 669, 646, 
0, 23, 228, 783, 873, 908, 845, 
0, 357, 963, 790, 240, 525, 257, 
0, 955, 582, 680, 733, 517, 446, 
0, 138, 739, 567, 343, 919, 136, 
0, 358, 521, 47, 887, 531, 
0, 130, 571, 819, 882, 90, 
0, 978, 166, 876, 67, 
