Solution: 194 237461.630000 295661.630000

0, 727, 675, 784, 334, 374, 539, 
0, 766, 882, 813, 98, 701, 
0, 955, 313, 221, 50, 182, 
0, 129, 464, 837, 127, 147, 
0, 445, 498, 819, 550, 
0, 292, 376, 443, 998, 712, 
0, 645, 919, 124, 862, 235, 
0, 255, 79, 397, 310, 
0, 197, 631, 56, 945, 924, 951, 
0, 435, 332, 440, 429, 83, 
0, 956, 139, 25, 396, 790, 546, 
0, 749, 350, 276, 990, 105, 71, 
0, 617, 278, 282, 109, 60, 
0, 47, 173, 40, 787, 193, 551, 
0, 113, 146, 369, 672, 525, 138, 
0, 921, 119, 640, 448, 347, 943, 
0, 630, 19, 571, 22, 775, 755, 
0, 561, 201, 141, 728, 62, 628, 
0, 398, 508, 364, 478, 656, 
0, 932, 844, 34, 101, 952, 
0, 888, 800, 58, 437, 763, 
0, 638, 521, 390, 608, 747, 90, 
0, 958, 904, 85, 509, 171, 
0, 552, 846, 889, 233, 908, 
0, 285, 999, 340, 161, 
0, 224, 648, 739, 659, 
0, 29, 663, 913, 831, 978, 
0, 968, 959, 358, 384, 36, 
0, 761, 598, 898, 469, 259, 416, 
0, 250, 394, 13, 205, 793, 27, 
0, 915, 99, 593, 335, 797, 
0, 873, 962, 806, 804, 131, 
0, 855, 996, 475, 413, 
0, 172, 601, 418, 792, 470, 
0, 126, 336, 752, 555, 311, 
0, 931, 679, 64, 533, 305, 
0, 549, 367, 70, 673, 
0, 243, 668, 145, 771, 
0, 116, 538, 410, 692, 895, 
0, 4, 662, 506, 48, 822, 
0, 477, 520, 741, 906, 263, 
0, 534, 912, 505, 237, 875, 339, 
0, 286, 516, 261, 535, 
0, 115, 614, 430, 893, 826, 
0, 702, 811, 657, 808, 389, 
0, 472, 493, 16, 100, 96, 
0, 867, 3, 75, 671, 344, 553, 
0, 471, 621, 592, 200, 24, 
0, 577, 724, 980, 433, 669, 
0, 380, 399, 401, 718, 317, 
0, 754, 686, 69, 38, 499, 
0, 379, 622, 789, 760, 315, 
0, 279, 531, 253, 613, 548, 
0, 199, 280, 838, 370, 342, 907, 
0, 490, 164, 290, 
0, 957, 866, 871, 994, 639, 845, 
0, 710, 270, 66, 604, 660, 
0, 149, 53, 883, 864, 110, 
0, 495, 432, 361, 441, 212, 
0, 375, 623, 89, 44, 450, 
0, 769, 264, 156, 108, 
0, 632, 298, 690, 67, 407, 
0, 975, 385, 693, 823, 655, 
0, 248, 400, 517, 300, 
0, 111, 325, 576, 582, 809, 785, 
0, 287, 297, 320, 
0, 395, 781, 545, 54, 301, 
0, 125, 354, 522, 758, 596, 349, 
0, 496, 266, 159, 
0, 489, 167, 468, 699, 
0, 209, 365, 812, 624, 557, 
0, 840, 210, 419, 362, 698, 733, 
0, 807, 20, 232, 948, 5, 859, 
0, 560, 299, 383, 183, 59, 529, 
0, 273, 651, 427, 589, 874, 745, 
0, 486, 694, 860, 274, 240, 
0, 738, 748, 723, 55, 711, 764, 
0, 456, 363, 227, 228, 
0, 11, 709, 836, 82, 405, 
0, 530, 73, 8, 157, 
0, 736, 296, 607, 603, 658, 507, 
0, 247, 392, 583, 626, 42, 192, 
0, 86, 770, 870, 223, 579, 
0, 902, 318, 452, 134, 291, 
0, 865, 828, 776, 977, 307, 
0, 78, 267, 241, 333, 795, 
0, 15, 80, 719, 132, 
0, 191, 408, 801, 91, 
0, 195, 329, 485, 482, 
0, 925, 929, 703, 892, 
0, 954, 580, 681, 39, 885, 
0, 494, 930, 715, 917, 346, 
0, 997, 697, 983, 581, 442, 
0, 716, 393, 46, 974, 966, 226, 
0, 368, 540, 920, 185, 26, 
0, 184, 942, 572, 220, 479, 
0, 453, 816, 981, 483, 772, 643, 
0, 461, 351, 104, 
0, 547, 851, 256, 63, 625, 
0, 953, 600, 750, 732, 556, 713, 
0, 52, 916, 76, 316, 28, 
0, 652, 743, 587, 130, 909, 
0, 729, 371, 283, 391, 163, 
0, 154, 74, 612, 162, 306, 941, 
0, 558, 295, 993, 665, 717, 
0, 969, 18, 901, 254, 833, 84, 
0, 810, 528, 474, 488, 897, 967, 
0, 995, 730, 415, 779, 705, 768, 
0, 595, 876, 794, 409, 217, 563, 
0, 611, 950, 689, 503, 386, 899, 
0, 911, 112, 160, 438, 731, 
0, 381, 281, 
0, 463, 629, 436, 136, 
0, 35, 573, 501, 511, 610, 
0, 782, 759, 821, 431, 
0, 562, 664, 341, 841, 918, 142, 
0, 695, 827, 251, 820, 881, 788, 
0, 103, 814, 252, 225, 500, 216, 
0, 891, 564, 236, 178, 633, 272, 
0, 176, 683, 459, 878, 753, 
0, 45, 721, 676, 780, 403, 166, 
0, 473, 360, 853, 972, 584, 152, 
0, 512, 412, 963, 834, 605, 
0, 144, 189, 444, 541, 905, 835, 
0, 487, 815, 798, 180, 532, 
0, 609, 938, 377, 288, 206, 
0, 744, 222, 653, 565, 219, 
0, 661, 843, 935, 620, 92, 
0, 451, 359, 634, 756, 757, 265, 
0, 504, 542, 985, 842, 102, 
0, 402, 568, 852, 357, 773, 
0, 345, 666, 934, 214, 238, 578, 
0, 510, 231, 135, 559, 9, 
0, 348, 616, 774, 818, 308, 949, 
0, 778, 122, 2, 202, 991, 
0, 765, 77, 257, 700, 644, 
0, 218, 446, 803, 423, 802, 177, 
0, 590, 289, 922, 869, 783, 
0, 426, 356, 153, 208, 567, 
0, 321, 685, 140, 268, 
0, 829, 338, 277, 32, 674, 
0, 786, 424, 123, 574, 484, 41, 
0, 868, 880, 262, 946, 118, 
0, 635, 454, 37, 190, 928, 7, 
0, 106, 198, 215, 720, 165, 328, 
0, 331, 428, 213, 854, 594, 646, 
0, 569, 976, 10, 627, 324, 
0, 984, 242, 93, 302, 
0, 211, 187, 691, 323, 
0, 275, 649, 94, 388, 
0, 87, 196, 767, 234, 355, 
0, 322, 670, 725, 337, 143, 
0, 343, 734, 937, 114, 434, 
0, 23, 832, 174, 378, 982, 
0, 57, 120, 258, 366, 476, 387, 
0, 239, 513, 524, 168, 879, 
0, 740, 960, 353, 6, 933, 303, 
0, 923, 570, 817, 155, 491, 
0, 17, 940, 554, 30, 654, 492, 
0, 861, 181, 678, 523, 462, 602, 
0, 304, 777, 575, 599, 903, 
0, 742, 704, 249, 465, 
0, 884, 326, 373, 81, 404, 
0, 979, 170, 872, 886, 175, 481, 
0, 117, 271, 682, 762, 14, 726, 
0, 151, 269, 21, 294, 330, 618, 
0, 467, 989, 406, 95, 890, 585, 
0, 68, 425, 805, 986, 
0, 169, 204, 327, 458, 107, 863, 
0, 936, 667, 926, 61, 706, 51, 
0, 939, 203, 619, 514, 519, 
0, 751, 284, 824, 707, 799, 987, 
0, 133, 372, 88, 746, 527, 
0, 900, 293, 314, 735, 417, 
0, 230, 566, 515, 422, 312, 
0, 518, 944, 1, 536, 850, 825, 
0, 449, 158, 992, 971, 696, 188, 
0, 455, 229, 791, 414, 684, 
0, 947, 121, 877, 260, 677, 
0, 642, 12, 606, 179, 
0, 586, 466, 708, 714, 502, 33, 
0, 641, 796, 439, 964, 636, 
0, 150, 887, 687, 420, 194, 
0, 597, 680, 447, 849, 43, 
0, 309, 830, 186, 543, 896, 
0, 148, 847, 421, 480, 49, 
0, 647, 615, 411, 382, 839, 537, 
0, 914, 737, 1000, 688, 497, 65, 
0, 858, 457, 207, 961, 637, 
0, 137, 722, 352, 856, 97, 
0, 72, 857, 848, 246, 
0, 910, 128, 973, 245, 591, 319, 
0, 927, 31, 650, 988, 460, 526, 
0, 970, 894, 244, 965, 544, 588, 
