Solution: 193 236913.936000 294813.936000

0, 172, 601, 8, 157, 
0, 985, 31, 401, 718, 988, 460, 
0, 560, 299, 59, 529, 383, 9, 
0, 494, 748, 971, 723, 711, 764, 
0, 984, 520, 690, 514, 263, 
0, 126, 597, 672, 271, 238, 578, 
0, 86, 464, 837, 468, 519, 
0, 549, 367, 211, 70, 673, 
0, 451, 501, 425, 805, 986, 
0, 638, 20, 232, 784, 335, 404, 
0, 858, 710, 66, 366, 258, 
0, 652, 743, 91, 227, 644, 
0, 490, 547, 803, 550, 
0, 496, 266, 159, 407, 
0, 115, 336, 430, 40, 330, 532, 
0, 751, 824, 683, 787, 193, 551, 
0, 810, 528, 474, 582, 809, 785, 
0, 477, 862, 277, 101, 71, 
0, 381, 281, 
0, 902, 385, 432, 136, 
0, 956, 72, 796, 439, 964, 636, 
0, 738, 568, 852, 357, 773, 
0, 473, 360, 972, 245, 571, 105, 
0, 197, 631, 56, 476, 604, 387, 
0, 471, 621, 592, 200, 24, 
0, 958, 904, 85, 509, 171, 
0, 17, 510, 231, 135, 559, 183, 
0, 642, 210, 419, 654, 492, 
0, 16, 252, 225, 48, 966, 216, 
0, 106, 325, 777, 576, 599, 909, 
0, 273, 564, 427, 589, 874, 
0, 931, 670, 725, 337, 713, 
0, 285, 999, 161, 633, 
0, 275, 332, 483, 429, 324, 
0, 224, 244, 965, 
0, 727, 866, 593, 869, 374, 845, 
0, 632, 298, 124, 848, 32, 
0, 68, 870, 174, 674, 511, 
0, 569, 976, 587, 130, 863, 
0, 150, 149, 779, 415, 525, 138, 
0, 11, 112, 160, 438, 731, 
0, 35, 23, 256, 334, 783, 
0, 704, 286, 714, 708, 287, 
0, 375, 623, 89, 44, 450, 
0, 184, 313, 221, 500, 596, 
0, 586, 369, 893, 30, 826, 
0, 840, 979, 916, 76, 28, 701, 
0, 955, 538, 410, 692, 895, 
0, 939, 776, 338, 699, 952, 
0, 176, 284, 687, 707, 799, 987, 
0, 702, 811, 657, 808, 389, 
0, 954, 580, 681, 480, 49, 
0, 867, 898, 283, 391, 274, 240, 
0, 749, 919, 276, 990, 896, 546, 
0, 880, 236, 178, 262, 297, 320, 
0, 855, 996, 475, 94, 386, 
0, 456, 363, 64, 
0, 609, 938, 377, 104, 
0, 534, 912, 739, 505, 409, 537, 
0, 829, 203, 619, 246, 
0, 247, 392, 962, 917, 346, 188, 
0, 45, 759, 515, 422, 312, 
0, 936, 667, 926, 61, 706, 51, 
0, 530, 73, 202, 620, 978, 
0, 248, 400, 517, 300, 715, 192, 
0, 454, 466, 323, 502, 272, 
0, 865, 975, 213, 961, 637, 
0, 868, 37, 249, 163, 
0, 453, 900, 981, 506, 772, 643, 
0, 891, 170, 872, 362, 698, 733, 
0, 861, 944, 46, 536, 850, 825, 
0, 395, 545, 789, 760, 833, 
0, 927, 804, 650, 333, 795, 131, 
0, 292, 376, 894, 970, 413, 
0, 716, 187, 691, 98, 33, 
0, 487, 421, 679, 533, 305, 
0, 15, 80, 998, 712, 
0, 635, 117, 887, 705, 340, 194, 
0, 921, 516, 1, 613, 344, 903, 
0, 461, 688, 685, 1000, 268, 
0, 309, 830, 543, 853, 755, 
0, 398, 508, 364, 478, 656, 
0, 243, 668, 145, 771, 
0, 816, 942, 974, 95, 96, 
0, 463, 629, 693, 703, 
0, 647, 615, 918, 382, 839, 841, 
0, 402, 583, 626, 930, 42, 55, 
0, 540, 911, 10, 920, 735, 
0, 472, 12, 493, 349, 328, 
0, 769, 264, 977, 307, 
0, 111, 196, 767, 234, 355, 
0, 997, 270, 983, 581, 442, 
0, 558, 295, 993, 665, 717, 
0, 467, 169, 406, 485, 890, 84, 
0, 218, 446, 720, 182, 226, 
0, 116, 3, 433, 548, 499, 
0, 209, 697, 945, 924, 951, 
0, 622, 445, 261, 
0, 47, 814, 662, 50, 556, 228, 
0, 443, 664, 411, 237, 875, 339, 
0, 611, 689, 465, 946, 118, 
0, 242, 164, 290, 892, 291, 
0, 354, 522, 758, 565, 219, 
0, 969, 278, 282, 109, 303, 
0, 950, 761, 371, 190, 928, 7, 
0, 740, 782, 821, 431, 484, 
0, 807, 832, 857, 223, 579, 
0, 57, 120, 844, 153, 436, 655, 
0, 255, 79, 397, 310, 92, 
0, 521, 390, 373, 948, 90, 
0, 345, 666, 934, 214, 14, 726, 
0, 139, 25, 156, 790, 610, 
0, 128, 396, 67, 378, 982, 
0, 561, 201, 141, 728, 62, 628, 
0, 489, 167, 488, 897, 967, 
0, 426, 932, 361, 441, 212, 
0, 253, 435, 327, 83, 
0, 229, 414, 791, 54, 301, 
0, 786, 424, 457, 207, 
0, 947, 877, 260, 677, 
0, 78, 137, 722, 168, 879, 660, 
0, 828, 573, 741, 906, 127, 
0, 651, 53, 883, 864, 110, 
0, 888, 649, 963, 834, 605, 
0, 331, 428, 129, 854, 594, 
0, 742, 843, 935, 418, 470, 
0, 778, 122, 2, 792, 991, 
0, 455, 379, 315, 482, 
0, 144, 189, 444, 541, 905, 835, 
0, 630, 19, 22, 775, 584, 152, 
0, 744, 222, 653, 294, 420, 
0, 239, 513, 352, 856, 97, 
0, 204, 75, 671, 535, 553, 
0, 781, 914, 721, 676, 142, 
0, 595, 394, 719, 132, 
0, 348, 616, 774, 818, 308, 949, 
0, 154, 74, 612, 162, 306, 941, 
0, 953, 847, 798, 732, 885, 
0, 87, 871, 994, 81, 5, 859, 
0, 250, 121, 206, 288, 899, 
0, 125, 173, 459, 878, 753, 
0, 925, 318, 452, 155, 491, 
0, 486, 694, 503, 860, 
0, 562, 876, 794, 13, 205, 27, 
0, 304, 356, 34, 208, 567, 
0, 661, 648, 351, 544, 588, 
0, 279, 181, 678, 220, 479, 
0, 353, 960, 341, 780, 403, 166, 
0, 617, 686, 38, 448, 347, 943, 
0, 449, 158, 524, 6, 933, 41, 
0, 736, 296, 607, 806, 603, 507, 
0, 766, 882, 813, 886, 175, 481, 
0, 754, 359, 756, 60, 669, 
0, 765, 77, 257, 700, 434, 
0, 606, 293, 314, 627, 417, 
0, 343, 734, 937, 114, 235, 
0, 590, 289, 922, 423, 802, 177, 
0, 230, 566, 241, 746, 317, 526, 
0, 4, 322, 752, 21, 618, 
0, 552, 846, 889, 233, 908, 
0, 140, 770, 641, 147, 575, 
0, 750, 600, 555, 311, 
0, 113, 940, 554, 52, 316, 745, 
0, 910, 198, 215, 26, 165, 
0, 148, 724, 99, 980, 757, 265, 
0, 518, 800, 58, 437, 763, 
0, 29, 663, 913, 831, 358, 
0, 614, 815, 180, 39, 179, 
0, 495, 929, 823, 134, 646, 
0, 957, 350, 973, 591, 108, 319, 
0, 191, 408, 836, 82, 405, 
0, 873, 365, 812, 624, 557, 
0, 884, 326, 608, 747, 639, 
0, 498, 675, 819, 539, 625, 
0, 512, 329, 531, 254, 
0, 368, 709, 185, 801, 143, 
0, 151, 989, 572, 393, 523, 585, 
0, 995, 730, 146, 682, 762, 43, 
0, 968, 959, 384, 186, 36, 
0, 199, 280, 992, 370, 342, 907, 
0, 119, 640, 440, 462, 822, 602, 
0, 695, 827, 251, 820, 881, 788, 
0, 321, 737, 123, 574, 497, 65, 
0, 103, 269, 680, 447, 849, 768, 
0, 504, 542, 658, 842, 102, 
0, 923, 570, 817, 696, 838, 
0, 915, 634, 69, 458, 107, 797, 
0, 195, 901, 18, 100, 
0, 645, 659, 93, 302, 388, 
0, 729, 598, 469, 259, 416, 
0, 380, 399, 267, 527, 
0, 133, 372, 88, 793, 217, 563, 
0, 577, 412, 851, 63, 684, 
