Solution: 195 239303.036000 297803.036000

0, 243, 247, 192, 917, 
0, 471, 621, 174, 200, 24, 
0, 736, 296, 607, 806, 804, 507, 
0, 3, 686, 980, 869, 797, 
0, 304, 356, 153, 441, 567, 
0, 275, 649, 760, 482, 
0, 512, 851, 63, 948, 5, 859, 
0, 463, 932, 361, 233, 
0, 86, 770, 857, 741, 906, 
0, 395, 781, 545, 54, 301, 
0, 224, 244, 965, 544, 388, 
0, 248, 400, 444, 541, 102, 
0, 595, 876, 794, 409, 217, 563, 
0, 137, 513, 524, 155, 41, 
0, 632, 520, 396, 156, 378, 546, 
0, 242, 737, 676, 1000, 497, 65, 
0, 865, 862, 277, 101, 952, 
0, 504, 542, 985, 842, 526, 
0, 622, 445, 261, 
0, 915, 634, 69, 903, 344, 553, 
0, 647, 615, 918, 382, 839, 537, 
0, 376, 443, 998, 712, 
0, 744, 117, 887, 705, 110, 
0, 11, 911, 10, 920, 731, 
0, 379, 942, 974, 966, 479, 
0, 867, 516, 1, 963, 834, 
0, 326, 975, 129, 268, 
0, 995, 730, 146, 682, 762, 43, 
0, 925, 385, 693, 476, 655, 
0, 560, 695, 251, 827, 135, 559, 51, 
0, 113, 940, 612, 162, 306, 826, 
0, 904, 959, 202, 114, 937, 
0, 635, 454, 52, 316, 28, 161, 
0, 473, 360, 853, 972, 584, 152, 
0, 140, 278, 282, 109, 60, 
0, 586, 466, 916, 76, 633, 
0, 269, 672, 271, 238, 578, 
0, 368, 709, 836, 82, 26, 
0, 921, 119, 640, 448, 757, 265, 
0, 702, 811, 657, 808, 389, 416, 
0, 855, 996, 475, 413, 860, 
0, 345, 666, 934, 214, 14, 726, 
0, 642, 210, 419, 654, 492, 
0, 495, 929, 823, 703, 
0, 229, 989, 572, 220, 605, 
0, 154, 74, 525, 415, 745, 
0, 598, 128, 25, 22, 775, 755, 
0, 651, 53, 883, 864, 589, 
0, 15, 80, 719, 132, 
0, 786, 424, 457, 207, 
0, 858, 919, 690, 67, 982, 
0, 914, 688, 93, 205, 793, 
0, 284, 751, 687, 707, 799, 987, 
0, 549, 37, 249, 190, 
0, 957, 866, 777, 474, 599, 235, 
0, 230, 515, 241, 746, 317, 
0, 451, 528, 720, 429, 83, 
0, 558, 295, 993, 665, 717, 
0, 540, 293, 314, 627, 
0, 446, 871, 593, 809, 539, 
0, 840, 538, 767, 234, 355, 
0, 477, 264, 619, 514, 519, 
0, 923, 570, 817, 728, 62, 491, 
0, 614, 815, 180, 39, 328, 
0, 750, 600, 555, 311, 
0, 740, 782, 821, 422, 527, 
0, 467, 800, 58, 636, 417, 
0, 455, 414, 791, 302, 
0, 609, 938, 377, 104, 
0, 103, 814, 680, 447, 849, 768, 
0, 126, 421, 679, 732, 618, 
0, 810, 662, 252, 225, 596, 349, 
0, 211, 187, 691, 323, 98, 701, 
0, 590, 289, 922, 423, 802, 177, 
0, 947, 877, 260, 677, 
0, 279, 181, 531, 502, 
0, 873, 962, 364, 478, 
0, 766, 882, 813, 886, 175, 481, 
0, 375, 623, 89, 337, 143, 
0, 652, 79, 700, 227, 434, 
0, 765, 313, 221, 500, 216, 
0, 489, 167, 488, 897, 967, 
0, 348, 616, 774, 818, 308, 949, 
0, 554, 369, 893, 30, 33, 
0, 487, 847, 64, 533, 21, 
0, 372, 78, 353, 6, 933, 291, 
0, 910, 204, 327, 458, 38, 625, 
0, 496, 266, 159, 
0, 631, 697, 945, 387, 604, 660, 
0, 939, 203, 468, 699, 212, 
0, 742, 778, 122, 2, 792, 991, 
0, 638, 769, 124, 977, 32, 
0, 115, 336, 173, 459, 330, 532, 
0, 57, 120, 971, 992, 838, 773, 
0, 979, 170, 872, 362, 698, 733, 
0, 997, 710, 66, 366, 258, 
0, 891, 564, 236, 427, 874, 
0, 738, 568, 852, 357, 696, 
0, 958, 663, 913, 831, 620, 
0, 176, 824, 683, 878, 753, 
0, 530, 73, 8, 157, 
0, 630, 19, 571, 591, 108, 319, 
0, 380, 399, 267, 718, 
0, 87, 828, 776, 338, 307, 
0, 125, 354, 522, 758, 305, 941, 
0, 430, 580, 681, 480, 49, 
0, 453, 816, 332, 483, 772, 226, 
0, 148, 724, 99, 75, 107, 303, 
0, 4, 752, 653, 565, 219, 
0, 518, 18, 901, 116, 100, 96, 
0, 661, 509, 85, 592, 171, 
0, 250, 121, 771, 206, 288, 
0, 493, 968, 384, 358, 978, 
0, 144, 88, 650, 131, 118, 
0, 398, 508, 988, 460, 
0, 68, 870, 439, 407, 579, 
0, 47, 322, 725, 50, 182, 
0, 969, 298, 573, 674, 511, 
0, 239, 629, 432, 136, 
0, 561, 960, 431, 566, 312, 142, 
0, 426, 844, 34, 208, 628, 
0, 111, 325, 576, 582, 575, 785, 
0, 490, 547, 803, 550, 
0, 716, 169, 406, 95, 890, 585, 
0, 950, 689, 761, 465, 946, 383, 9, 
0, 381, 281, 
0, 494, 748, 723, 711, 55, 188, 
0, 321, 685, 341, 780, 166, 
0, 936, 667, 231, 820, 881, 788, 
0, 645, 501, 425, 805, 71, 
0, 23, 390, 373, 747, 90, 
0, 402, 583, 626, 42, 764, 
0, 486, 694, 503, 274, 240, 
0, 900, 981, 440, 462, 602, 
0, 197, 365, 812, 624, 557, 
0, 617, 613, 253, 535, 850, 825, 
0, 17, 209, 56, 168, 879, 
0, 931, 670, 885, 556, 713, 
0, 133, 237, 648, 505, 588, 
0, 472, 12, 606, 179, 
0, 749, 350, 276, 990, 105, 896, 
0, 218, 498, 819, 684, 
0, 727, 232, 256, 334, 374, 
0, 534, 912, 739, 659, 
0, 343, 112, 160, 438, 735, 
0, 722, 270, 983, 581, 442, 
0, 184, 16, 506, 48, 822, 643, 
0, 611, 704, 898, 469, 928, 259, 
0, 884, 464, 837, 127, 147, 
0, 902, 318, 452, 134, 908, 
0, 106, 456, 363, 91, 165, 
0, 199, 370, 342, 333, 795, 
0, 198, 215, 437, 763, 324, 
0, 999, 285, 779, 340, 194, 
0, 510, 299, 59, 529, 320, 
0, 449, 158, 280, 436, 97, 
0, 953, 954, 40, 193, 420, 138, 
0, 45, 664, 403, 841, 27, 656, 
0, 29, 435, 671, 433, 669, 
0, 888, 944, 861, 678, 833, 84, 
0, 955, 393, 46, 536, 523, 
0, 35, 20, 675, 784, 335, 909, 
0, 577, 412, 807, 548, 499, 
0, 150, 149, 926, 706, 61, 183, 
0, 201, 141, 352, 856, 924, 951, 
0, 970, 894, 292, 94, 386, 899, 
0, 569, 976, 587, 130, 863, 
0, 195, 329, 485, 254, 
0, 461, 351, 789, 315, 
0, 172, 601, 418, 692, 895, 
0, 984, 164, 290, 783, 892, 
0, 196, 798, 44, 404, 
0, 927, 189, 603, 658, 905, 835, 
0, 309, 830, 36, 186, 543, 
0, 754, 359, 756, 450, 347, 943, 
0, 552, 846, 889, 639, 845, 
0, 139, 973, 245, 790, 610, 
0, 191, 408, 801, 185, 405, 
0, 521, 608, 994, 81, 
0, 868, 880, 178, 262, 272, 
0, 77, 734, 397, 310, 92, 
0, 255, 743, 257, 644, 228, 
0, 286, 708, 714, 287, 297, 
0, 151, 832, 641, 961, 637, 
0, 668, 392, 145, 346, 401, 907, 
0, 956, 72, 796, 223, 964, 263, 
0, 331, 428, 213, 854, 594, 646, 
0, 843, 935, 410, 470, 
0, 729, 371, 283, 391, 163, 7, 
0, 31, 300, 517, 930, 715, 
0, 597, 222, 294, 787, 551, 
0, 829, 848, 246, 986, 
0, 721, 759, 123, 574, 484, 
0, 562, 394, 13, 411, 875, 339, 
0, 273, 367, 70, 673, 
