Solution: 194 238676.816000 296876.816000

0, 953, 614, 421, 64, 
0, 103, 814, 606, 16, 890, 
0, 609, 938, 377, 288, 206, 771, 
0, 968, 935, 410, 470, 
0, 957, 325, 871, 81, 147, 404, 
0, 463, 570, 817, 97, 
0, 176, 284, 687, 849, 194, 
0, 304, 994, 637, 747, 90, 
0, 504, 542, 88, 793, 217, 563, 
0, 954, 580, 681, 556, 713, 
0, 702, 811, 657, 503, 860, 
0, 915, 634, 756, 450, 347, 943, 
0, 750, 600, 732, 885, 228, 
0, 151, 4, 662, 758, 305, 179, 
0, 891, 564, 427, 874, 633, 
0, 858, 919, 690, 67, 952, 
0, 630, 19, 276, 990, 571, 755, 
0, 486, 694, 381, 274, 240, 
0, 489, 167, 127, 514, 519, 
0, 53, 887, 705, 110, 
0, 729, 299, 183, 788, 383, 320, 
0, 348, 123, 457, 207, 594, 646, 
0, 195, 329, 678, 523, 388, 
0, 395, 781, 545, 789, 291, 
0, 927, 120, 971, 992, 155, 660, 
0, 638, 704, 249, 190, 
0, 412, 20, 784, 335, 539, 
0, 376, 970, 894, 292, 413, 
0, 449, 158, 370, 333, 795, 
0, 910, 198, 215, 83, 863, 324, 
0, 816, 278, 282, 223, 
0, 126, 597, 672, 271, 238, 578, 
0, 326, 164, 140, 268, 
0, 490, 547, 803, 625, 550, 
0, 318, 629, 983, 581, 442, 
0, 473, 663, 959, 384, 186, 36, 
0, 402, 583, 626, 917, 715, 192, 
0, 985, 31, 650, 842, 102, 
0, 641, 796, 439, 964, 636, 
0, 446, 675, 373, 5, 859, 
0, 975, 270, 476, 134, 908, 
0, 950, 371, 283, 391, 163, 
0, 29, 520, 857, 741, 906, 982, 
0, 776, 277, 986, 101, 
0, 116, 3, 433, 613, 535, 553, 
0, 424, 759, 484, 574, 308, 949, 
0, 139, 396, 156, 378, 546, 
0, 456, 363, 91, 
0, 86, 464, 837, 862, 967, 
0, 652, 670, 725, 337, 
0, 115, 336, 430, 40, 330, 21, 
0, 865, 832, 573, 790, 610, 
0, 279, 181, 536, 485, 850, 825, 
0, 184, 493, 506, 500, 182, 
0, 455, 888, 18, 100, 
0, 997, 722, 693, 823, 703, 
0, 810, 298, 264, 977, 307, 
0, 443, 664, 411, 237, 875, 339, 
0, 595, 394, 13, 712, 
0, 518, 861, 1, 448, 60, 303, 
0, 113, 146, 415, 779, 654, 492, 
0, 740, 782, 821, 431, 892, 
0, 622, 516, 261, 684, 
0, 496, 266, 159, 407, 
0, 828, 124, 25, 245, 105, 
0, 900, 981, 720, 165, 328, 
0, 451, 528, 576, 582, 575, 109, 
0, 727, 232, 256, 63, 802, 
0, 956, 72, 800, 437, 763, 579, 
0, 78, 360, 913, 831, 358, 
0, 744, 730, 682, 762, 14, 768, 
0, 230, 566, 341, 780, 403, 841, 
0, 209, 748, 723, 55, 711, 764, 
0, 569, 976, 10, 920, 735, 
0, 275, 649, 315, 301, 
0, 647, 615, 918, 382, 839, 537, 
0, 77, 778, 767, 234, 895, 
0, 285, 999, 340, 161, 
0, 191, 313, 221, 50, 216, 
0, 495, 929, 387, 604, 655, 
0, 960, 353, 141, 728, 62, 491, 
0, 197, 365, 812, 624, 557, 
0, 969, 942, 974, 48, 966, 226, 
0, 375, 815, 798, 480, 49, 
0, 154, 74, 565, 294, 420, 551, 
0, 250, 80, 719, 132, 
0, 169, 204, 327, 107, 344, 903, 
0, 661, 911, 160, 620, 438, 
0, 172, 601, 202, 114, 434, 
0, 471, 621, 592, 200, 24, 
0, 902, 616, 774, 818, 
0, 766, 882, 813, 886, 175, 
0, 880, 178, 262, 820, 59, 
0, 23, 851, 290, 783, 
0, 133, 372, 241, 746, 317, 526, 
0, 218, 498, 819, 334, 
0, 11, 112, 587, 836, 26, 
0, 224, 244, 104, 
0, 453, 128, 775, 22, 584, 152, 
0, 549, 367, 211, 70, 673, 
0, 494, 568, 852, 357, 696, 
0, 45, 721, 676, 688, 497, 65, 
0, 472, 12, 419, 362, 481, 
0, 923, 710, 66, 366, 258, 
0, 106, 538, 122, 2, 792, 991, 
0, 321, 786, 515, 422, 312, 
0, 345, 751, 824, 707, 799, 987, 
0, 998, 281, 
0, 255, 79, 397, 310, 92, 
0, 273, 586, 323, 502, 33, 
0, 111, 743, 257, 227, 130, 731, 
0, 461, 739, 505, 482, 
0, 873, 962, 300, 478, 656, 
0, 477, 213, 854, 961, 639, 
0, 577, 119, 332, 440, 772, 585, 
0, 738, 401, 806, 131, 166, 
0, 955, 393, 46, 822, 462, 602, 
0, 716, 187, 691, 254, 
0, 868, 651, 236, 928, 7, 
0, 47, 170, 872, 698, 98, 701, 
0, 958, 904, 85, 509, 171, 
0, 635, 117, 934, 666, 214, 706, 
0, 984, 242, 93, 302, 
0, 642, 944, 406, 95, 96, 
0, 286, 708, 714, 287, 297, 
0, 668, 392, 145, 346, 188, 907, 
0, 631, 697, 56, 945, 924, 951, 
0, 487, 847, 180, 39, 618, 
0, 829, 203, 619, 246, 
0, 534, 912, 965, 544, 588, 
0, 867, 898, 469, 259, 416, 
0, 229, 901, 921, 531, 548, 177, 
0, 454, 466, 76, 316, 28, 43, 
0, 765, 408, 801, 143, 669, 
0, 144, 189, 444, 541, 905, 835, 
0, 936, 667, 926, 61, 559, 
0, 742, 37, 683, 459, 193, 138, 
0, 57, 199, 280, 838, 342, 41, 
0, 617, 435, 671, 458, 599, 785, 
0, 331, 428, 452, 436, 628, 
0, 562, 876, 794, 205, 27, 118, 
0, 522, 322, 752, 555, 219, 
0, 855, 996, 475, 94, 386, 899, 
0, 87, 843, 418, 692, 978, 
0, 148, 724, 686, 69, 38, 797, 
0, 150, 149, 883, 864, 589, 726, 
0, 840, 979, 916, 52, 272, 
0, 398, 508, 718, 988, 460, 773, 
0, 561, 137, 856, 352, 168, 879, 
0, 17, 940, 30, 653, 787, 311, 
0, 947, 121, 877, 260, 677, 
0, 521, 390, 608, 948, 909, 
0, 379, 414, 791, 54, 760, 605, 
0, 248, 400, 517, 930, 42, 
0, 239, 513, 524, 6, 933, 
0, 68, 870, 174, 674, 511, 
0, 777, 866, 593, 809, 845, 
0, 35, 58, 474, 488, 897, 417, 
0, 201, 432, 932, 361, 263, 
0, 560, 695, 827, 251, 946, 
0, 380, 399, 267, 527, 409, 
0, 914, 685, 737, 1000, 142, 
0, 632, 939, 356, 34, 208, 567, 
0, 196, 679, 533, 
0, 15, 648, 351, 659, 
0, 530, 73, 8, 157, 937, 
0, 309, 830, 972, 853, 543, 
0, 125, 354, 252, 225, 596, 349, 
0, 243, 247, 364, 804, 
0, 995, 554, 369, 893, 826, 745, 
0, 769, 973, 591, 108, 896, 
0, 552, 846, 889, 233, 
0, 611, 689, 761, 465, 389, 808, 9, 
0, 467, 989, 572, 220, 479, 
0, 590, 99, 980, 869, 374, 235, 
0, 343, 734, 185, 405, 
0, 736, 296, 607, 603, 658, 507, 
0, 925, 385, 129, 136, 
0, 253, 640, 483, 429, 643, 
0, 540, 293, 314, 627, 
0, 884, 350, 848, 32, 319, 
0, 368, 709, 82, 700, 644, 
0, 510, 231, 135, 51, 881, 529, 
0, 426, 844, 153, 441, 212, 
0, 754, 359, 75, 757, 265, 
0, 558, 295, 993, 665, 717, 
0, 598, 210, 612, 162, 306, 941, 
0, 512, 445, 963, 834, 833, 84, 
0, 222, 173, 878, 753, 532, 
0, 269, 680, 447, 525, 733, 
0, 931, 623, 89, 44, 355, 
0, 807, 289, 922, 423, 499, 
0, 749, 770, 468, 338, 699, 
0, 645, 501, 425, 805, 71, 
