Solution: 194 237753.530000 295953.530000

0, 449, 158, 280, 838, 696, 188, 
0, 125, 322, 752, 555, 311, 
0, 495, 823, 693, 703, 
0, 549, 249, 190, 163, 
0, 151, 4, 252, 225, 596, 349, 
0, 209, 365, 812, 155, 436, 
0, 375, 623, 89, 44, 450, 
0, 716, 128, 25, 22, 105, 71, 
0, 534, 781, 791, 414, 301, 
0, 275, 435, 75, 107, 303, 
0, 738, 748, 852, 357, 168, 
0, 103, 814, 369, 893, 826, 733, 
0, 154, 74, 662, 565, 21, 618, 
0, 609, 938, 377, 104, 
0, 586, 466, 427, 589, 874, 
0, 248, 400, 517, 723, 711, 764, 
0, 86, 770, 690, 514, 127, 
0, 530, 73, 8, 157, 
0, 331, 428, 213, 854, 594, 646, 
0, 518, 944, 861, 678, 890, 84, 
0, 326, 948, 256, 63, 
0, 471, 621, 67, 407, 
0, 111, 1, 516, 253, 344, 669, 
0, 749, 198, 58, 314, 735, 
0, 744, 847, 421, 480, 49, 
0, 561, 463, 141, 6, 933, 41, 
0, 345, 666, 934, 214, 14, 726, 
0, 11, 709, 587, 130, 909, 
0, 642, 12, 419, 362, 698, 
0, 286, 254, 714, 708, 287, 
0, 376, 443, 244, 965, 544, 588, 
0, 661, 187, 691, 323, 502, 
0, 727, 866, 593, 869, 374, 845, 
0, 456, 363, 836, 143, 
0, 512, 545, 789, 315, 
0, 57, 199, 370, 342, 102, 
0, 921, 119, 640, 448, 347, 943, 
0, 454, 999, 883, 864, 
0, 521, 608, 994, 81, 
0, 35, 900, 215, 437, 763, 579, 
0, 923, 710, 66, 366, 258, 
0, 29, 663, 959, 358, 36, 
0, 224, 648, 351, 659, 177, 
0, 902, 629, 452, 134, 628, 
0, 947, 877, 260, 677, 
0, 446, 922, 498, 423, 802, 
0, 395, 912, 505, 237, 875, 339, 
0, 865, 919, 396, 156, 378, 
0, 560, 695, 827, 251, 297, 320, 
0, 279, 181, 531, 613, 535, 265, 
0, 496, 266, 159, 
0, 562, 394, 13, 205, 793, 656, 
0, 150, 149, 926, 61, 559, 
0, 348, 759, 566, 422, 291, 
0, 597, 222, 787, 420, 194, 
0, 318, 929, 932, 361, 908, 
0, 304, 356, 34, 441, 567, 
0, 273, 564, 236, 633, 272, 
0, 843, 935, 410, 470, 
0, 426, 844, 153, 208, 655, 
0, 558, 295, 993, 665, 717, 
0, 106, 538, 122, 2, 792, 978, 
0, 630, 19, 276, 990, 571, 152, 
0, 385, 697, 945, 924, 951, 
0, 15, 80, 719, 132, 
0, 148, 724, 686, 980, 850, 825, 
0, 230, 78, 267, 527, 
0, 455, 739, 93, 482, 
0, 888, 989, 572, 220, 479, 
0, 975, 828, 573, 637, 212, 
0, 203, 848, 246, 986, 
0, 942, 981, 483, 429, 643, 
0, 242, 737, 341, 841, 27, 
0, 911, 112, 160, 438, 731, 
0, 510, 231, 51, 881, 59, 529, 
0, 927, 120, 971, 992, 624, 557, 
0, 354, 522, 758, 50, 556, 228, 
0, 486, 694, 503, 274, 240, 
0, 201, 513, 524, 97, 
0, 569, 79, 397, 310, 92, 
0, 195, 329, 485, 833, 
0, 368, 540, 920, 82, 26, 
0, 343, 734, 620, 186, 543, 
0, 652, 743, 257, 91, 
0, 960, 515, 353, 288, 
0, 211, 169, 406, 95, 98, 33, 
0, 884, 123, 457, 574, 484, 
0, 552, 846, 889, 233, 5, 
0, 184, 16, 506, 48, 388, 
0, 197, 631, 56, 476, 604, 387, 
0, 490, 547, 803, 625, 550, 
0, 851, 390, 373, 747, 90, 
0, 891, 146, 682, 271, 238, 578, 
0, 172, 601, 937, 114, 434, 
0, 969, 18, 901, 100, 96, 701, 
0, 740, 782, 821, 312, 497, 65, 
0, 379, 229, 54, 70, 673, 
0, 635, 53, 887, 705, 110, 
0, 704, 283, 898, 469, 928, 7, 
0, 915, 634, 69, 458, 38, 60, 
0, 765, 313, 221, 500, 216, 
0, 954, 580, 681, 39, 885, 
0, 829, 338, 277, 101, 952, 
0, 855, 996, 475, 413, 
0, 810, 298, 264, 977, 307, 
0, 957, 325, 871, 862, 699, 263, 
0, 617, 359, 327, 324, 863, 
0, 137, 722, 352, 856, 879, 660, 
0, 255, 670, 725, 337, 713, 
0, 489, 167, 488, 897, 967, 
0, 970, 894, 292, 381, 386, 899, 
0, 170, 872, 52, 340, 28, 
0, 910, 204, 720, 772, 182, 
0, 950, 689, 761, 465, 946, 416, 
0, 955, 393, 46, 536, 523, 585, 
0, 473, 191, 408, 801, 165, 328, 
0, 925, 432, 961, 639, 859, 
0, 936, 667, 135, 706, 820, 
0, 645, 501, 425, 805, 511, 
0, 116, 196, 767, 234, 355, 
0, 736, 296, 607, 806, 603, 507, 
0, 953, 614, 732, 64, 
0, 269, 680, 447, 762, 43, 
0, 87, 832, 857, 741, 906, 982, 
0, 995, 730, 415, 672, 525, 138, 
0, 504, 31, 985, 88, 118, 
0, 380, 399, 804, 842, 
0, 873, 962, 300, 541, 
0, 451, 528, 474, 575, 599, 417, 
0, 611, 189, 444, 658, 905, 835, 
0, 742, 68, 870, 439, 964, 636, 
0, 129, 464, 837, 468, 519, 
0, 807, 20, 232, 334, 335, 404, 
0, 140, 278, 282, 109, 553, 
0, 218, 164, 290, 783, 892, 
0, 17, 940, 554, 30, 654, 492, 
0, 126, 336, 653, 294, 193, 551, 
0, 997, 270, 983, 581, 442, 
0, 494, 568, 478, 364, 526, 
0, 402, 583, 715, 930, 42, 55, 
0, 968, 384, 853, 775, 755, 
0, 729, 299, 183, 788, 383, 9, 
0, 606, 293, 185, 405, 
0, 117, 284, 751, 707, 799, 987, 
0, 321, 615, 918, 382, 839, 537, 
0, 958, 904, 85, 592, 171, 
0, 77, 778, 418, 692, 895, 
0, 477, 520, 674, 108, 
0, 622, 445, 261, 
0, 840, 979, 916, 76, 316, 745, 
0, 23, 675, 819, 684, 
0, 590, 99, 433, 548, 499, 
0, 133, 372, 241, 333, 795, 131, 
0, 398, 508, 718, 988, 460, 773, 
0, 239, 570, 817, 728, 62, 491, 
0, 769, 973, 245, 591, 319, 
0, 113, 40, 430, 878, 330, 219, 
0, 632, 939, 776, 619, 32, 610, 
0, 45, 914, 721, 676, 142, 
0, 702, 811, 657, 808, 389, 
0, 595, 876, 794, 409, 217, 563, 
0, 250, 121, 712, 206, 771, 
0, 144, 542, 650, 746, 317, 
0, 3, 332, 440, 462, 822, 602, 
0, 115, 173, 683, 459, 753, 179, 
0, 577, 777, 576, 582, 809, 785, 
0, 750, 679, 533, 305, 
0, 668, 392, 145, 346, 401, 907, 
0, 638, 360, 913, 831, 202, 991, 
0, 412, 289, 784, 539, 797, 
0, 931, 600, 227, 700, 644, 
0, 453, 816, 974, 493, 966, 226, 
0, 176, 824, 687, 849, 768, 
0, 472, 976, 10, 627, 235, 
0, 616, 818, 774, 207, 136, 
0, 858, 350, 124, 790, 546, 
0, 867, 598, 371, 94, 860, 
0, 647, 664, 411, 780, 403, 166, 
0, 754, 671, 756, 757, 903, 
0, 461, 688, 685, 1000, 268, 
0, 37, 285, 779, 161, 
0, 487, 815, 798, 180, 532, 
0, 984, 786, 424, 431, 308, 949, 
0, 243, 247, 192, 917, 626, 
0, 998, 281, 
0, 47, 210, 612, 162, 306, 941, 
0, 467, 800, 641, 147, 
0, 649, 963, 834, 760, 605, 
0, 956, 72, 796, 223, 83, 
0, 868, 880, 178, 262, 259, 
0, 651, 367, 391, 302, 
0, 766, 882, 813, 886, 175, 481, 
0, 309, 830, 972, 584, 896, 
0, 139, 509, 174, 200, 24, 
