Solution: 193 237637.302000 295537.302000

0, 968, 959, 384, 186, 36, 
0, 486, 694, 503, 274, 240, 
0, 552, 846, 889, 747, 90, 
0, 810, 198, 215, 314, 627, 
0, 829, 203, 619, 246, 
0, 716, 187, 691, 323, 98, 33, 
0, 521, 608, 994, 81, 
0, 309, 830, 972, 245, 71, 
0, 218, 590, 289, 423, 797, 
0, 230, 759, 123, 574, 484, 
0, 843, 935, 2, 792, 
0, 558, 295, 993, 665, 717, 
0, 106, 456, 73, 363, 44, 450, 
0, 606, 662, 752, 219, 941, 
0, 953, 954, 40, 565, 21, 618, 
0, 148, 847, 421, 480, 
0, 997, 270, 983, 581, 442, 
0, 144, 515, 353, 566, 312, 
0, 139, 25, 990, 571, 105, 
0, 375, 623, 89, 39, 885, 
0, 761, 598, 898, 469, 259, 416, 
0, 243, 668, 145, 771, 
0, 472, 493, 16, 822, 462, 602, 
0, 534, 781, 661, 94, 
0, 209, 365, 812, 624, 557, 
0, 77, 778, 418, 202, 978, 
0, 868, 999, 883, 864, 110, 
0, 975, 932, 277, 101, 307, 
0, 45, 721, 676, 688, 497, 65, 
0, 985, 31, 88, 650, 527, 537, 
0, 611, 689, 465, 946, 383, 9, 
0, 321, 739, 93, 302, 
0, 304, 167, 488, 897, 636, 
0, 273, 37, 682, 762, 14, 768, 
0, 915, 634, 671, 757, 903, 
0, 229, 414, 791, 54, 301, 
0, 512, 531, 253, 613, 535, 553, 
0, 738, 517, 300, 478, 
0, 53, 285, 779, 161, 
0, 451, 528, 576, 582, 809, 845, 
0, 343, 734, 937, 355, 434, 
0, 649, 359, 75, 38, 291, 
0, 931, 600, 681, 533, 305, 
0, 201, 141, 356, 34, 208, 
0, 47, 121, 80, 719, 132, 
0, 463, 570, 817, 97, 
0, 867, 880, 178, 262, 502, 
0, 116, 538, 234, 767, 470, 
0, 727, 232, 256, 63, 802, 
0, 398, 962, 364, 804, 526, 
0, 473, 663, 913, 831, 358, 991, 
0, 126, 336, 653, 555, 311, 
0, 914, 685, 737, 1000, 841, 27, 
0, 224, 244, 104, 386, 
0, 766, 882, 813, 886, 175, 481, 
0, 490, 547, 803, 550, 
0, 133, 372, 241, 333, 795, 131, 
0, 936, 249, 190, 163, 
0, 489, 641, 468, 699, 212, 
0, 873, 917, 715, 930, 346, 
0, 111, 196, 410, 692, 895, 
0, 250, 394, 13, 205, 793, 656, 
0, 103, 814, 758, 447, 525, 194, 
0, 956, 72, 796, 439, 83, 
0, 461, 545, 140, 268, 
0, 840, 979, 12, 95, 479, 
0, 647, 615, 411, 382, 839, 918, 
0, 642, 210, 419, 362, 698, 
0, 645, 516, 1, 536, 669, 585, 
0, 467, 464, 837, 127, 147, 
0, 455, 888, 315, 100, 96, 701, 
0, 744, 117, 887, 705, 340, 
0, 368, 540, 731, 185, 405, 
0, 900, 981, 483, 429, 643, 
0, 742, 128, 973, 591, 108, 319, 
0, 851, 871, 967, 263, 952, 
0, 11, 709, 836, 82, 26, 
0, 989, 332, 440, 48, 388, 
0, 279, 181, 406, 254, 
0, 518, 942, 506, 500, 966, 226, 
0, 549, 367, 211, 70, 673, 
0, 652, 79, 587, 130, 909, 
0, 113, 146, 415, 672, 787, 193, 551, 
0, 562, 664, 341, 780, 403, 166, 
0, 15, 648, 351, 659, 684, 
0, 197, 56, 476, 693, 908, 
0, 381, 281, 
0, 242, 164, 290, 783, 
0, 445, 901, 18, 890, 833, 84, 
0, 891, 651, 236, 633, 272, 297, 
0, 23, 264, 848, 986, 
0, 586, 170, 872, 76, 118, 
0, 609, 938, 377, 288, 206, 
0, 496, 266, 159, 407, 
0, 498, 675, 819, 539, 625, 
0, 630, 19, 276, 22, 584, 152, 
0, 17, 940, 554, 30, 654, 492, 
0, 380, 399, 718, 746, 317, 
0, 184, 974, 572, 834, 605, 
0, 858, 298, 573, 674, 511, 
0, 736, 296, 607, 806, 603, 507, 
0, 115, 614, 580, 732, 556, 713, 
0, 292, 376, 443, 965, 544, 588, 
0, 471, 621, 592, 200, 24, 
0, 561, 960, 424, 6, 933, 142, 
0, 910, 894, 970, 998, 712, 
0, 354, 670, 91, 227, 228, 
0, 446, 866, 593, 334, 335, 
0, 884, 326, 129, 854, 594, 646, 
0, 577, 724, 756, 433, 265, 
0, 921, 119, 640, 448, 347, 943, 
0, 902, 629, 436, 728, 62, 
0, 255, 743, 257, 700, 644, 
0, 947, 877, 260, 677, 899, 
0, 68, 870, 174, 964, 579, 
0, 911, 112, 160, 114, 235, 
0, 239, 513, 524, 168, 879, 
0, 191, 313, 221, 50, 179, 
0, 702, 811, 657, 808, 389, 
0, 286, 261, 344, 
0, 729, 299, 59, 820, 788, 183, 
0, 635, 454, 427, 589, 726, 874, 
0, 477, 213, 961, 637, 639, 
0, 828, 690, 67, 378, 896, 
0, 750, 679, 64, 
0, 569, 976, 10, 920, 735, 
0, 247, 392, 583, 626, 42, 192, 
0, 530, 122, 620, 310, 
0, 57, 120, 971, 992, 696, 188, 
0, 466, 916, 52, 316, 28, 
0, 395, 912, 505, 237, 875, 339, 
0, 284, 751, 687, 707, 799, 987, 
0, 248, 400, 444, 842, 102, 
0, 360, 543, 853, 775, 755, 
0, 169, 204, 720, 772, 182, 
0, 29, 293, 397, 438, 92, 
0, 137, 722, 352, 856, 924, 951, 
0, 950, 371, 283, 391, 928, 7, 
0, 331, 318, 452, 155, 491, 
0, 412, 20, 35, 548, 499, 
0, 87, 832, 857, 741, 906, 982, 
0, 176, 824, 683, 878, 753, 
0, 150, 149, 926, 61, 706, 745, 
0, 704, 564, 714, 708, 287, 
0, 560, 695, 827, 251, 51, 881, 529, 
0, 379, 622, 789, 760, 
0, 125, 522, 252, 225, 596, 349, 
0, 939, 776, 338, 514, 519, 
0, 984, 786, 457, 207, 136, 
0, 923, 710, 66, 366, 258, 
0, 632, 520, 396, 156, 223, 
0, 861, 944, 678, 523, 850, 825, 
0, 995, 730, 680, 238, 271, 43, 
0, 617, 922, 784, 963, 177, 
0, 510, 667, 231, 135, 559, 320, 
0, 740, 782, 821, 431, 892, 
0, 151, 4, 369, 893, 826, 733, 
0, 3, 686, 69, 458, 107, 863, 
0, 453, 816, 46, 393, 220, 
0, 494, 748, 723, 55, 711, 764, 
0, 345, 666, 934, 214, 849, 578, 
0, 495, 929, 823, 703, 655, 
0, 199, 280, 838, 508, 401, 907, 
0, 78, 925, 153, 361, 441, 567, 
0, 402, 568, 852, 357, 773, 
0, 765, 408, 801, 165, 328, 
0, 428, 385, 432, 134, 628, 
0, 487, 815, 798, 180, 49, 
0, 958, 904, 85, 509, 171, 
0, 154, 74, 612, 162, 306, 216, 
0, 638, 769, 124, 977, 32, 
0, 749, 350, 425, 790, 546, 
0, 855, 996, 475, 413, 860, 
0, 172, 601, 8, 157, 
0, 955, 800, 58, 437, 763, 
0, 426, 844, 862, 233, 
0, 195, 329, 485, 482, 
0, 754, 99, 980, 869, 374, 
0, 807, 919, 501, 805, 610, 
0, 631, 697, 945, 387, 604, 660, 
0, 597, 222, 294, 420, 138, 
0, 430, 173, 459, 330, 532, 
0, 269, 322, 725, 337, 143, 
0, 348, 616, 774, 818, 308, 949, 
0, 275, 435, 327, 324, 60, 
0, 865, 390, 373, 948, 5, 859, 
0, 969, 278, 282, 109, 303, 
0, 504, 542, 267, 988, 460, 
0, 927, 189, 658, 541, 905, 835, 
0, 449, 158, 370, 342, 422, 41, 
0, 595, 876, 794, 409, 217, 563, 
0, 957, 325, 777, 575, 599, 417, 
0, 86, 770, 474, 785, 404, 
