Solution: 195 238132.356000 296632.356000

0, 914, 686, 736, 1000, 314, 61, 
0, 241, 283, 292, 895, 
0, 637, 50, 999, 937, 709, 40, 
0, 146, 832, 890, 95, 104, 
0, 297, 678, 41, 56, 
0, 18, 72, 916, 796, 640, 416, 230, 
0, 44, 116, 722, 125, 
0, 749, 602, 221, 531, 307, 
0, 961, 76, 774, 25, 587, 756, 
0, 951, 691, 466, 232, 
0, 681, 92, 438, 550, 497, 
0, 823, 373, 695, 127, 58, 
0, 325, 690, 133, 200, 269, 
0, 310, 346, 537, 575, 950, 
0, 594, 291, 926, 967, 607, 
0, 496, 674, 820, 539, 323, 
0, 644, 14, 141, 889, 173, 
0, 689, 536, 768, 231, 274, 
0, 100, 329, 875, 576, 144, 103, 387, 
0, 20, 942, 140, 683, 851, 190, 
0, 384, 891, 317, 93, 185, 
0, 182, 491, 974, 877, 180, 
0, 934, 668, 670, 60, 
0, 735, 299, 605, 541, 96, 
0, 765, 1, 83, 
0, 766, 815, 876, 91, 704, 
0, 562, 781, 567, 343, 919, 136, 
0, 508, 303, 128, 57, 560, 
0, 191, 333, 806, 429, 197, 
0, 994, 545, 423, 652, 995, 
0, 31, 742, 338, 744, 319, 
0, 242, 666, 139, 770, 
0, 401, 780, 738, 300, 793, 
0, 720, 165, 414, 87, 616, 
0, 212, 441, 85, 306, 
0, 105, 192, 850, 372, 361, 
0, 948, 437, 368, 229, 
0, 287, 216, 671, 131, 542, 
0, 818, 279, 285, 763, 220, 
0, 198, 135, 356, 882, 90, 
0, 532, 912, 648, 236, 879, 535, 
0, 581, 874, 968, 905, 981, 
0, 928, 390, 706, 129, 
0, 360, 993, 259, 447, 
0, 42, 723, 675, 841, 410, 162, 
0, 871, 194, 210, 89, 161, 604, 
0, 589, 935, 918, 29, 158, 
0, 5, 599, 679, 805, 490, 
0, 420, 499, 431, 509, 65, 
0, 983, 785, 280, 965, 745, 
0, 495, 253, 296, 787, 427, 
0, 856, 996, 474, 421, 160, 10, 
0, 458, 2, 513, 677, 214, 
0, 386, 275, 239, 112, 
0, 223, 987, 263, 533, 
0, 925, 113, 643, 453, 758, 266, 
0, 63, 953, 442, 234, 734, 
0, 598, 400, 16, 546, 591, 
0, 432, 844, 71, 984, 209, 
0, 917, 636, 757, 455, 351, 945, 
0, 345, 106, 157, 108, 233, 
0, 147, 6, 249, 219, 498, 137, 
0, 430, 618, 773, 309, 888, 
0, 746, 366, 913, 623, 84, 
0, 660, 326, 726, 204, 556, 
0, 639, 288, 778, 227, 
0, 472, 615, 159, 308, 862, 
0, 705, 813, 655, 12, 396, 847, 788, 
0, 276, 649, 946, 482, 
0, 494, 632, 619, 641, 642, 26, 
0, 143, 725, 687, 979, 353, 824, 
0, 944, 980, 502, 45, 393, 
0, 193, 370, 53, 572, 927, 952, 
0, 407, 304, 515, 843, 349, 835, 
0, 224, 739, 512, 428, 483, 
0, 812, 661, 962, 830, 395, 
0, 454, 195, 282, 376, 344, 772, 
0, 130, 931, 363, 445, 568, 
0, 634, 699, 982, 584, 476, 392, 
0, 378, 69, 760, 413, 436, 37, 
0, 348, 665, 938, 272, 237, 580, 
0, 311, 829, 184, 389, 364, 
0, 647, 886, 330, 863, 322, 910, 
0, 617, 817, 627, 178, 530, 
0, 958, 833, 801, 943, 601, 784, 
0, 352, 118, 461, 350, 
0, 78, 449, 201, 622, 82, 
0, 902, 713, 183, 412, 
0, 486, 578, 799, 36, 667, 
0, 878, 586, 719, 724, 715, 764, 
0, 493, 923, 149, 205, 631, 
0, 463, 355, 98, 
0, 166, 978, 21, 893, 834, 75, 
0, 748, 611, 382, 203, 290, 901, 
0, 549, 853, 255, 49, 798, 
0, 959, 39, 163, 265, 954, 59, 
0, 225, 422, 792, 51, 305, 
0, 708, 900, 468, 930, 260, 
0, 552, 846, 892, 170, 
0, 956, 526, 776, 585, 811, 411, 
0, 940, 19, 226, 710, 821, 181, 
0, 929, 753, 991, 716, 152, 658, 
0, 403, 394, 573, 399, 522, 932, 
0, 957, 777, 417, 694, 897, 
0, 207, 298, 30, 369, 700, 
0, 484, 339, 261, 676, 
0, 570, 836, 73, 28, 293, 
0, 872, 34, 247, 301, 324, 
0, 150, 435, 680, 81, 340, 
0, 138, 475, 80, 795, 654, 
0, 659, 202, 612, 151, 328, 865, 
0, 579, 419, 810, 964, 804, 
0, 473, 337, 506, 362, 167, 
0, 110, 831, 518, 487, 899, 867, 
0, 625, 267, 156, 
0, 614, 696, 500, 861, 
0, 451, 577, 331, 101, 175, 
0, 997, 571, 819, 730, 489, 
0, 976, 769, 692, 754, 638, 
0, 904, 320, 457, 440, 566, 653, 
0, 358, 521, 751, 565, 24, 
0, 79, 66, 408, 669, 439, 
0, 551, 374, 712, 64, 672, 
0, 119, 554, 375, 896, 825, 481, 
0, 335, 975, 122, 855, 909, 
0, 238, 510, 523, 9, 936, 
0, 729, 397, 610, 949, 155, 
0, 972, 367, 316, 630, 503, 
0, 450, 870, 597, 782, 
0, 540, 911, 13, 924, 222, 
0, 858, 657, 3, 7, 685, 
0, 471, 624, 596, 196, 27, 
0, 380, 626, 992, 664, 469, 
0, 254, 70, 590, 123, 553, 
0, 206, 747, 52, 860, 698, 
0, 635, 941, 278, 467, 701, 
0, 107, 767, 169, 684, 752, 583, 
0, 77, 922, 153, 791, 613, 
0, 281, 538, 365, 462, 35, 629, 
0, 294, 381, 973, 998, 717, 256, 
0, 915, 188, 415, 802, 771, 645, 
0, 459, 433, 114, 970, 960, 
0, 559, 848, 529, 479, 46, 
0, 561, 697, 826, 248, 48, 885, 527, 
0, 840, 186, 693, 327, 33, 88, 
0, 714, 271, 62, 606, 164, 
0, 246, 245, 485, 409, 257, 
0, 989, 880, 359, 15, 808, 564, 
0, 97, 816, 759, 608, 177, 703, 
0, 289, 425, 208, 398, 
0, 741, 68, 258, 702, 646, 446, 
0, 864, 947, 43, 534, 852, 588, 
0, 869, 520, 857, 217, 557, 
0, 460, 603, 11, 154, 
0, 600, 121, 277, 988, 99, 548, 
0, 779, 315, 215, 47, 332, 
0, 480, 111, 371, 17, 342, 
0, 737, 569, 505, 721, 906, 
0, 132, 673, 849, 32, 
0, 731, 377, 286, 86, 171, 907, 
0, 492, 592, 933, 38, 189, 
0, 23, 228, 783, 873, 908, 845, 
0, 743, 732, 452, 524, 507, 
0, 174, 750, 688, 711, 800, 985, 
0, 633, 22, 134, 595, 102, 321, 
0, 302, 854, 544, 148, 898, 
0, 971, 939, 4, 794, 
0, 357, 963, 790, 240, 525, 
0, 270, 555, 651, 313, 211, 
0, 405, 609, 809, 807, 728, 
0, 620, 528, 250, 347, 478, 
0, 740, 797, 55, 434, 74, 
0, 563, 662, 418, 388, 839, 920, 
0, 341, 718, 284, 
0, 838, 465, 837, 120, 142, 
0, 179, 336, 444, 464, 822, 
0, 803, 187, 448, 656, 707, 
0, 456, 354, 402, 172, 383, 235, 
0, 650, 145, 786, 866, 593, 727, 
0, 884, 827, 574, 511, 519, 
0, 501, 543, 842, 262, 868, 
0, 295, 404, 443, 312, 
0, 894, 883, 176, 264, 273, 
0, 385, 406, 268, 986, 124, 
0, 955, 663, 921, 881, 334, 213, 
0, 54, 115, 814, 628, 558, 
0, 168, 117, 426, 199, 990, 
0, 218, 243, 969, 391, 
0, 621, 488, 379, 8, 859, 
0, 109, 514, 582, 733, 517, 887, 
0, 94, 755, 318, 67, 424, 
0, 828, 775, 977, 244, 
0, 682, 966, 477, 761, 504, 
0, 126, 547, 789, 762, 
0, 516, 470, 903, 252, 251, 
