Solution: 194 237473.446000 295673.446000

0, 655, 545, 792, 334, 709, 
0, 539, 906, 505, 232, 337, 225, 
0, 835, 933, 415, 467, 
0, 656, 46, 714, 152, 176, 641, 
0, 403, 740, 509, 365, 531, 
0, 172, 743, 685, 704, 790, 985, 
0, 488, 163, 601, 144, 383, 
0, 953, 678, 427, 522, 620, 
0, 410, 586, 798, 546, 898, 
0, 757, 77, 256, 696, 642, 
0, 458, 350, 314, 98, 697, 
0, 618, 97, 980, 42, 60, 264, 
0, 850, 189, 609, 438, 754, 29, 
0, 944, 435, 363, 224, 
0, 948, 462, 945, 385, 177, 
0, 418, 437, 3, 482, 
0, 526, 608, 277, 738, 90, 
0, 934, 817, 246, 262, 
0, 355, 368, 691, 132, 
0, 346, 122, 947, 881, 887, 
0, 489, 976, 127, 596, 
0, 492, 657, 993, 198, 561, 
0, 405, 863, 857, 695, 64, 
0, 398, 659, 416, 384, 830, 914, 
0, 181, 164, 868, 364, 491, 
0, 579, 717, 70, 455, 107, 788, 
0, 862, 600, 282, 942, 227, 
0, 74, 915, 250, 292, 426, 
0, 829, 501, 430, 36, 610, 
0, 770, 312, 210, 50, 325, 
0, 449, 533, 472, 938, 109, 156, 
0, 597, 909, 785, 636, 784, 31, 
0, 758, 879, 806, 882, 171, 481, 
0, 936, 689, 400, 780, 552, 
0, 864, 923, 61, 565, 51, 
0, 645, 518, 667, 30, 342, 896, 
0, 983, 772, 811, 434, 483, 
0, 920, 267, 982, 699, 436, 
0, 188, 468, 535, 614, 886, 
0, 330, 510, 594, 191, 27, 
0, 527, 319, 744, 560, 208, 
0, 140, 746, 972, 991, 153, 643, 
0, 952, 615, 536, 480, 745, 583, 
0, 392, 15, 143, 303, 
0, 308, 820, 179, 387, 40, 
0, 452, 568, 230, 632, 269, 
0, 443, 935, 378, 104, 
0, 217, 624, 261, 540, 824, 
0, 469, 623, 170, 414, 562, 
0, 234, 279, 339, 986, 457, 
0, 343, 662, 932, 268, 17, 719, 
0, 494, 592, 927, 55, 708, 756, 
0, 7, 599, 211, 648, 233, 83, 
0, 521, 943, 856, 397, 528, 588, 
0, 876, 41, 432, 386, 804, 
0, 133, 716, 351, 848, 875, 654, 
0, 928, 602, 668, 65, 
0, 957, 861, 867, 82, 52, 412, 
0, 831, 979, 911, 76, 315, 
0, 504, 548, 734, 316, 532, 255, 
0, 847, 996, 473, 419, 853, 
0, 954, 747, 294, 425, 816, 736, 
0, 100, 776, 859, 110, 116, 
0, 739, 897, 402, 309, 725, 
0, 701, 244, 396, 180, 
0, 989, 872, 354, 206, 797, 567, 
0, 124, 353, 247, 214, 598, 205, 
0, 106, 454, 73, 408, 113, 139, 
0, 647, 1, 91, 215, 684, 
0, 266, 677, 794, 32, 47, 
0, 155, 190, 372, 828, 693, 900, 
0, 285, 336, 710, 705, 286, 
0, 476, 525, 68, 379, 231, 
0, 377, 202, 240, 998, 674, 
0, 735, 724, 669, 530, 511, 134, 
0, 151, 742, 676, 89, 558, 
0, 485, 332, 873, 259, 169, 
0, 446, 844, 289, 913, 
0, 955, 762, 849, 732, 899, 
0, 341, 751, 544, 1000, 138, 
0, 633, 549, 681, 753, 221, 
0, 564, 840, 992, 661, 356, 
0, 768, 195, 621, 242, 
0, 589, 463, 320, 502, 37, 95, 
0, 884, 235, 866, 157, 
0, 399, 551, 653, 9, 683, 
0, 729, 295, 460, 652, 700, 825, 
0, 910, 361, 75, 448, 345, 941, 
0, 199, 366, 805, 626, 765, 
0, 148, 822, 883, 702, 871, 
0, 495, 150, 38, 333, 228, 
0, 284, 999, 102, 297, 
0, 644, 616, 16, 550, 591, 
0, 922, 388, 479, 131, 628, 
0, 638, 183, 907, 622, 393, 
0, 87, 461, 827, 126, 902, 
0, 573, 79, 590, 903, 216, 
0, 376, 625, 826, 413, 
0, 893, 981, 506, 49, 86, 
0, 317, 629, 450, 962, 637, 
0, 125, 807, 750, 569, 538, 305, 
0, 245, 120, 196, 287, 254, 
0, 819, 335, 275, 99, 25, 
0, 33, 950, 58, 627, 507, 
0, 453, 730, 296, 465, 782, 
0, 519, 582, 874, 327, 537, 
0, 271, 646, 174, 118, 967, 534, 
0, 18, 81, 129, 260, 860, 
0, 382, 281, 
0, 895, 929, 358, 442, 201, 
0, 851, 577, 595, 331, 901, 837, 
0, 635, 142, 606, 175, 
0, 497, 167, 777, 310, 23, 
0, 273, 553, 795, 855, 555, 
0, 380, 420, 781, 54, 
0, 970, 323, 675, 209, 478, 926, 
0, 793, 182, 607, 605, 720, 
0, 631, 444, 836, 994, 257, 
0, 291, 362, 313, 229, 728, 
0, 22, 222, 774, 865, 375, 
0, 111, 322, 578, 585, 801, 775, 
0, 298, 846, 973, 241, 749, 
0, 145, 293, 841, 367, 226, 
0, 580, 767, 24, 587, 149, 
0, 733, 69, 439, 357, 165, 
0, 114, 660, 433, 44, 391, 
0, 431, 916, 80, 984, 951, 
0, 557, 838, 885, 168, 10, 
0, 918, 117, 2, 541, 459, 604, 
0, 57, 193, 137, 722, 62, 490, 
0, 451, 703, 276, 223, 423, 321, 
0, 514, 821, 523, 487, 892, 
0, 130, 374, 338, 771, 411, 162, 
0, 207, 417, 799, 961, 499, 
0, 958, 340, 603, 12, 154, 
0, 147, 53, 931, 880, 995, 187, 
0, 239, 664, 141, 763, 
0, 956, 823, 791, 212, 634, 581, 
0, 370, 706, 101, 84, 858, 
0, 429, 727, 424, 690, 890, 
0, 474, 35, 493, 737, 786, 128, 
0, 630, 694, 56, 575, 921, 949, 
0, 554, 369, 71, 670, 249, 
0, 619, 160, 135, 265, 
0, 611, 688, 373, 466, 258, 421, 
0, 566, 960, 779, 571, 912, 832, 
0, 103, 759, 682, 456, 186, 556, 
0, 470, 612, 158, 306, 854, 
0, 924, 119, 845, 852, 359, 563, 
0, 238, 280, 92, 773, 
0, 870, 572, 834, 344, 508, 
0, 721, 672, 252, 63, 192, 
0, 203, 787, 440, 966, 969, 
0, 905, 349, 274, 988, 105, 72, 
0, 445, 88, 640, 146, 219, 
0, 512, 663, 220, 878, 839, 13, 
0, 166, 14, 917, 764, 
0, 26, 395, 946, 318, 904, 
0, 112, 937, 559, 34, 649, 404, 726, 
0, 328, 617, 766, 197, 
0, 6, 329, 441, 96, 161, 
0, 769, 121, 5, 194, 990, 
0, 464, 987, 975, 94, 613, 
0, 243, 407, 520, 711, 45, 184, 
0, 741, 692, 503, 272, 236, 
0, 471, 658, 959, 360, 783, 978, 
0, 686, 543, 760, 270, 713, 
0, 723, 300, 755, 810, 59, 778, 
0, 381, 406, 409, 833, 
0, 401, 8, 371, 888, 547, 939, 
0, 251, 666, 718, 500, 347, 
0, 680, 964, 301, 477, 752, 
0, 496, 299, 123, 671, 513, 
0, 761, 263, 977, 304, 
0, 679, 288, 919, 348, 843, 815, 
0, 48, 715, 673, 687, 498, 66, 
0, 877, 818, 576, 516, 524, 
0, 218, 731, 237, 428, 311, 
0, 712, 20, 894, 115, 965, 
0, 19, 283, 253, 813, 204, 842, 
0, 178, 940, 185, 869, 968, 
0, 908, 28, 136, 593, 108, 891, 
0, 39, 21, 974, 796, 307, 
0, 809, 639, 324, 85, 
0, 698, 803, 651, 800, 394, 
0, 971, 889, 290, 93, 389, 
0, 486, 808, 789, 43, 665, 
0, 422, 802, 200, 963, 159, 
0, 515, 574, 529, 11, 542, 
0, 213, 78, 352, 517, 930, 173, 
0, 997, 707, 67, 475, 584, 390, 
0, 748, 4, 248, 447, 
0, 278, 326, 484, 302, 
0, 814, 925, 812, 570, 650, 
