Solution: 195 239161.048000 297661.048000

0, 144, 88, 746, 317, 102, 
0, 255, 743, 257, 700, 644, 
0, 724, 980, 593, 869, 797, 
0, 154, 74, 653, 565, 21, 618, 
0, 560, 695, 827, 251, 297, 529, 
0, 662, 322, 725, 337, 
0, 843, 935, 2, 792, 
0, 68, 870, 439, 964, 636, 
0, 736, 296, 607, 806, 603, 507, 
0, 176, 824, 683, 878, 753, 
0, 449, 158, 241, 333, 795, 
0, 921, 516, 1, 536, 479, 
0, 286, 323, 287, 633, 
0, 250, 121, 712, 206, 771, 
0, 37, 285, 779, 161, 
0, 661, 904, 85, 592, 171, 
0, 243, 668, 145, 917, 192, 
0, 402, 710, 476, 387, 604, 945, 
0, 412, 20, 784, 404, 625, 
0, 638, 25, 990, 105, 571, 546, 
0, 11, 911, 10, 920, 731, 
0, 931, 600, 732, 64, 
0, 868, 926, 135, 61, 383, 183, 
0, 512, 445, 213, 961, 637, 908, 
0, 923, 570, 817, 728, 62, 491, 
0, 521, 608, 994, 81, 
0, 609, 938, 377, 104, 
0, 45, 914, 341, 780, 403, 166, 
0, 395, 781, 545, 585, 760, 605, 
0, 178, 249, 190, 
0, 435, 332, 440, 462, 822, 602, 
0, 368, 709, 185, 801, 143, 
0, 29, 623, 679, 533, 
0, 133, 394, 841, 793, 656, 
0, 891, 367, 708, 70, 673, 
0, 209, 365, 852, 357, 773, 
0, 140, 770, 641, 639, 845, 
0, 957, 866, 871, 809, 235, 909, 
0, 749, 350, 425, 805, 71, 
0, 880, 549, 236, 262, 272, 
0, 17, 940, 554, 30, 654, 340, 
0, 23, 675, 819, 833, 
0, 247, 392, 962, 364, 401, 131, 
0, 955, 800, 58, 437, 763, 
0, 979, 170, 872, 886, 175, 481, 
0, 729, 371, 283, 94, 386, 899, 
0, 454, 146, 682, 762, 745, 
0, 902, 629, 452, 134, 628, 
0, 169, 204, 327, 458, 347, 943, 
0, 467, 181, 531, 963, 669, 
0, 487, 847, 89, 39, 885, 
0, 642, 12, 419, 362, 698, 
0, 858, 520, 857, 741, 906, 982, 
0, 269, 680, 447, 525, 138, 
0, 318, 929, 983, 581, 442, 
0, 910, 198, 215, 627, 83, 
0, 473, 663, 913, 831, 202, 978, 
0, 956, 72, 796, 223, 165, 
0, 189, 444, 658, 541, 905, 835, 
0, 191, 408, 836, 82, 405, 
0, 936, 299, 59, 820, 881, 788, 
0, 304, 777, 575, 599, 417, 
0, 915, 359, 720, 182, 328, 
0, 494, 568, 715, 930, 42, 
0, 472, 493, 16, 100, 701, 
0, 652, 79, 363, 44, 450, 
0, 77, 778, 418, 937, 355, 
0, 510, 667, 231, 706, 559, 51, 
0, 150, 149, 52, 316, 28, 43, 
0, 540, 293, 314, 735, 643, 
0, 975, 690, 573, 674, 511, 
0, 958, 734, 397, 620, 310, 
0, 534, 912, 505, 237, 339, 
0, 984, 786, 457, 574, 484, 41, 
0, 106, 456, 73, 234, 767, 470, 
0, 115, 614, 580, 294, 193, 551, 
0, 461, 888, 261, 265, 
0, 742, 528, 474, 107, 324, 863, 
0, 611, 704, 898, 469, 928, 259, 
0, 716, 18, 901, 116, 834, 
0, 139, 509, 174, 200, 24, 
0, 738, 971, 696, 992, 624, 557, 
0, 331, 428, 129, 854, 594, 646, 
0, 239, 513, 524, 155, 142, 
0, 195, 640, 448, 548, 499, 
0, 451, 501, 973, 591, 108, 319, 
0, 455, 739, 93, 302, 
0, 995, 597, 222, 787, 420, 194, 
0, 558, 295, 993, 665, 717, 
0, 504, 542, 985, 842, 
0, 284, 751, 687, 707, 799, 987, 
0, 947, 877, 260, 677, 
0, 275, 590, 498, 423, 550, 
0, 242, 685, 490, 
0, 867, 598, 211, 391, 163, 7, 
0, 631, 697, 693, 823, 703, 
0, 645, 298, 124, 32, 579, 
0, 630, 19, 276, 22, 584, 152, 
0, 151, 4, 369, 893, 826, 733, 
0, 199, 280, 838, 508, 188, 907, 
0, 595, 876, 794, 409, 217, 563, 
0, 765, 313, 221, 500, 216, 
0, 925, 385, 153, 208, 655, 
0, 35, 900, 483, 429, 772, 
0, 647, 615, 918, 382, 839, 537, 
0, 87, 968, 384, 186, 36, 
0, 230, 759, 515, 6, 933, 
0, 292, 970, 894, 998, 288, 
0, 577, 289, 922, 433, 303, 
0, 343, 112, 160, 438, 92, 
0, 453, 816, 46, 393, 220, 
0, 379, 789, 315, 482, 
0, 622, 266, 159, 407, 
0, 111, 325, 576, 582, 785, 539, 
0, 495, 432, 361, 441, 567, 
0, 430, 173, 459, 330, 219, 
0, 547, 851, 63, 948, 5, 859, 
0, 218, 446, 803, 802, 177, 
0, 119, 196, 410, 692, 895, 
0, 769, 264, 977, 307, 
0, 15, 80, 719, 132, 
0, 309, 830, 972, 245, 896, 
0, 873, 583, 626, 478, 
0, 31, 267, 718, 804, 526, 
0, 702, 811, 657, 808, 389, 
0, 727, 232, 256, 334, 374, 
0, 744, 117, 238, 271, 849, 578, 
0, 360, 543, 853, 775, 755, 
0, 348, 164, 290, 783, 
0, 865, 919, 396, 156, 378, 
0, 354, 670, 91, 227, 228, 
0, 273, 564, 427, 874, 
0, 766, 882, 813, 98, 33, 
0, 840, 187, 691, 714, 502, 
0, 651, 53, 883, 864, 589, 726, 
0, 78, 616, 818, 774, 207, 949, 
0, 828, 203, 468, 699, 212, 
0, 632, 939, 776, 338, 514, 519, 
0, 184, 981, 506, 48, 388, 
0, 224, 648, 351, 659, 
0, 398, 748, 723, 55, 711, 764, 
0, 113, 40, 750, 50, 556, 713, 
0, 586, 466, 916, 76, 416, 
0, 229, 414, 791, 54, 301, 
0, 552, 846, 889, 136, 
0, 617, 613, 253, 344, 850, 825, 
0, 562, 664, 13, 205, 27, 118, 
0, 279, 329, 485, 254, 890, 
0, 969, 278, 282, 335, 
0, 518, 944, 861, 678, 523, 84, 
0, 989, 572, 406, 95, 96, 
0, 353, 960, 566, 422, 527, 
0, 927, 120, 812, 370, 342, 
0, 126, 336, 752, 555, 311, 
0, 754, 634, 756, 757, 903, 
0, 57, 201, 141, 436, 97, 
0, 635, 730, 672, 415, 492, 
0, 829, 277, 619, 986, 
0, 569, 976, 587, 130, 26, 
0, 477, 390, 373, 747, 90, 
0, 950, 689, 761, 465, 946, 320, 9, 
0, 148, 99, 686, 69, 38, 291, 
0, 810, 3, 75, 671, 535, 553, 
0, 103, 814, 606, 305, 758, 179, 
0, 721, 737, 1000, 676, 497, 65, 
0, 372, 932, 356, 862, 263, 
0, 248, 400, 517, 300, 346, 
0, 380, 399, 650, 988, 460, 
0, 197, 56, 352, 856, 879, 660, 
0, 530, 959, 358, 991, 
0, 486, 694, 503, 274, 240, 
0, 740, 782, 821, 431, 312, 
0, 999, 887, 705, 110, 
0, 345, 666, 934, 214, 14, 768, 
0, 471, 621, 67, 790, 610, 
0, 807, 832, 488, 897, 147, 
0, 172, 601, 8, 157, 
0, 47, 210, 612, 162, 306, 941, 
0, 381, 281, 
0, 125, 522, 252, 225, 596, 349, 
0, 884, 326, 123, 308, 892, 
0, 86, 464, 837, 127, 233, 
0, 855, 996, 475, 413, 860, 
0, 496, 128, 848, 246, 
0, 321, 688, 411, 875, 684, 
0, 463, 424, 268, 
0, 489, 167, 967, 109, 60, 
0, 649, 942, 974, 966, 226, 
0, 561, 137, 722, 168, 924, 951, 
0, 997, 270, 66, 366, 258, 
0, 376, 443, 244, 965, 544, 588, 
0, 375, 815, 798, 180, 532, 
0, 426, 844, 34, 101, 952, 
0, 953, 538, 122, 114, 434, 
0, 954, 681, 421, 480, 49, 
