Solution: 195 239402.380000 297902.380000

0, 435, 332, 440, 462, 822, 602, 
0, 590, 289, 922, 869, 783, 
0, 921, 119, 640, 448, 347, 943, 
0, 855, 996, 475, 413, 163, 
0, 137, 722, 352, 856, 879, 660, 
0, 957, 325, 871, 81, 404, 797, 
0, 53, 285, 779, 340, 194, 
0, 151, 4, 252, 225, 596, 349, 
0, 57, 120, 508, 718, 460, 
0, 947, 877, 260, 677, 899, 
0, 368, 540, 920, 82, 863, 
0, 549, 367, 211, 70, 673, 
0, 443, 664, 411, 237, 875, 339, 
0, 375, 623, 89, 44, 450, 
0, 975, 769, 977, 32, 212, 
0, 950, 371, 283, 391, 928, 7, 
0, 78, 267, 241, 333, 795, 
0, 17, 940, 30, 419, 654, 492, 
0, 496, 164, 140, 268, 
0, 569, 976, 314, 735, 324, 
0, 786, 457, 207, 961, 637, 
0, 154, 74, 662, 565, 21, 618, 
0, 998, 281, 
0, 923, 710, 66, 366, 258, 
0, 402, 583, 626, 42, 192, 
0, 552, 846, 889, 233, 908, 
0, 345, 666, 934, 214, 238, 578, 
0, 521, 608, 948, 63, 
0, 23, 390, 373, 747, 90, 
0, 754, 359, 433, 548, 
0, 558, 295, 993, 665, 717, 
0, 927, 804, 650, 746, 317, 526, 
0, 255, 79, 587, 130, 909, 
0, 647, 615, 918, 382, 839, 409, 
0, 309, 830, 543, 853, 152, 
0, 477, 796, 439, 964, 636, 
0, 111, 3, 75, 327, 535, 553, 
0, 426, 844, 34, 208, 436, 
0, 486, 694, 503, 860, 
0, 632, 128, 775, 22, 584, 896, 
0, 828, 124, 396, 790, 610, 
0, 451, 724, 671, 756, 757, 265, 
0, 275, 649, 803, 423, 499, 
0, 586, 466, 708, 714, 502, 33, 
0, 635, 117, 887, 705, 161, 
0, 495, 929, 153, 703, 
0, 125, 354, 522, 50, 328, 
0, 472, 612, 162, 306, 733, 
0, 455, 888, 789, 315, 
0, 955, 800, 58, 437, 763, 
0, 736, 296, 607, 806, 603, 507, 
0, 414, 791, 94, 386, 
0, 158, 513, 524, 155, 491, 
0, 86, 832, 994, 5, 859, 
0, 446, 980, 720, 182, 643, 
0, 547, 851, 290, 892, 
0, 932, 356, 361, 441, 567, 
0, 293, 282, 809, 539, 
0, 577, 516, 1, 613, 344, 903, 
0, 218, 412, 807, 963, 802, 177, 
0, 561, 201, 141, 728, 62, 628, 
0, 172, 601, 8, 157, 
0, 958, 160, 397, 620, 438, 
0, 898, 198, 215, 772, 966, 226, 
0, 115, 430, 173, 459, 330, 532, 
0, 473, 968, 384, 186, 36, 358, 
0, 645, 739, 93, 302, 
0, 630, 19, 591, 972, 755, 
0, 891, 564, 236, 178, 633, 272, 
0, 900, 770, 741, 906, 519, 
0, 738, 748, 723, 55, 711, 764, 
0, 471, 621, 156, 378, 546, 
0, 840, 979, 210, 698, 175, 
0, 248, 400, 517, 300, 656, 
0, 997, 697, 983, 581, 442, 
0, 727, 919, 690, 514, 952, 
0, 424, 862, 277, 101, 307, 
0, 765, 313, 221, 500, 216, 
0, 956, 72, 520, 857, 223, 579, 
0, 642, 12, 872, 76, 
0, 196, 679, 644, 434, 
0, 498, 232, 819, 550, 
0, 449, 31, 985, 88, 27, 118, 
0, 843, 935, 410, 470, 
0, 170, 916, 52, 316, 28, 43, 
0, 169, 204, 483, 429, 83, 
0, 279, 181, 253, 536, 
0, 560, 695, 827, 251, 297, 529, 
0, 798, 815, 180, 39, 669, 
0, 942, 981, 506, 48, 388, 
0, 463, 570, 817, 97, 
0, 873, 962, 478, 364, 131, 
0, 250, 121, 104, 712, 
0, 487, 847, 732, 885, 228, 
0, 600, 750, 227, 700, 713, 
0, 467, 989, 572, 220, 479, 
0, 398, 971, 696, 838, 585, 
0, 380, 399, 401, 988, 527, 
0, 456, 363, 836, 26, 
0, 184, 16, 493, 95, 96, 
0, 510, 667, 231, 135, 559, 320, 
0, 868, 999, 883, 864, 110, 
0, 702, 811, 657, 808, 389, 9, 
0, 884, 326, 256, 334, 845, 
0, 129, 464, 837, 127, 147, 
0, 243, 668, 145, 917, 
0, 915, 634, 531, 850, 825, 
0, 15, 80, 719, 132, 
0, 150, 149, 926, 61, 706, 51, 
0, 454, 651, 427, 589, 874, 745, 
0, 749, 25, 973, 245, 108, 319, 
0, 195, 329, 485, 482, 
0, 133, 372, 341, 780, 403, 166, 
0, 199, 280, 992, 370, 342, 907, 
0, 284, 751, 687, 707, 799, 987, 
0, 11, 709, 731, 185, 405, 
0, 343, 734, 937, 114, 417, 
0, 939, 776, 338, 699, 263, 
0, 744, 271, 682, 762, 14, 726, 
0, 144, 189, 444, 541, 905, 835, 
0, 518, 944, 861, 678, 523, 
0, 461, 266, 159, 
0, 867, 554, 369, 893, 826, 481, 
0, 209, 365, 812, 624, 557, 
0, 331, 428, 213, 854, 594, 646, 
0, 740, 960, 353, 6, 933, 303, 
0, 704, 37, 249, 262, 
0, 87, 242, 123, 574, 308, 949, 
0, 247, 392, 715, 930, 346, 188, 
0, 230, 566, 515, 422, 312, 
0, 376, 970, 894, 292, 381, 
0, 126, 336, 40, 787, 193, 551, 
0, 829, 203, 619, 246, 
0, 512, 351, 659, 760, 605, 
0, 925, 385, 693, 387, 655, 
0, 609, 938, 377, 288, 206, 771, 
0, 611, 689, 761, 465, 274, 240, 
0, 858, 501, 425, 805, 71, 
0, 395, 781, 545, 54, 301, 
0, 865, 298, 573, 674, 511, 
0, 902, 318, 452, 134, 291, 
0, 810, 528, 576, 582, 575, 109, 
0, 530, 73, 234, 767, 355, 
0, 348, 737, 676, 1000, 142, 
0, 911, 112, 10, 627, 60, 
0, 453, 816, 46, 393, 833, 
0, 910, 350, 276, 990, 571, 105, 
0, 995, 730, 680, 447, 525, 768, 
0, 148, 99, 866, 593, 335, 235, 
0, 974, 278, 474, 599, 785, 
0, 661, 904, 85, 592, 171, 
0, 45, 914, 721, 688, 497, 65, 
0, 931, 670, 752, 533, 305, 
0, 489, 641, 468, 639, 
0, 197, 631, 56, 945, 924, 951, 
0, 139, 509, 67, 407, 982, 
0, 766, 882, 813, 886, 98, 701, 
0, 494, 568, 852, 357, 773, 
0, 729, 598, 469, 259, 416, 
0, 224, 244, 965, 544, 684, 
0, 47, 322, 725, 556, 165, 
0, 239, 629, 432, 136, 
0, 321, 685, 490, 625, 
0, 77, 778, 418, 692, 895, 
0, 360, 913, 831, 202, 978, 
0, 954, 580, 681, 480, 49, 
0, 652, 743, 257, 91, 
0, 759, 616, 774, 818, 41, 
0, 936, 299, 59, 820, 881, 788, 
0, 742, 68, 870, 174, 200, 24, 
0, 716, 187, 691, 254, 890, 84, 
0, 269, 555, 653, 311, 219, 
0, 823, 270, 476, 604, 168, 
0, 953, 614, 421, 64, 
0, 595, 394, 841, 205, 793, 537, 
0, 617, 686, 69, 458, 107, 38, 
0, 273, 880, 190, 946, 383, 183, 
0, 103, 814, 758, 606, 179, 941, 
0, 638, 191, 408, 801, 337, 143, 
0, 969, 18, 406, 100, 
0, 113, 146, 415, 672, 138, 362, 
0, 504, 542, 658, 842, 102, 
0, 534, 912, 648, 505, 588, 
0, 176, 824, 683, 878, 753, 
0, 35, 20, 675, 784, 374, 
0, 304, 167, 488, 897, 967, 
0, 29, 663, 959, 310, 92, 
0, 562, 876, 13, 794, 217, 563, 
0, 597, 222, 294, 420, 849, 
0, 229, 379, 901, 116, 834, 
0, 984, 782, 821, 431, 484, 
0, 622, 445, 261, 
0, 106, 538, 122, 2, 792, 991, 
0, 777, 264, 848, 986, 
0, 286, 323, 287, 
