Solution: 196 239473.136000 298273.136000

0, 472, 615, 159, 308, 862, 
0, 705, 813, 655, 12, 396, 847, 324, 
0, 198, 135, 356, 882, 90, 
0, 384, 891, 21, 893, 834, 75, 
0, 833, 78, 467, 519, 
0, 165, 202, 331, 462, 35, 910, 
0, 779, 315, 215, 47, 332, 
0, 639, 288, 778, 227, 
0, 931, 320, 457, 127, 909, 
0, 241, 283, 690, 919, 535, 
0, 54, 115, 991, 716, 628, 558, 
0, 492, 592, 843, 349, 761, 
0, 401, 780, 547, 546, 393, 
0, 450, 674, 820, 185, 
0, 495, 651, 751, 555, 
0, 973, 302, 854, 25, 148, 898, 
0, 775, 201, 622, 244, 
0, 976, 499, 431, 509, 613, 
0, 147, 6, 249, 219, 498, 
0, 766, 815, 889, 67, 424, 
0, 681, 451, 496, 429, 197, 
0, 486, 848, 417, 469, 
0, 380, 626, 81, 36, 177, 
0, 731, 600, 900, 398, 160, 
0, 508, 226, 128, 710, 57, 181, 
0, 276, 549, 806, 863, 
0, 941, 692, 402, 791, 548, 
0, 79, 66, 408, 41, 455, 
0, 621, 853, 488, 629, 
0, 454, 195, 282, 376, 344, 772, 
0, 405, 505, 409, 721, 906, 
0, 828, 363, 71, 984, 
0, 740, 777, 117, 4, 794, 990, 
0, 570, 70, 404, 312, 84, 
0, 614, 696, 500, 861, 
0, 634, 699, 373, 476, 447, 
0, 929, 753, 698, 730, 58, 631, 
0, 23, 228, 255, 49, 82, 
0, 218, 648, 738, 300, 793, 
0, 494, 827, 574, 511, 265, 
0, 345, 106, 157, 108, 328, 
0, 5, 599, 679, 671, 131, 112, 
0, 579, 870, 597, 873, 908, 845, 
0, 18, 72, 916, 796, 640, 416, 230, 
0, 983, 118, 292, 200, 782, 
0, 562, 130, 814, 9, 936, 37, 
0, 720, 520, 857, 968, 905, 
0, 501, 543, 742, 338, 525, 257, 
0, 956, 732, 805, 272, 237, 580, 
0, 856, 996, 474, 421, 676, 
0, 914, 785, 430, 773, 309, 950, 
0, 823, 982, 584, 392, 164, 
0, 107, 767, 169, 684, 752, 583, 
0, 337, 76, 196, 395, 
0, 972, 367, 210, 89, 28, 
0, 838, 441, 85, 350, 685, 
0, 458, 818, 513, 677, 173, 
0, 514, 678, 669, 646, 
0, 310, 686, 723, 1000, 269, 
0, 294, 381, 243, 998, 717, 256, 
0, 473, 63, 443, 73, 56, 
0, 191, 333, 110, 290, 
0, 748, 611, 382, 98, 
0, 281, 179, 528, 353, 852, 824, 
0, 358, 521, 24, 296, 427, 
0, 516, 987, 573, 214, 478, 932, 
0, 432, 844, 993, 445, 568, 
0, 869, 769, 849, 32, 673, 
0, 682, 966, 304, 842, 654, 
0, 644, 14, 141, 252, 
0, 42, 632, 619, 965, 642, 26, 
0, 168, 603, 11, 154, 
0, 143, 725, 687, 979, 233, 411, 
0, 637, 459, 433, 29, 866, 593, 727, 
0, 971, 962, 364, 623, 
0, 928, 390, 170, 229, 
0, 961, 661, 913, 830, 199, 
0, 538, 336, 444, 434, 464, 604, 
0, 871, 765, 726, 204, 556, 137, 
0, 741, 68, 258, 83, 
0, 552, 846, 892, 641, 59, 
0, 737, 569, 860, 477, 
0, 225, 207, 298, 652, 825, 481, 
0, 884, 267, 156, 
0, 109, 663, 921, 881, 334, 213, 
0, 420, 649, 967, 762, 607, 
0, 581, 506, 362, 167, 
0, 330, 397, 379, 949, 155, 
0, 44, 245, 485, 189, 719, 
0, 360, 259, 695, 706, 
0, 925, 113, 643, 453, 533, 553, 
0, 311, 829, 389, 184, 27, 
0, 182, 491, 502, 45, 822, 645, 
0, 620, 577, 783, 322, 798, 
0, 904, 618, 461, 888, 
0, 902, 980, 285, 
0, 335, 975, 855, 895, 
0, 39, 163, 954, 811, 539, 
0, 471, 624, 596, 754, 
0, 886, 354, 153, 235, 557, 
0, 957, 399, 43, 534, 522, 588, 
0, 746, 121, 277, 988, 99, 65, 
0, 326, 668, 670, 60, 
0, 551, 166, 876, 369, 700, 
0, 951, 691, 377, 466, 275, 239, 
0, 563, 662, 16, 841, 410, 162, 
0, 188, 415, 802, 183, 412, 
0, 348, 665, 938, 851, 190, 
0, 69, 963, 357, 413, 436, 
0, 287, 216, 253, 787, 313, 
0, 119, 816, 608, 565, 531, 307, 
0, 77, 922, 172, 383, 981, 
0, 97, 270, 375, 896, 542, 40, 
0, 540, 713, 340, 161, 
0, 132, 874, 316, 234, 734, 
0, 385, 406, 268, 986, 124, 
0, 289, 341, 718, 712, 273, 
0, 903, 2, 250, 347, 667, 
0, 955, 817, 799, 627, 178, 530, 
0, 934, 749, 221, 702, 211, 
0, 126, 116, 722, 125, 
0, 122, 465, 837, 120, 142, 387, 
0, 532, 912, 969, 203, 
0, 878, 586, 809, 807, 728, 
0, 894, 374, 64, 672, 251, 
0, 660, 602, 517, 733, 887, 
0, 697, 826, 248, 821, 885, 788, 
0, 31, 475, 80, 567, 314, 61, 
0, 133, 939, 426, 694, 897, 
0, 559, 297, 992, 664, 439, 
0, 223, 625, 263, 305, 
0, 212, 419, 810, 964, 497, 
0, 206, 747, 724, 52, 715, 764, 
0, 94, 786, 114, 960, 260, 
0, 100, 329, 279, 101, 351, 945, 
0, 20, 942, 554, 30, 759, 703, 
0, 776, 875, 144, 943, 867, 103, 
0, 755, 140, 683, 524, 507, 
0, 840, 978, 414, 93, 616, 
0, 246, 407, 515, 933, 38, 
0, 295, 911, 836, 771, 
0, 650, 50, 999, 95, 560, 48, 
0, 366, 544, 774, 587, 756, 
0, 617, 578, 529, 479, 46, 
0, 238, 510, 523, 152, 489, 
0, 463, 355, 789, 317, 
0, 594, 291, 926, 323, 804, 175, 
0, 598, 400, 795, 262, 868, 
0, 803, 187, 448, 541, 707, 835, 
0, 242, 666, 139, 770, 
0, 647, 831, 518, 487, 899, 638, 
0, 729, 610, 280, 745, 8, 859, 
0, 460, 13, 924, 630, 
0, 659, 422, 792, 51, 482, 
0, 735, 299, 609, 605, 656, 504, 
0, 940, 883, 176, 264, 970, 527, 
0, 174, 750, 688, 711, 800, 985, 
0, 470, 947, 864, 87, 91, 704, 
0, 812, 526, 576, 585, 601, 784, 
0, 959, 55, 797, 217, 74, 
0, 325, 418, 236, 879, 591, 
0, 435, 582, 680, 446, 222, 
0, 484, 339, 261, 171, 907, 
0, 224, 790, 240, 744, 319, 
0, 346, 760, 537, 575, 483, 
0, 739, 781, 512, 428, 96, 
0, 386, 284, 
0, 948, 437, 368, 129, 
0, 456, 365, 636, 757, 758, 266, 
0, 193, 370, 53, 572, 927, 952, 
0, 994, 545, 452, 423, 490, 
0, 915, 194, 612, 151, 503, 
0, 394, 944, 974, 877, 180, 
0, 958, 801, 953, 442, 763, 220, 
0, 561, 303, 19, 468, 930, 10, 
0, 403, 425, 208, 946, 306, 
0, 858, 657, 3, 7, 
0, 714, 271, 62, 606, 658, 
0, 989, 880, 359, 15, 808, 564, 
0, 254, 1, 590, 123, 865, 
0, 997, 571, 819, 440, 566, 653, 
0, 917, 92, 438, 550, 293, 
0, 480, 832, 890, 709, 342, 
0, 689, 536, 768, 231, 274, 
0, 146, 145, 937, 104, 301, 
0, 635, 449, 278, 977, 701, 
0, 150, 186, 693, 327, 33, 88, 
0, 589, 935, 918, 318, 158, 
0, 105, 192, 850, 372, 361, 
0, 633, 22, 134, 595, 102, 321, 
0, 493, 923, 149, 205, 209, 
0, 743, 111, 371, 17, 995, 
0, 138, 378, 343, 388, 839, 920, 
0, 708, 286, 86, 391, 901, 
0, 352, 736, 675, 136, 
0, 872, 34, 247, 232, 
