Solution: 193 237766.480000 295666.480000

0, 940, 19, 226, 821, 885, 788, 
0, 743, 287, 683, 851, 40, 
0, 644, 14, 141, 306, 
0, 955, 680, 408, 11, 154, 
0, 681, 92, 438, 550, 497, 
0, 132, 506, 172, 673, 509, 
0, 224, 567, 512, 428, 314, 
0, 749, 602, 517, 733, 530, 
0, 326, 668, 670, 60, 446, 887, 
0, 119, 831, 518, 487, 899, 867, 
0, 637, 545, 140, 29, 158, 
0, 174, 750, 688, 711, 800, 985, 
0, 100, 460, 66, 669, 123, 28, 
0, 366, 913, 184, 587, 148, 
0, 516, 21, 903, 93, 251, 616, 
0, 647, 499, 431, 791, 613, 
0, 951, 302, 854, 25, 898, 756, 
0, 289, 712, 718, 284, 
0, 581, 874, 601, 576, 
0, 735, 299, 609, 809, 605, 504, 
0, 472, 615, 159, 308, 862, 
0, 737, 569, 860, 698, 728, 
0, 168, 117, 417, 199, 990, 
0, 360, 476, 392, 606, 653, 
0, 562, 963, 357, 436, 413, 483, 
0, 803, 407, 515, 842, 96, 
0, 294, 381, 973, 998, 717, 868, 
0, 384, 625, 789, 762, 317, 
0, 23, 228, 255, 949, 155, 
0, 577, 875, 619, 745, 82, 
0, 561, 697, 826, 248, 301, 527, 
0, 94, 786, 128, 710, 57, 181, 
0, 514, 678, 531, 307, 
0, 401, 780, 547, 7, 685, 
0, 193, 370, 634, 572, 927, 952, 
0, 218, 243, 969, 391, 
0, 212, 451, 3, 305, 
0, 330, 632, 379, 965, 642, 26, 
0, 471, 624, 596, 196, 27, 
0, 450, 496, 820, 539, 
0, 779, 315, 215, 47, 256, 
0, 358, 521, 565, 759, 177, 
0, 540, 713, 802, 340, 211, 
0, 246, 245, 485, 505, 772, 
0, 473, 661, 623, 395, 443, 
0, 720, 947, 864, 677, 478, 932, 
0, 823, 695, 373, 259, 
0, 828, 201, 977, 244, 
0, 552, 449, 622, 701, 954, 
0, 492, 592, 843, 349, 189, 
0, 494, 922, 402, 383, 557, 
0, 818, 279, 285, 763, 328, 
0, 405, 747, 724, 52, 715, 764, 
0, 948, 437, 368, 641, 
0, 620, 528, 250, 347, 533, 553, 
0, 959, 329, 776, 144, 101, 175, 
0, 501, 475, 80, 343, 919, 841, 
0, 310, 346, 133, 269, 
0, 352, 118, 461, 888, 895, 
0, 956, 755, 935, 318, 67, 112, 
0, 143, 848, 799, 627, 178, 
0, 961, 345, 603, 426, 694, 
0, 971, 962, 830, 794, 897, 
0, 549, 674, 783, 863, 
0, 470, 179, 414, 252, 33, 
0, 621, 853, 488, 629, 
0, 20, 942, 554, 30, 652, 995, 
0, 878, 586, 719, 933, 38, 
0, 110, 192, 850, 41, 361, 
0, 138, 543, 742, 807, 409, 906, 
0, 739, 790, 240, 744, 319, 
0, 911, 106, 157, 108, 233, 
0, 463, 355, 657, 967, 607, 
0, 225, 207, 298, 369, 490, 
0, 107, 767, 169, 684, 752, 583, 
0, 958, 833, 801, 585, 811, 784, 
0, 682, 966, 304, 477, 761, 
0, 54, 115, 814, 730, 58, 489, 
0, 886, 465, 837, 120, 142, 
0, 69, 928, 390, 706, 129, 
0, 42, 723, 675, 690, 61, 136, 
0, 840, 978, 918, 876, 91, 704, 
0, 869, 354, 235, 153, 265, 
0, 495, 651, 671, 542, 131, 
0, 186, 150, 751, 555, 313, 
0, 18, 72, 722, 262, 
0, 929, 753, 991, 716, 628, 558, 
0, 633, 22, 134, 595, 102, 321, 
0, 972, 987, 573, 214, 834, 
0, 126, 916, 648, 546, 591, 
0, 486, 817, 81, 36, 703, 
0, 598, 880, 796, 15, 808, 564, 
0, 146, 832, 890, 709, 342, 
0, 769, 363, 71, 984, 
0, 551, 34, 247, 264, 114, 960, 
0, 589, 166, 700, 889, 173, 
0, 77, 692, 574, 511, 519, 
0, 731, 600, 377, 468, 260, 424, 
0, 989, 662, 920, 388, 839, 535, 
0, 559, 297, 992, 664, 439, 
0, 325, 418, 236, 879, 416, 640, 
0, 639, 288, 778, 227, 
0, 105, 536, 4, 389, 364, 
0, 812, 526, 612, 89, 161, 
0, 917, 636, 757, 455, 351, 56, 
0, 746, 121, 277, 988, 99, 65, 
0, 708, 883, 176, 930, 10, 
0, 582, 435, 881, 334, 213, 
0, 777, 939, 231, 274, 
0, 748, 611, 382, 98, 125, 
0, 617, 578, 529, 479, 46, 
0, 198, 571, 819, 882, 90, 
0, 97, 816, 249, 219, 498, 332, 
0, 635, 941, 278, 849, 32, 
0, 872, 650, 433, 866, 593, 727, 
0, 165, 202, 331, 462, 35, 910, 
0, 337, 76, 362, 167, 
0, 765, 68, 258, 702, 646, 
0, 44, 116, 203, 290, 901, 
0, 79, 520, 857, 968, 905, 981, 
0, 459, 374, 86, 171, 907, 
0, 563, 400, 16, 359, 795, 654, 
0, 914, 686, 736, 1000, 410, 162, 
0, 238, 510, 523, 9, 936, 
0, 378, 31, 986, 338, 525, 257, 
0, 894, 341, 693, 327, 273, 
0, 714, 271, 62, 566, 440, 
0, 976, 441, 292, 200, 782, 
0, 741, 70, 404, 312, 84, 
0, 380, 626, 372, 768, 469, 
0, 997, 699, 982, 584, 447, 
0, 254, 1, 726, 556, 222, 
0, 385, 406, 268, 721, 124, 
0, 335, 320, 457, 127, 631, 
0, 191, 333, 806, 429, 197, 
0, 188, 415, 183, 73, 865, 
0, 957, 953, 55, 943, 103, 387, 
0, 740, 63, 13, 924, 412, 
0, 884, 267, 156, 
0, 915, 194, 630, 151, 503, 
0, 270, 679, 805, 17, 970, 
0, 944, 336, 444, 434, 645, 
0, 403, 39, 210, 442, 180, 
0, 983, 785, 430, 773, 309, 950, 
0, 432, 844, 993, 445, 568, 
0, 458, 902, 980, 502, 771, 220, 
0, 276, 649, 946, 185, 
0, 608, 660, 877, 45, 393, 
0, 856, 996, 474, 421, 
0, 766, 815, 64, 672, 
0, 871, 900, 286, 386, 275, 239, 
0, 130, 931, 135, 152, 37, 
0, 420, 513, 2, 534, 852, 824, 
0, 311, 829, 544, 774, 548, 
0, 570, 590, 836, 74, 
0, 145, 50, 999, 937, 104, 
0, 109, 663, 921, 253, 296, 24, 
0, 493, 923, 149, 205, 209, 
0, 147, 6, 375, 896, 825, 481, 
0, 614, 691, 696, 500, 861, 
0, 348, 665, 938, 272, 237, 580, 
0, 781, 760, 537, 575, 
0, 994, 732, 423, 452, 524, 507, 
0, 891, 399, 43, 522, 893, 75, 
0, 484, 339, 261, 676, 
0, 187, 448, 656, 541, 707, 835, 
0, 241, 283, 85, 350, 293, 
0, 904, 618, 122, 855, 909, 
0, 456, 725, 687, 979, 322, 798, 
0, 729, 870, 597, 873, 908, 845, 
0, 925, 113, 643, 464, 822, 604, 
0, 579, 419, 810, 964, 804, 588, 
0, 454, 195, 282, 376, 344, 230, 
0, 508, 303, 466, 232, 
0, 281, 538, 365, 453, 758, 945, 
0, 659, 422, 792, 51, 482, 
0, 934, 221, 83, 204, 137, 
0, 594, 291, 926, 323, 353, 667, 
0, 182, 974, 491, 87, 88, 
0, 295, 367, 316, 234, 734, 
0, 705, 813, 655, 12, 396, 847, 324, 
0, 206, 53, 356, 164, 658, 
0, 975, 846, 892, 170, 229, 
0, 242, 666, 139, 770, 
0, 480, 111, 371, 95, 560, 48, 
0, 532, 912, 738, 300, 793, 
0, 394, 797, 217, 754, 638, 
0, 5, 599, 216, 787, 427, 190, 
0, 208, 425, 398, 160, 
0, 858, 163, 78, 8, 859, 
0, 838, 827, 775, 467, 59, 
0, 397, 610, 280, 49, 411, 
0, 223, 689, 263, 266, 
