Solution: 193 236196.380000 294096.380000

0, 894, 650, 176, 821, 960, 
0, 925, 113, 643, 453, 351, 945, 
0, 78, 449, 278, 511, 519, 
0, 971, 939, 4, 794, 
0, 348, 665, 938, 272, 237, 580, 
0, 456, 39, 163, 467, 641, 
0, 994, 732, 679, 671, 524, 507, 
0, 720, 947, 864, 677, 834, 75, 
0, 961, 661, 962, 830, 623, 
0, 403, 765, 726, 204, 556, 137, 
0, 735, 299, 609, 605, 656, 
0, 978, 166, 876, 369, 825, 481, 
0, 346, 618, 773, 950, 895, 
0, 492, 592, 724, 933, 38, 
0, 915, 194, 612, 151, 503, 
0, 956, 526, 776, 585, 811, 233, 
0, 589, 935, 918, 29, 158, 
0, 146, 832, 890, 95, 57, 710, 
0, 50, 288, 778, 342, 
0, 488, 549, 133, 200, 
0, 94, 786, 226, 128, 560, 
0, 18, 72, 722, 125, 
0, 289, 1, 83, 73, 161, 
0, 407, 666, 586, 761, 409, 906, 
0, 516, 987, 399, 87, 893, 588, 
0, 514, 678, 81, 771, 
0, 508, 883, 273, 114, 970, 324, 
0, 357, 963, 790, 567, 410, 162, 
0, 335, 320, 457, 127, 293, 
0, 740, 63, 404, 443, 395, 
0, 748, 302, 854, 544, 774, 756, 
0, 878, 515, 304, 477, 
0, 581, 362, 167, 557, 
0, 432, 844, 993, 445, 568, 
0, 681, 291, 926, 429, 197, 
0, 381, 973, 243, 969, 546, 591, 
0, 473, 208, 425, 86, 171, 907, 
0, 644, 14, 141, 889, 173, 
0, 441, 975, 122, 855, 322, 910, 
0, 130, 571, 523, 90, 
0, 682, 505, 721, 124, 112, 
0, 551, 374, 712, 64, 672, 
0, 311, 829, 184, 389, 364, 
0, 940, 247, 264, 
0, 501, 543, 742, 809, 807, 728, 
0, 521, 326, 751, 555, 211, 
0, 325, 662, 418, 388, 839, 920, 
0, 206, 747, 860, 52, 715, 764, 
0, 884, 267, 156, 
0, 634, 699, 982, 584, 447, 
0, 766, 815, 398, 
0, 917, 92, 438, 758, 266, 
0, 380, 626, 11, 154, 
0, 713, 924, 836, 340, 
0, 749, 602, 221, 646, 222, 
0, 689, 536, 768, 231, 274, 
0, 540, 911, 13, 630, 539, 
0, 20, 942, 554, 30, 652, 490, 
0, 385, 406, 268, 416, 640, 
0, 491, 660, 608, 759, 177, 
0, 6, 47, 215, 498, 332, 
0, 337, 76, 506, 754, 
0, 352, 118, 280, 949, 155, 
0, 330, 632, 610, 965, 642, 26, 
0, 401, 780, 547, 51, 305, 
0, 691, 951, 294, 386, 391, 
0, 494, 886, 461, 575, 309, 
0, 132, 673, 595, 102, 321, 
0, 928, 390, 170, 229, 909, 
0, 54, 115, 814, 730, 58, 489, 
0, 957, 953, 55, 867, 142, 
0, 119, 298, 207, 700, 91, 704, 
0, 828, 775, 977, 244, 
0, 126, 378, 240, 428, 314, 61, 
0, 611, 770, 203, 290, 901, 
0, 77, 465, 837, 120, 59, 
0, 333, 165, 414, 252, 
0, 224, 760, 292, 782, 
0, 972, 367, 210, 89, 28, 
0, 743, 287, 805, 17, 727, 
0, 614, 696, 500, 861, 
0, 958, 833, 801, 442, 74, 
0, 871, 600, 377, 466, 232, 
0, 570, 70, 590, 123, 865, 
0, 472, 615, 159, 308, 862, 
0, 405, 966, 843, 349, 504, 
0, 168, 117, 426, 199, 990, 
0, 179, 2, 250, 347, 553, 
0, 929, 753, 991, 716, 628, 558, 
0, 598, 916, 796, 262, 868, 
0, 358, 249, 219, 45, 703, 
0, 147, 270, 565, 24, 531, 307, 
0, 639, 140, 683, 851, 190, 
0, 739, 781, 512, 436, 888, 
0, 856, 996, 474, 421, 160, 10, 
0, 827, 692, 402, 791, 613, 
0, 818, 279, 285, 763, 328, 
0, 785, 430, 537, 413, 483, 
0, 559, 297, 992, 664, 530, 
0, 225, 186, 693, 327, 251, 
0, 110, 192, 850, 372, 469, 
0, 341, 718, 284, 
0, 649, 450, 3, 7, 
0, 714, 271, 62, 476, 631, 
0, 218, 998, 717, 256, 
0, 484, 339, 261, 676, 
0, 578, 848, 627, 36, 887, 
0, 486, 817, 799, 178, 46, 
0, 107, 767, 169, 684, 752, 583, 
0, 310, 686, 690, 1000, 269, 
0, 5, 599, 216, 651, 313, 131, 
0, 143, 725, 687, 979, 323, 798, 
0, 746, 121, 277, 988, 99, 898, 
0, 42, 723, 675, 350, 685, 
0, 459, 755, 318, 67, 424, 
0, 495, 253, 296, 787, 427, 
0, 145, 937, 999, 866, 593, 
0, 955, 663, 921, 881, 334, 213, 
0, 737, 569, 698, 525, 535, 
0, 561, 697, 826, 248, 48, 885, 527, 
0, 242, 510, 819, 152, 658, 
0, 959, 329, 875, 943, 601, 784, 
0, 579, 858, 738, 300, 793, 
0, 109, 617, 582, 733, 517, 446, 
0, 741, 68, 603, 108, 361, 
0, 138, 475, 80, 842, 96, 
0, 31, 986, 338, 744, 319, 257, 
0, 904, 437, 368, 129, 
0, 69, 366, 913, 196, 27, 
0, 463, 355, 657, 967, 607, 
0, 105, 365, 636, 757, 56, 667, 
0, 241, 283, 85, 306, 393, 
0, 840, 777, 417, 694, 897, 
0, 976, 922, 574, 172, 387, 
0, 360, 373, 392, 606, 653, 
0, 493, 923, 149, 205, 566, 
0, 562, 198, 135, 9, 936, 37, 
0, 633, 22, 134, 25, 587, 148, 
0, 44, 116, 382, 98, 482, 
0, 823, 931, 695, 706, 440, 
0, 191, 470, 528, 353, 550, 
0, 914, 736, 343, 919, 136, 
0, 934, 668, 670, 60, 
0, 708, 286, 900, 468, 930, 260, 
0, 79, 797, 874, 217, 638, 
0, 150, 435, 680, 529, 479, 
0, 635, 941, 201, 622, 701, 209, 
0, 620, 674, 820, 185, 
0, 812, 779, 315, 877, 822, 645, 
0, 872, 34, 433, 104, 301, 
0, 193, 370, 53, 572, 927, 952, 
0, 254, 258, 702, 669, 439, 
0, 182, 980, 502, 180, 220, 
0, 731, 813, 705, 396, 275, 239, 
0, 384, 625, 789, 762, 317, 
0, 420, 499, 431, 509, 65, 
0, 394, 513, 263, 533, 
0, 458, 769, 849, 32, 984, 
0, 454, 195, 282, 376, 344, 772, 
0, 637, 545, 452, 423, 227, 
0, 276, 594, 496, 806, 497, 
0, 303, 19, 655, 847, 181, 788, 12, 
0, 345, 106, 157, 312, 84, 
0, 451, 853, 619, 144, 103, 576, 
0, 647, 831, 518, 487, 899, 954, 
0, 212, 419, 810, 964, 804, 175, 
0, 729, 870, 597, 873, 908, 845, 
0, 97, 816, 375, 896, 542, 40, 
0, 174, 750, 688, 711, 800, 985, 
0, 869, 354, 235, 153, 265, 
0, 246, 245, 139, 485, 719, 189, 
0, 891, 21, 903, 93, 616, 
0, 223, 422, 792, 946, 33, 88, 
0, 281, 43, 534, 522, 852, 824, 
0, 100, 460, 66, 408, 41, 455, 
0, 803, 187, 448, 541, 707, 835, 
0, 948, 363, 71, 259, 
0, 188, 415, 802, 183, 412, 
0, 532, 912, 648, 236, 879, 230, 
0, 983, 520, 857, 968, 905, 981, 
0, 552, 846, 892, 745, 82, 
0, 238, 997, 356, 164, 882, 
0, 538, 336, 444, 434, 464, 604, 
0, 23, 228, 255, 49, 411, 
0, 621, 397, 379, 8, 859, 
0, 902, 295, 316, 234, 734, 
0, 563, 400, 16, 841, 795, 654, 
0, 659, 202, 331, 462, 101, 35, 
0, 471, 624, 596, 383, 548, 
0, 974, 944, 573, 214, 478, 932, 
0, 989, 880, 359, 15, 808, 564, 
0, 838, 577, 783, 863, 629, 
0, 480, 111, 371, 709, 995, 
