Solution: 192 236283.474000 293883.474000

0, 955, 393, 46, 974, 966, 226, 
0, 375, 815, 798, 180, 532, 
0, 560, 695, 827, 251, 297, 529, 
0, 78, 925, 385, 361, 441, 567, 
0, 172, 601, 418, 692, 978, 
0, 641, 464, 468, 699, 263, 
0, 486, 694, 503, 274, 240, 
0, 473, 68, 870, 67, 378, 546, 
0, 487, 847, 89, 39, 885, 
0, 23, 675, 819, 550, 
0, 45, 721, 676, 688, 497, 65, 
0, 326, 608, 994, 81, 5, 859, 
0, 230, 566, 341, 422, 312, 
0, 727, 232, 256, 63, 802, 
0, 630, 128, 25, 22, 584, 152, 
0, 749, 204, 720, 26, 165, 
0, 969, 942, 483, 429, 83, 
0, 891, 564, 236, 178, 633, 272, 
0, 586, 170, 52, 316, 28, 
0, 133, 372, 241, 333, 795, 
0, 921, 516, 1, 613, 344, 903, 
0, 504, 542, 985, 842, 102, 
0, 176, 683, 459, 878, 753, 
0, 704, 249, 262, 163, 
0, 239, 513, 524, 6, 142, 
0, 923, 570, 817, 728, 62, 491, 
0, 744, 730, 672, 415, 525, 138, 
0, 953, 600, 750, 227, 130, 731, 
0, 957, 325, 871, 862, 233, 
0, 117, 284, 751, 707, 799, 987, 
0, 702, 811, 657, 808, 389, 9, 
0, 716, 944, 861, 678, 850, 825, 
0, 125, 354, 252, 225, 596, 349, 
0, 521, 390, 373, 948, 291, 
0, 927, 31, 650, 746, 317, 526, 
0, 939, 776, 338, 637, 212, 
0, 87, 520, 857, 741, 906, 982, 
0, 738, 971, 696, 508, 188, 
0, 453, 528, 474, 582, 335, 539, 
0, 111, 3, 75, 327, 107, 303, 
0, 77, 743, 91, 64, 
0, 742, 778, 2, 792, 202, 991, 
0, 381, 281, 
0, 360, 853, 972, 245, 105, 
0, 173, 430, 40, 330, 219, 
0, 884, 975, 213, 961, 639, 
0, 248, 400, 517, 930, 715, 
0, 549, 367, 211, 70, 673, 
0, 950, 371, 283, 190, 928, 7, 
0, 914, 685, 737, 1000, 875, 339, 
0, 16, 623, 363, 44, 355, 
0, 765, 313, 221, 500, 216, 
0, 345, 666, 934, 271, 238, 578, 
0, 57, 120, 812, 992, 624, 557, 
0, 35, 20, 869, 334, 374, 235, 
0, 237, 648, 104, 
0, 304, 777, 809, 268, 
0, 754, 866, 576, 599, 845, 
0, 936, 667, 926, 61, 706, 51, 
0, 617, 686, 593, 783, 
0, 11, 709, 185, 801, 143, 
0, 489, 167, 488, 897, 785, 
0, 103, 814, 758, 606, 179, 
0, 997, 856, 352, 879, 924, 951, 
0, 137, 722, 693, 366, 258, 
0, 201, 629, 432, 136, 
0, 829, 203, 246, 986, 
0, 900, 800, 223, 636, 417, 
0, 368, 540, 920, 82, 863, 
0, 209, 748, 723, 55, 711, 764, 
0, 151, 4, 369, 893, 826, 733, 
0, 255, 79, 257, 700, 644, 
0, 769, 277, 619, 101, 
0, 321, 615, 411, 382, 839, 918, 
0, 843, 935, 410, 470, 
0, 902, 616, 774, 818, 
0, 269, 680, 447, 849, 43, 
0, 510, 231, 135, 559, 320, 
0, 119, 634, 69, 458, 38, 909, 
0, 477, 919, 573, 514, 967, 
0, 243, 668, 917, 804, 527, 
0, 113, 146, 824, 687, 214, 768, 
0, 661, 187, 691, 323, 502, 
0, 449, 158, 280, 838, 342, 537, 
0, 828, 690, 396, 790, 610, 
0, 348, 123, 457, 207, 594, 646, 
0, 454, 37, 682, 762, 14, 726, 
0, 286, 254, 714, 708, 287, 
0, 851, 547, 784, 404, 625, 
0, 911, 112, 160, 620, 92, 
0, 968, 959, 384, 186, 36, 
0, 710, 270, 66, 476, 168, 
0, 631, 697, 983, 581, 442, 
0, 947, 121, 877, 260, 677, 
0, 855, 996, 475, 413, 860, 
0, 931, 322, 752, 21, 618, 
0, 647, 664, 13, 205, 27, 118, 
0, 126, 336, 653, 555, 533, 305, 
0, 47, 210, 612, 162, 306, 941, 
0, 273, 651, 427, 589, 874, 745, 
0, 199, 370, 267, 718, 907, 
0, 635, 466, 916, 872, 76, 
0, 247, 392, 145, 346, 401, 131, 
0, 954, 681, 421, 480, 49, 
0, 729, 299, 59, 820, 881, 788, 
0, 148, 724, 99, 980, 757, 265, 
0, 195, 329, 485, 482, 
0, 898, 53, 887, 705, 340, 
0, 558, 295, 993, 665, 717, 
0, 115, 614, 580, 732, 556, 228, 
0, 395, 781, 545, 54, 301, 
0, 766, 882, 813, 886, 98, 701, 
0, 29, 663, 913, 831, 358, 
0, 154, 74, 565, 294, 193, 551, 
0, 218, 446, 803, 548, 499, 177, 
0, 196, 679, 311, 
0, 343, 734, 937, 114, 434, 
0, 645, 501, 425, 805, 71, 
0, 552, 846, 889, 747, 90, 
0, 638, 932, 356, 34, 97, 
0, 496, 266, 159, 407, 
0, 652, 670, 725, 337, 713, 
0, 494, 568, 852, 357, 773, 
0, 995, 597, 222, 787, 420, 194, 
0, 984, 242, 93, 302, 
0, 224, 244, 965, 544, 684, 
0, 595, 876, 794, 409, 217, 563, 
0, 250, 394, 841, 780, 403, 166, 
0, 398, 364, 806, 988, 460, 
0, 622, 445, 261, 
0, 380, 399, 88, 793, 656, 
0, 736, 296, 607, 603, 658, 507, 
0, 858, 264, 977, 307, 519, 
0, 865, 832, 837, 127, 147, 
0, 518, 18, 901, 116, 100, 96, 
0, 275, 649, 391, 
0, 471, 621, 156, 200, 24, 
0, 106, 538, 122, 8, 157, 
0, 611, 689, 761, 465, 946, 383, 183, 
0, 609, 938, 377, 288, 206, 771, 
0, 598, 662, 522, 50, 182, 643, 
0, 461, 786, 424, 574, 308, 949, 
0, 331, 428, 129, 854, 908, 
0, 463, 759, 431, 933, 41, 
0, 534, 912, 739, 505, 588, 
0, 140, 278, 282, 772, 
0, 561, 141, 318, 452, 134, 628, 
0, 956, 72, 796, 439, 964, 952, 
0, 632, 298, 124, 848, 32, 
0, 435, 332, 440, 462, 822, 602, 
0, 999, 285, 779, 161, 
0, 577, 412, 807, 498, 423, 797, 
0, 293, 397, 438, 310, 
0, 309, 830, 543, 775, 755, 
0, 958, 904, 85, 592, 171, 
0, 569, 976, 10, 627, 324, 
0, 816, 640, 671, 60, 669, 
0, 472, 493, 419, 362, 481, 
0, 740, 960, 353, 515, 155, 660, 
0, 191, 408, 314, 735, 328, 
0, 86, 770, 58, 109, 575, 
0, 873, 962, 300, 478, 
0, 562, 782, 821, 484, 892, 
0, 197, 365, 56, 945, 604, 387, 
0, 451, 350, 276, 990, 571, 896, 
0, 144, 189, 444, 541, 905, 835, 
0, 530, 73, 234, 767, 895, 
0, 495, 929, 823, 703, 436, 
0, 810, 19, 973, 591, 108, 319, 
0, 402, 583, 626, 42, 192, 
0, 512, 531, 253, 448, 535, 553, 
0, 426, 844, 153, 208, 655, 
0, 915, 359, 756, 450, 347, 943, 
0, 590, 289, 922, 433, 33, 
0, 456, 587, 836, 405, 
0, 184, 981, 506, 48, 388, 
0, 455, 888, 789, 315, 
0, 150, 149, 883, 864, 110, 
0, 379, 351, 659, 963, 605, 
0, 17, 940, 554, 30, 654, 492, 
0, 910, 894, 292, 94, 386, 899, 
0, 840, 979, 12, 698, 175, 
0, 868, 880, 469, 259, 416, 
0, 15, 80, 719, 132, 
0, 867, 198, 215, 437, 763, 579, 
0, 376, 970, 443, 998, 712, 
0, 229, 414, 791, 834, 760, 
0, 642, 169, 406, 95, 890, 84, 
0, 467, 989, 572, 220, 479, 585, 
0, 490, 164, 290, 
0, 279, 181, 536, 523, 833, 
0, 139, 509, 174, 674, 511, 
