Solution: 193 237865.446000 295765.446000

0, 133, 716, 351, 848, 699, 
0, 452, 635, 32, 859, 871, 
0, 18, 81, 129, 260, 797, 567, 
0, 239, 664, 141, 184, 
0, 829, 501, 430, 796, 307, 
0, 469, 623, 594, 191, 27, 
0, 494, 592, 834, 344, 708, 756, 
0, 48, 867, 82, 52, 375, 
0, 155, 190, 372, 339, 316, 531, 
0, 278, 326, 980, 318, 904, 
0, 633, 147, 931, 880, 995, 221, 
0, 918, 117, 639, 541, 843, 815, 
0, 106, 454, 73, 590, 903, 139, 
0, 217, 420, 781, 54, 302, 
0, 799, 22, 222, 331, 901, 412, 
0, 698, 803, 651, 800, 394, 
0, 266, 371, 888, 816, 726, 
0, 471, 658, 959, 387, 179, 40, 
0, 271, 568, 230, 174, 118, 534, 
0, 151, 74, 527, 569, 23, 620, 
0, 712, 181, 320, 502, 249, 613, 
0, 39, 893, 609, 85, 858, 448, 
0, 211, 283, 685, 204, 985, 
0, 380, 551, 653, 9, 
0, 793, 607, 460, 477, 752, 508, 
0, 847, 996, 473, 93, 945, 385, 177, 
0, 284, 999, 102, 297, 
0, 647, 1, 684, 91, 
0, 956, 330, 897, 393, 439, 
0, 130, 374, 237, 737, 786, 128, 
0, 876, 817, 923, 61, 565, 51, 
0, 140, 746, 972, 991, 828, 
0, 976, 838, 885, 168, 224, 
0, 100, 776, 662, 17, 967, 
0, 554, 41, 244, 262, 180, 
0, 717, 97, 70, 455, 107, 42, 
0, 761, 358, 80, 984, 
0, 243, 407, 520, 301, 
0, 57, 517, 352, 11, 930, 304, 
0, 405, 863, 857, 695, 64, 
0, 655, 545, 792, 334, 
0, 291, 362, 313, 229, 728, 
0, 464, 323, 675, 209, 478, 926, 
0, 644, 616, 416, 384, 830, 914, 
0, 8, 319, 744, 310, 208, 
0, 884, 235, 866, 157, 
0, 631, 818, 576, 170, 379, 231, 
0, 111, 322, 578, 585, 219, 837, 
0, 410, 586, 711, 927, 45, 55, 
0, 381, 406, 409, 986, 457, 
0, 686, 263, 768, 335, 524, 
0, 579, 417, 844, 855, 773, 
0, 864, 246, 755, 810, 59, 778, 
0, 619, 160, 135, 265, 
0, 78, 922, 388, 197, 881, 
0, 476, 525, 732, 899, 126, 
0, 166, 121, 424, 154, 
0, 877, 349, 400, 780, 610, 
0, 602, 742, 668, 65, 
0, 267, 707, 691, 475, 654, 
0, 566, 960, 617, 766, 643, 596, 
0, 238, 280, 92, 303, 
0, 492, 183, 907, 360, 978, 
0, 213, 240, 202, 104, 389, 
0, 987, 940, 975, 185, 968, 
0, 401, 526, 608, 277, 10, 90, 
0, 688, 948, 382, 674, 
0, 215, 79, 14, 917, 725, 
0, 521, 943, 856, 397, 528, 588, 
0, 770, 312, 210, 500, 205, 
0, 251, 77, 256, 696, 642, 
0, 870, 572, 693, 509, 900, 
0, 19, 937, 559, 34, 649, 364, 481, 
0, 573, 402, 622, 309, 
0, 512, 663, 220, 878, 839, 13, 
0, 741, 189, 714, 96, 161, 641, 
0, 429, 340, 194, 113, 356, 
0, 489, 553, 795, 555, 
0, 748, 4, 961, 499, 
0, 273, 645, 942, 159, 
0, 376, 676, 89, 764, 
0, 970, 787, 849, 966, 383, 
0, 680, 366, 805, 626, 765, 
0, 611, 692, 503, 272, 236, 
0, 895, 317, 450, 436, 570, 650, 
0, 458, 624, 261, 264, 540, 
0, 589, 463, 386, 804, 269, 
0, 819, 195, 977, 242, 
0, 936, 689, 68, 627, 
0, 723, 373, 282, 396, 37, 95, 697, 
0, 905, 6, 329, 441, 459, 604, 
0, 928, 666, 718, 561, 709, 
0, 188, 468, 20, 550, 465, 
0, 557, 203, 962, 637, 738, 
0, 731, 772, 571, 1000, 498, 66, 
0, 328, 127, 640, 212, 581, 
0, 831, 15, 143, 94, 886, 
0, 646, 747, 911, 76, 
0, 656, 21, 274, 988, 105, 72, 
0, 814, 836, 994, 257, 
0, 757, 993, 198, 50, 175, 
0, 431, 916, 150, 36, 201, 
0, 958, 727, 603, 5, 783, 990, 
0, 952, 519, 678, 536, 480, 
0, 485, 332, 873, 259, 169, 860, 
0, 148, 822, 883, 702, 110, 719, 
0, 758, 879, 806, 882, 171, 
0, 504, 548, 734, 652, 700, 898, 
0, 615, 408, 826, 413, 
0, 245, 120, 909, 785, 636, 206, 
0, 399, 659, 338, 771, 411, 162, 
0, 514, 445, 894, 484, 824, 86, 
0, 721, 672, 252, 63, 192, 
0, 802, 543, 760, 226, 270, 
0, 488, 163, 601, 144, 
0, 924, 182, 605, 546, 
0, 957, 136, 974, 593, 108, 
0, 953, 433, 44, 327, 537, 
0, 119, 630, 56, 575, 921, 949, 
0, 101, 293, 841, 367, 890, 
0, 355, 982, 584, 390, 875, 
0, 26, 395, 946, 683, 
0, 474, 35, 779, 428, 532, 255, 
0, 145, 840, 427, 522, 216, 
0, 954, 823, 950, 440, 414, 562, 
0, 285, 336, 710, 705, 286, 
0, 418, 299, 123, 671, 513, 
0, 437, 730, 296, 482, 
0, 862, 533, 58, 938, 109, 156, 
0, 910, 361, 667, 30, 345, 941, 
0, 934, 300, 462, 853, 
0, 453, 350, 314, 98, 782, 
0, 112, 549, 142, 432, 632, 
0, 199, 740, 845, 852, 359, 563, 
0, 495, 812, 479, 131, 628, 
0, 449, 46, 75, 324, 60, 896, 
0, 486, 808, 789, 43, 325, 
0, 597, 872, 354, 784, 31, 116, 
0, 739, 298, 846, 587, 149, 891, 
0, 124, 353, 247, 214, 598, 347, 
0, 979, 164, 868, 315, 736, 
0, 88, 762, 472, 223, 423, 
0, 920, 925, 363, 442, 902, 
0, 998, 281, 
0, 7, 599, 677, 794, 753, 47, 
0, 308, 820, 973, 241, 552, 
0, 370, 706, 84, 152, 507, 
0, 392, 294, 425, 404, 491, 
0, 422, 369, 200, 71, 670, 
0, 729, 295, 493, 833, 825, 
0, 580, 510, 357, 165, 
0, 403, 964, 798, 365, 720, 
0, 343, 932, 743, 704, 790, 83, 
0, 735, 724, 669, 530, 511, 134, 
0, 577, 861, 595, 865, 788, 
0, 908, 703, 276, 146, 801, 775, 
0, 234, 279, 529, 153, 947, 
0, 451, 809, 981, 506, 176, 
0, 983, 687, 715, 673, 337, 225, 
0, 851, 444, 275, 621, 25, 
0, 346, 341, 811, 434, 138, 
0, 733, 600, 466, 258, 421, 
0, 944, 929, 38, 99, 951, 
0, 497, 292, 648, 560, 538, 
0, 564, 625, 992, 661, 713, 
0, 33, 288, 919, 774, 333, 228, 
0, 69, 28, 24, 767, 749, 
0, 835, 933, 415, 467, 
0, 582, 167, 777, 547, 
0, 470, 612, 158, 306, 854, 
0, 618, 614, 248, 447, 342, 558, 
0, 955, 769, 690, 12, 29, 
0, 997, 694, 67, 368, 
0, 193, 629, 435, 132, 
0, 53, 268, 681, 233, 842, 
0, 539, 906, 505, 232, 591, 
0, 638, 701, 963, 227, 
0, 443, 935, 378, 287, 196, 763, 254, 
0, 103, 759, 682, 456, 186, 556, 
0, 172, 253, 813, 874, 745, 583, 
0, 218, 751, 544, 483, 311, 
0, 114, 660, 915, 250, 426, 187, 
0, 515, 574, 137, 722, 62, 490, 
0, 850, 2, 518, 535, 348, 665, 
0, 989, 398, 16, 832, 912, 542, 
0, 115, 821, 523, 487, 892, 634, 
0, 207, 679, 3, 965, 173, 
0, 178, 606, 869, 49, 391, 
0, 446, 791, 438, 754, 321, 
0, 496, 122, 289, 913, 887, 
0, 87, 461, 827, 516, 969, 
0, 125, 807, 657, 750, 305, 939, 
0, 377, 971, 889, 290, 419, 
