Solution: 194 237223.588000 295423.588000

0, 253, 516, 531, 613, 535, 553, 
0, 611, 704, 249, 190, 
0, 243, 668, 364, 804, 
0, 840, 979, 872, 76, 316, 745, 
0, 286, 254, 714, 708, 287, 
0, 148, 724, 99, 75, 757, 265, 
0, 150, 149, 447, 271, 238, 578, 
0, 642, 322, 752, 555, 219, 
0, 126, 336, 679, 732, 618, 
0, 477, 862, 356, 699, 263, 
0, 395, 781, 545, 544, 588, 
0, 891, 146, 682, 762, 525, 138, 
0, 495, 929, 703, 136, 
0, 597, 222, 787, 420, 849, 
0, 631, 697, 945, 387, 604, 655, 
0, 144, 88, 650, 746, 317, 
0, 426, 823, 153, 34, 212, 
0, 910, 198, 215, 437, 763, 26, 
0, 865, 390, 994, 81, 5, 859, 
0, 113, 269, 369, 893, 826, 733, 
0, 921, 350, 573, 964, 636, 
0, 456, 363, 89, 337, 
0, 321, 685, 140, 268, 
0, 807, 20, 232, 334, 374, 404, 
0, 641, 919, 25, 571, 546, 
0, 23, 675, 819, 833, 
0, 950, 689, 761, 465, 946, 118, 
0, 199, 280, 992, 370, 342, 907, 
0, 451, 501, 425, 805, 32, 
0, 224, 244, 965, 288, 
0, 170, 210, 419, 362, 698, 
0, 454, 466, 427, 589, 874, 
0, 749, 19, 973, 591, 108, 319, 
0, 902, 616, 774, 818, 
0, 828, 124, 977, 790, 610, 
0, 381, 386, 
0, 710, 270, 476, 924, 951, 
0, 727, 777, 58, 83, 
0, 77, 734, 397, 620, 92, 
0, 380, 399, 267, 527, 
0, 955, 538, 410, 692, 895, 
0, 172, 601, 418, 114, 355, 
0, 925, 432, 361, 441, 567, 
0, 984, 786, 424, 431, 484, 
0, 493, 360, 543, 853, 755, 
0, 402, 583, 626, 917, 715, 192, 
0, 632, 520, 690, 67, 378, 
0, 931, 600, 681, 480, 49, 
0, 540, 293, 314, 627, 
0, 137, 722, 352, 856, 879, 660, 
0, 139, 85, 509, 171, 
0, 375, 623, 717, 44, 60, 
0, 647, 615, 918, 382, 839, 537, 
0, 649, 1, 756, 344, 903, 
0, 904, 438, 185, 405, 
0, 368, 709, 836, 82, 324, 
0, 331, 428, 129, 948, 90, 
0, 106, 800, 770, 488, 897, 417, 
0, 810, 191, 408, 801, 165, 
0, 115, 614, 580, 878, 311, 
0, 969, 278, 282, 109, 303, 
0, 343, 112, 160, 310, 735, 
0, 995, 730, 680, 672, 415, 194, 
0, 630, 128, 775, 22, 584, 152, 
0, 742, 778, 122, 2, 792, 991, 
0, 635, 651, 37, 251, 820, 881, 788, 
0, 116, 3, 433, 548, 499, 
0, 868, 999, 883, 864, 161, 
0, 873, 517, 300, 478, 
0, 561, 782, 566, 341, 841, 27, 
0, 15, 80, 719, 132, 
0, 867, 528, 474, 575, 599, 785, 
0, 176, 824, 687, 707, 799, 987, 
0, 504, 31, 985, 842, 526, 
0, 57, 201, 141, 728, 62, 628, 
0, 133, 372, 241, 333, 795, 
0, 744, 117, 887, 705, 110, 726, 
0, 816, 640, 327, 448, 669, 
0, 638, 880, 178, 262, 928, 
0, 227, 79, 700, 91, 
0, 103, 173, 683, 459, 753, 551, 
0, 936, 299, 383, 183, 59, 529, 
0, 754, 634, 69, 458, 107, 38, 
0, 209, 748, 723, 55, 711, 764, 
0, 471, 621, 592, 200, 24, 
0, 765, 750, 64, 885, 596, 
0, 47, 814, 662, 565, 533, 305, 
0, 119, 196, 234, 767, 470, 
0, 111, 325, 576, 582, 809, 235, 
0, 45, 721, 676, 780, 403, 166, 
0, 518, 944, 861, 678, 523, 585, 
0, 957, 866, 871, 593, 335, 797, 
0, 486, 694, 503, 274, 240, 
0, 304, 986, 848, 246, 
0, 617, 686, 980, 869, 845, 
0, 453, 298, 203, 619, 307, 
0, 998, 281, 
0, 494, 568, 852, 357, 773, 
0, 645, 739, 93, 302, 
0, 455, 888, 315, 100, 33, 96, 
0, 435, 332, 440, 462, 822, 602, 
0, 446, 975, 854, 207, 594, 646, 
0, 273, 564, 236, 272, 297, 
0, 376, 970, 894, 292, 413, 
0, 769, 264, 156, 226, 
0, 473, 663, 913, 831, 358, 978, 
0, 463, 318, 452, 134, 436, 
0, 716, 396, 276, 990, 105, 71, 
0, 229, 379, 791, 414, 54, 
0, 858, 693, 983, 581, 442, 
0, 239, 629, 817, 97, 
0, 125, 354, 522, 758, 175, 481, 
0, 569, 976, 587, 130, 863, 
0, 348, 759, 821, 892, 
0, 702, 811, 657, 808, 389, 9, 320, 
0, 490, 164, 290, 
0, 230, 515, 78, 574, 308, 949, 
0, 195, 329, 35, 423, 550, 
0, 855, 996, 475, 94, 860, 
0, 956, 72, 796, 439, 407, 579, 
0, 197, 365, 812, 624, 557, 
0, 169, 204, 720, 772, 182, 
0, 247, 392, 145, 346, 401, 131, 
0, 622, 445, 261, 
0, 738, 962, 930, 42, 168, 
0, 958, 843, 935, 202, 937, 
0, 242, 123, 457, 783, 
0, 87, 832, 857, 741, 906, 982, 
0, 884, 326, 373, 747, 639, 
0, 521, 608, 213, 961, 637, 
0, 218, 851, 256, 63, 388, 
0, 947, 877, 260, 677, 899, 
0, 740, 960, 353, 422, 312, 142, 
0, 552, 846, 889, 233, 
0, 184, 16, 506, 48, 966, 216, 
0, 652, 670, 725, 556, 713, 
0, 586, 916, 52, 340, 28, 43, 
0, 467, 393, 46, 536, 850, 825, 
0, 766, 882, 813, 886, 98, 701, 
0, 512, 789, 760, 482, 
0, 255, 743, 257, 644, 228, 
0, 309, 830, 972, 245, 896, 
0, 736, 296, 607, 806, 102, 
0, 829, 338, 277, 101, 952, 
0, 53, 285, 779, 633, 
0, 151, 4, 252, 225, 500, 143, 
0, 472, 12, 606, 179, 349, 
0, 385, 932, 844, 208, 908, 
0, 279, 181, 406, 95, 890, 84, 
0, 914, 737, 1000, 688, 497, 65, 
0, 154, 74, 612, 162, 306, 941, 
0, 489, 167, 967, 147, 
0, 29, 289, 922, 784, 539, 909, 
0, 558, 295, 993, 665, 434, 
0, 560, 695, 827, 231, 135, 559, 
0, 443, 664, 411, 237, 875, 339, 
0, 11, 911, 10, 920, 731, 
0, 549, 367, 211, 70, 673, 
0, 542, 189, 603, 541, 905, 835, 
0, 900, 981, 483, 429, 643, 
0, 953, 847, 421, 39, 291, 
0, 68, 870, 174, 674, 511, 
0, 250, 121, 712, 206, 771, 
0, 398, 508, 718, 988, 460, 
0, 530, 73, 8, 157, 
0, 461, 351, 659, 301, 
0, 248, 400, 444, 658, 507, 
0, 86, 464, 837, 127, 223, 
0, 487, 815, 798, 180, 532, 
0, 729, 371, 283, 391, 163, 7, 
0, 661, 187, 691, 323, 502, 
0, 974, 313, 221, 50, 328, 
0, 923, 570, 524, 155, 491, 
0, 345, 666, 934, 214, 14, 768, 
0, 510, 667, 926, 61, 706, 51, 
0, 898, 598, 469, 259, 416, 
0, 17, 940, 554, 30, 654, 492, 
0, 496, 266, 159, 
0, 968, 959, 384, 186, 36, 
0, 939, 776, 468, 514, 519, 
0, 609, 938, 377, 104, 
0, 577, 412, 547, 963, 802, 177, 
0, 751, 284, 653, 294, 193, 
0, 449, 158, 513, 6, 933, 41, 
0, 901, 485, 18, 834, 605, 
0, 275, 590, 498, 803, 625, 
0, 915, 359, 671, 450, 347, 943, 
0, 997, 56, 66, 366, 258, 
0, 954, 430, 40, 330, 21, 
0, 989, 942, 572, 220, 479, 
0, 534, 912, 648, 505, 684, 
0, 562, 394, 13, 205, 793, 656, 
0, 595, 876, 794, 409, 217, 563, 
0, 927, 120, 971, 696, 838, 188, 
