Solution: 194 238119.602000 296319.602000

0, 871, 900, 286, 468, 260, 960, 
0, 614, 696, 500, 861, 
0, 97, 166, 375, 896, 542, 
0, 743, 287, 805, 273, 
0, 536, 768, 231, 274, 
0, 948, 437, 170, 129, 
0, 904, 320, 457, 127, 631, 
0, 647, 657, 3, 967, 607, 
0, 456, 354, 277, 988, 587, 148, 
0, 532, 912, 738, 300, 793, 
0, 633, 22, 134, 595, 99, 65, 
0, 79, 520, 857, 968, 905, 981, 
0, 769, 363, 622, 954, 
0, 150, 749, 678, 81, 328, 
0, 508, 883, 398, 930, 10, 
0, 976, 271, 62, 476, 606, 392, 
0, 521, 326, 751, 555, 
0, 501, 543, 742, 809, 807, 728, 
0, 198, 135, 819, 566, 706, 
0, 341, 718, 284, 
0, 132, 117, 4, 794, 990, 
0, 193, 370, 53, 572, 927, 952, 
0, 957, 399, 43, 534, 522, 553, 
0, 401, 780, 547, 7, 685, 
0, 516, 947, 864, 677, 214, 932, 
0, 107, 767, 169, 684, 752, 583, 
0, 650, 145, 937, 342, 995, 
0, 100, 460, 66, 590, 123, 910, 
0, 325, 690, 723, 675, 919, 535, 
0, 223, 625, 789, 762, 317, 
0, 44, 207, 298, 369, 700, 
0, 705, 813, 655, 12, 396, 424, 
0, 20, 942, 554, 30, 652, 825, 481, 
0, 740, 39, 163, 943, 142, 387, 
0, 110, 668, 556, 204, 887, 222, 
0, 238, 510, 523, 58, 293, 
0, 486, 578, 799, 36, 667, 
0, 403, 179, 2, 453, 351, 945, 
0, 337, 76, 196, 27, 519, 
0, 119, 816, 608, 177, 180, 
0, 884, 267, 156, 
0, 484, 261, 676, 
0, 69, 928, 390, 965, 641, 59, 
0, 635, 449, 278, 849, 32, 321, 
0, 582, 435, 881, 334, 213, 
0, 360, 993, 71, 984, 
0, 972, 367, 210, 89, 175, 
0, 295, 911, 316, 234, 734, 
0, 358, 249, 219, 498, 211, 
0, 570, 70, 13, 630, 
0, 407, 666, 139, 262, 868, 
0, 130, 571, 356, 90, 
0, 682, 966, 349, 409, 124, 
0, 276, 649, 806, 429, 497, 
0, 803, 31, 986, 338, 525, 257, 
0, 378, 475, 80, 795, 416, 640, 
0, 594, 926, 291, 438, 824, 
0, 246, 245, 485, 541, 707, 835, 
0, 779, 315, 215, 47, 332, 
0, 720, 801, 55, 442, 763, 
0, 674, 228, 488, 197, 
0, 459, 755, 29, 866, 593, 727, 
0, 174, 750, 688, 711, 800, 985, 
0, 589, 935, 918, 318, 158, 
0, 971, 939, 417, 469, 
0, 559, 848, 529, 479, 46, 
0, 989, 916, 796, 15, 808, 564, 
0, 731, 600, 377, 466, 232, 
0, 915, 987, 573, 974, 822, 645, 
0, 562, 357, 537, 118, 314, 136, 
0, 713, 836, 73, 161, 
0, 917, 92, 783, 873, 908, 845, 
0, 224, 739, 240, 9, 936, 37, 
0, 925, 113, 643, 462, 35, 629, 
0, 126, 297, 850, 372, 361, 
0, 346, 785, 461, 575, 483, 
0, 280, 397, 379, 745, 82, 
0, 765, 1, 83, 221, 646, 
0, 386, 275, 239, 112, 
0, 869, 465, 574, 511, 265, 
0, 77, 922, 153, 898, 756, 
0, 182, 944, 877, 45, 393, 
0, 621, 632, 610, 949, 859, 
0, 281, 333, 21, 252, 
0, 380, 626, 992, 664, 84, 
0, 5, 599, 216, 651, 313, 
0, 138, 187, 448, 842, 96, 
0, 491, 302, 854, 102, 673, 
0, 191, 470, 528, 353, 550, 
0, 961, 661, 962, 830, 199, 
0, 381, 243, 969, 546, 591, 
0, 823, 931, 440, 730, 489, 
0, 471, 624, 596, 754, 
0, 492, 592, 843, 933, 715, 764, 
0, 212, 419, 810, 964, 804, 
0, 242, 569, 724, 52, 841, 
0, 78, 831, 837, 120, 217, 
0, 68, 741, 726, 340, 137, 
0, 929, 115, 634, 164, 882, 658, 
0, 432, 844, 368, 445, 568, 
0, 454, 195, 282, 376, 344, 772, 
0, 735, 299, 609, 605, 656, 504, 
0, 941, 201, 467, 701, 209, 
0, 493, 923, 149, 205, 653, 
0, 620, 513, 250, 347, 478, 
0, 168, 603, 11, 154, 
0, 473, 63, 404, 443, 395, 
0, 840, 978, 14, 87, 91, 33, 
0, 183, 540, 924, 412, 28, 
0, 878, 586, 719, 38, 189, 
0, 552, 846, 892, 229, 8, 
0, 335, 975, 122, 855, 909, 
0, 729, 23, 863, 322, 411, 
0, 766, 815, 876, 67, 
0, 737, 515, 304, 477, 761, 
0, 955, 514, 680, 733, 517, 446, 
0, 872, 34, 433, 176, 114, 970, 
0, 644, 394, 141, 889, 173, 
0, 225, 186, 693, 327, 251, 
0, 420, 797, 874, 557, 638, 
0, 827, 692, 402, 791, 548, 
0, 254, 258, 702, 669, 439, 
0, 345, 106, 157, 108, 233, 
0, 495, 296, 253, 787, 427, 
0, 472, 615, 159, 308, 862, 
0, 6, 660, 307, 759, 703, 
0, 206, 747, 860, 698, 906, 
0, 18, 72, 722, 125, 
0, 681, 496, 820, 305, 
0, 551, 425, 208, 946, 616, 
0, 637, 50, 999, 95, 560, 527, 
0, 691, 951, 294, 421, 160, 185, 
0, 579, 538, 336, 444, 464, 604, 
0, 659, 422, 792, 51, 482, 
0, 577, 875, 619, 642, 26, 
0, 105, 192, 408, 41, 455, 
0, 147, 270, 671, 524, 507, 131, 
0, 581, 506, 362, 167, 
0, 838, 441, 292, 350, 
0, 241, 283, 85, 306, 
0, 400, 662, 418, 388, 839, 920, 
0, 310, 686, 343, 269, 
0, 639, 288, 778, 227, 
0, 886, 330, 255, 49, 811, 784, 
0, 748, 611, 382, 998, 717, 256, 
0, 956, 732, 679, 452, 851, 580, 
0, 617, 817, 627, 178, 530, 
0, 42, 914, 736, 1000, 879, 230, 
0, 828, 775, 977, 244, 
0, 856, 996, 474, 86, 171, 907, 
0, 143, 725, 687, 979, 323, 798, 
0, 997, 699, 982, 584, 447, 
0, 458, 902, 980, 502, 771, 220, 
0, 994, 545, 140, 683, 237, 40, 
0, 563, 236, 98, 391, 
0, 430, 618, 773, 309, 888, 
0, 94, 786, 128, 57, 710, 48, 
0, 973, 194, 612, 434, 74, 
0, 494, 121, 25, 774, 544, 
0, 983, 963, 512, 744, 319, 
0, 480, 111, 371, 423, 490, 
0, 311, 829, 184, 389, 364, 
0, 812, 526, 518, 487, 899, 867, 
0, 818, 279, 285, 103, 155, 
0, 365, 636, 757, 758, 266, 
0, 339, 116, 770, 203, 290, 901, 
0, 958, 833, 953, 172, 383, 235, 
0, 708, 777, 426, 694, 897, 
0, 366, 913, 623, 312, 
0, 853, 549, 133, 200, 782, 
0, 959, 329, 776, 144, 601, 576, 
0, 561, 303, 19, 847, 885, 788, 181, 
0, 54, 753, 991, 716, 628, 558, 
0, 934, 602, 670, 60, 
0, 384, 450, 903, 852, 834, 75, 
0, 352, 760, 413, 436, 950, 
0, 348, 665, 938, 272, 17, 190, 
0, 689, 202, 331, 101, 865, 56, 
0, 598, 880, 359, 16, 410, 162, 
0, 463, 891, 263, 533, 
0, 697, 826, 248, 226, 821, 324, 
0, 451, 870, 597, 585, 539, 
0, 940, 247, 264, 301, 
0, 109, 663, 921, 565, 531, 24, 
0, 188, 415, 802, 151, 503, 
0, 146, 832, 890, 709, 104, 
0, 790, 781, 567, 428, 895, 
0, 385, 406, 268, 721, 654, 
0, 695, 714, 373, 259, 
0, 894, 374, 712, 64, 672, 
0, 858, 499, 431, 509, 613, 
0, 405, 505, 814, 152, 61, 
0, 218, 648, 355, 93, 88, 704, 
0, 289, 746, 165, 414, 893, 588, 
