Solution: 197 241960.894000 301060.894000

0, 230, 267, 515, 933, 585, 
0, 652, 77, 227, 91, 
0, 380, 399, 401, 718, 317, 
0, 925, 385, 233, 747, 
0, 467, 329, 485, 482, 
0, 273, 427, 28, 864, 589, 726, 
0, 47, 210, 612, 162, 306, 
0, 761, 598, 898, 469, 259, 416, 
0, 209, 748, 55, 357, 557, 
0, 286, 254, 323, 287, 
0, 955, 989, 572, 220, 479, 
0, 645, 501, 425, 805, 511, 
0, 810, 298, 264, 977, 519, 
0, 126, 642, 406, 95, 890, 84, 
0, 78, 629, 436, 703, 134, 628, 
0, 888, 445, 819, 684, 
0, 99, 686, 980, 38, 909, 
0, 880, 236, 178, 262, 633, 
0, 140, 278, 282, 109, 60, 
0, 969, 18, 901, 834, 
0, 224, 244, 965, 386, 
0, 931, 670, 725, 556, 713, 
0, 504, 542, 985, 842, 102, 
0, 304, 167, 488, 897, 324, 
0, 426, 844, 34, 208, 655, 
0, 510, 667, 231, 135, 559, 51, 
0, 689, 950, 292, 381, 860, 
0, 749, 198, 735, 314, 627, 
0, 498, 359, 671, 347, 943, 
0, 172, 679, 533, 
0, 446, 866, 593, 334, 335, 
0, 345, 934, 751, 707, 799, 706, 
0, 855, 996, 475, 413, 
0, 463, 141, 817, 728, 491, 
0, 577, 724, 69, 458, 107, 177, 
0, 20, 232, 784, 869, 374, 
0, 279, 181, 678, 100, 96, 
0, 647, 615, 411, 382, 839, 537, 
0, 662, 252, 225, 758, 941, 
0, 867, 58, 800, 437, 763, 226, 
0, 999, 285, 779, 340, 
0, 348, 616, 774, 818, 308, 949, 
0, 68, 870, 674, 986, 
0, 402, 710, 983, 581, 476, 387, 
0, 609, 938, 377, 104, 
0, 829, 203, 848, 246, 
0, 218, 412, 675, 948, 5, 859, 
0, 512, 919, 573, 636, 417, 
0, 742, 538, 122, 202, 978, 
0, 927, 120, 971, 992, 155, 660, 
0, 15, 80, 719, 132, 
0, 309, 830, 186, 853, 543, 
0, 910, 640, 332, 440, 448, 
0, 250, 121, 712, 206, 
0, 113, 40, 430, 878, 330, 219, 
0, 398, 508, 364, 478, 835, 
0, 729, 702, 946, 383, 788, 183, 
0, 631, 697, 56, 945, 604, 879, 
0, 995, 597, 680, 447, 415, 768, 
0, 199, 280, 838, 696, 342, 773, 
0, 343, 734, 418, 692, 895, 
0, 239, 570, 524, 370, 166, 
0, 154, 74, 653, 565, 21, 618, 
0, 471, 621, 174, 200, 24, 
0, 953, 614, 421, 64, 
0, 911, 112, 160, 130, 731, 
0, 606, 313, 221, 50, 179, 
0, 744, 730, 672, 271, 238, 578, 
0, 564, 708, 714, 281, 
0, 375, 623, 89, 337, 143, 
0, 372, 31, 650, 988, 460, 526, 
0, 769, 973, 105, 790, 610, 
0, 331, 428, 213, 854, 594, 646, 
0, 45, 914, 721, 676, 497, 
0, 473, 191, 408, 801, 165, 328, 
0, 975, 776, 124, 32, 307, 
0, 651, 466, 70, 673, 
0, 454, 117, 666, 849, 43, 
0, 638, 704, 283, 371, 465, 
0, 685, 759, 566, 783, 303, 
0, 635, 53, 887, 762, 14, 9, 
0, 455, 739, 93, 302, 
0, 552, 846, 889, 637, 90, 
0, 115, 336, 173, 459, 753, 551, 
0, 740, 782, 821, 431, 484, 
0, 461, 266, 159, 407, 
0, 632, 939, 277, 619, 514, 
0, 293, 397, 937, 114, 434, 
0, 489, 468, 338, 699, 212, 
0, 936, 299, 59, 820, 881, 320, 
0, 229, 414, 791, 54, 301, 
0, 103, 814, 16, 974, 966, 216, 
0, 35, 968, 384, 620, 92, 
0, 754, 634, 756, 757, 797, 
0, 129, 464, 837, 127, 147, 
0, 891, 367, 391, 928, 7, 
0, 617, 435, 483, 429, 83, 863, 
0, 997, 722, 352, 856, 97, 
0, 843, 935, 410, 470, 
0, 321, 688, 737, 1000, 65, 33, 
0, 884, 350, 156, 108, 896, 
0, 17, 940, 554, 30, 654, 492, 
0, 57, 333, 241, 746, 312, 
0, 561, 201, 932, 361, 441, 567, 
0, 865, 128, 775, 22, 755, 
0, 549, 37, 249, 190, 
0, 151, 4, 294, 787, 420, 
0, 595, 794, 409, 217, 563, 
0, 255, 743, 257, 700, 644, 
0, 23, 520, 964, 223, 579, 
0, 275, 649, 94, 163, 
0, 148, 847, 798, 480, 49, 
0, 958, 904, 85, 438, 310, 
0, 243, 668, 145, 771, 
0, 376, 894, 970, 998, 288, 
0, 11, 215, 720, 772, 643, 
0, 116, 3, 433, 548, 499, 
0, 540, 976, 10, 920, 228, 
0, 394, 664, 13, 205, 27, 118, 
0, 169, 204, 327, 903, 344, 553, 
0, 487, 815, 180, 39, 669, 
0, 611, 811, 657, 808, 389, 
0, 354, 522, 596, 500, 182, 
0, 569, 79, 363, 44, 450, 
0, 590, 289, 922, 423, 539, 404, 
0, 211, 187, 691, 502, 272, 
0, 453, 816, 46, 393, 833, 
0, 840, 979, 916, 316, 161, 745, 
0, 828, 690, 67, 378, 546, 
0, 766, 882, 813, 886, 175, 481, 
0, 560, 695, 827, 251, 297, 529, 
0, 269, 369, 893, 826, 733, 
0, 957, 72, 796, 439, 906, 982, 
0, 247, 392, 962, 930, 42, 
0, 586, 170, 872, 76, 
0, 858, 164, 290, 961, 639, 
0, 449, 158, 513, 168, 924, 951, 
0, 562, 88, 341, 780, 403, 841, 
0, 451, 528, 474, 575, 599, 785, 
0, 477, 862, 356, 101, 908, 
0, 902, 318, 452, 62, 291, 
0, 954, 580, 681, 532, 
0, 248, 400, 444, 541, 905, 656, 
0, 125, 322, 752, 555, 
0, 661, 360, 913, 831, 991, 
0, 716, 861, 523, 536, 850, 825, 
0, 133, 876, 793, 918, 142, 
0, 738, 568, 852, 723, 711, 764, 
0, 184, 493, 419, 362, 194, 
0, 52, 146, 682, 525, 138, 
0, 495, 432, 153, 136, 
0, 778, 601, 2, 792, 
0, 195, 921, 531, 963, 605, 
0, 534, 912, 505, 237, 875, 339, 
0, 984, 242, 123, 574, 892, 
0, 87, 196, 767, 234, 355, 
0, 494, 583, 626, 917, 715, 192, 
0, 144, 296, 607, 603, 658, 507, 
0, 956, 139, 25, 972, 584, 152, 
0, 900, 981, 506, 48, 349, 
0, 150, 149, 883, 705, 110, 
0, 137, 929, 823, 693, 258, 
0, 353, 960, 422, 6, 527, 
0, 197, 365, 812, 624, 907, 
0, 873, 517, 300, 346, 188, 
0, 176, 824, 683, 193, 311, 
0, 750, 600, 732, 885, 305, 
0, 106, 456, 73, 8, 157, 
0, 923, 270, 66, 366, 442, 
0, 490, 547, 803, 625, 550, 
0, 521, 608, 994, 81, 845, 
0, 472, 12, 698, 98, 701, 
0, 915, 1, 253, 613, 265, 
0, 395, 781, 545, 544, 588, 
0, 786, 424, 457, 207, 41, 
0, 868, 926, 61, 874, 
0, 530, 587, 836, 405, 
0, 496, 326, 373, 268, 
0, 390, 396, 990, 245, 71, 
0, 111, 325, 576, 582, 809, 235, 
0, 379, 622, 789, 760, 315, 
0, 29, 663, 959, 358, 36, 
0, 222, 284, 687, 214, 987, 
0, 736, 189, 806, 804, 795, 131, 
0, 630, 19, 276, 571, 591, 319, 
0, 486, 694, 503, 274, 240, 
0, 368, 709, 185, 82, 26, 
0, 558, 295, 993, 665, 717, 
0, 765, 592, 509, 171, 
0, 86, 770, 857, 741, 967, 
0, 518, 944, 942, 822, 462, 602, 
0, 947, 877, 260, 677, 899, 
0, 777, 871, 75, 802, 
0, 119, 516, 261, 535, 
0, 727, 851, 256, 63, 388, 
0, 807, 832, 641, 263, 952, 
0, 443, 648, 351, 659, 
