Solution: 194 236057.066000 294257.066000

0, 737, 569, 809, 807, 728, 
0, 122, 827, 574, 905, 557, 
0, 458, 818, 43, 399, 214, 
0, 975, 520, 857, 968, 954, 
0, 492, 592, 843, 349, 409, 
0, 270, 326, 751, 531, 24, 
0, 463, 355, 789, 317, 
0, 748, 302, 854, 544, 774, 756, 
0, 143, 297, 850, 992, 664, 
0, 218, 648, 738, 300, 685, 
0, 579, 538, 336, 444, 464, 604, 
0, 904, 320, 457, 440, 566, 653, 
0, 915, 39, 367, 316, 101, 35, 
0, 951, 691, 466, 232, 
0, 100, 460, 66, 590, 123, 910, 
0, 713, 836, 924, 412, 
0, 480, 732, 805, 524, 507, 131, 
0, 494, 886, 292, 895, 
0, 973, 194, 210, 434, 74, 
0, 191, 333, 979, 323, 293, 
0, 94, 786, 128, 710, 57, 181, 
0, 740, 202, 55, 442, 234, 734, 
0, 594, 291, 926, 429, 497, 
0, 97, 816, 249, 219, 498, 211, 
0, 621, 488, 379, 8, 859, 
0, 78, 465, 837, 120, 511, 
0, 617, 817, 627, 178, 530, 
0, 731, 377, 286, 398, 930, 10, 
0, 647, 113, 643, 453, 351, 553, 
0, 948, 363, 71, 984, 
0, 869, 397, 610, 949, 155, 411, 
0, 872, 883, 273, 176, 114, 
0, 403, 765, 726, 204, 340, 137, 
0, 911, 106, 157, 312, 84, 
0, 495, 296, 787, 555, 213, 
0, 959, 526, 867, 943, 601, 233, 
0, 484, 339, 261, 676, 907, 
0, 941, 775, 467, 701, 265, 
0, 432, 923, 149, 205, 909, 
0, 532, 780, 547, 85, 350, 
0, 966, 666, 139, 262, 868, 
0, 561, 697, 826, 248, 301, 527, 
0, 635, 354, 402, 153, 235, 548, 
0, 472, 615, 159, 308, 862, 
0, 803, 187, 448, 477, 761, 504, 
0, 972, 21, 252, 305, 
0, 42, 914, 736, 1000, 136, 
0, 168, 117, 768, 108, 361, 
0, 225, 422, 792, 51, 482, 
0, 749, 678, 60, 
0, 705, 813, 655, 12, 396, 847, 324, 
0, 929, 753, 698, 991, 628, 558, 
0, 473, 661, 962, 4, 794, 990, 
0, 107, 767, 169, 684, 752, 583, 
0, 682, 609, 605, 541, 707, 835, 
0, 310, 686, 723, 575, 269, 
0, 856, 996, 474, 421, 
0, 146, 832, 890, 95, 995, 
0, 976, 499, 431, 509, 321, 
0, 381, 243, 969, 546, 793, 
0, 346, 785, 461, 855, 129, 
0, 639, 288, 778, 227, 
0, 380, 626, 81, 771, 220, 
0, 147, 668, 670, 887, 556, 222, 
0, 496, 674, 820, 834, 
0, 989, 418, 236, 879, 591, 
0, 961, 345, 603, 11, 154, 
0, 708, 247, 264, 160, 
0, 182, 660, 608, 822, 645, 
0, 130, 571, 356, 164, 882, 
0, 420, 649, 964, 967, 804, 
0, 971, 939, 417, 469, 
0, 69, 928, 390, 170, 229, 
0, 471, 624, 596, 395, 
0, 689, 536, 231, 372, 274, 
0, 150, 545, 452, 423, 490, 
0, 335, 844, 993, 259, 
0, 238, 510, 523, 152, 37, 
0, 552, 846, 892, 745, 82, 
0, 838, 163, 487, 899, 142, 
0, 891, 947, 864, 677, 478, 932, 
0, 352, 760, 436, 413, 61, 
0, 493, 437, 368, 445, 568, 
0, 109, 663, 921, 253, 427, 190, 
0, 681, 870, 597, 873, 908, 845, 
0, 925, 528, 250, 347, 353, 824, 
0, 994, 140, 375, 683, 17, 727, 
0, 659, 192, 408, 41, 455, 
0, 6, 679, 671, 896, 542, 
0, 955, 514, 680, 733, 517, 446, 
0, 451, 853, 619, 49, 175, 
0, 77, 831, 518, 641, 26, 
0, 386, 275, 239, 112, 
0, 878, 586, 719, 933, 38, 
0, 516, 186, 693, 327, 251, 
0, 18, 72, 916, 796, 15, 808, 564, 
0, 776, 875, 576, 144, 103, 387, 
0, 714, 271, 62, 476, 392, 
0, 415, 540, 183, 802, 28, 
0, 358, 521, 565, 759, 703, 
0, 582, 435, 881, 334, 307, 
0, 132, 673, 595, 102, 898, 
0, 193, 370, 860, 505, 906, 
0, 44, 166, 207, 889, 173, 
0, 174, 750, 688, 711, 800, 985, 
0, 198, 135, 819, 730, 58, 489, 
0, 330, 632, 280, 965, 642, 
0, 858, 657, 3, 7, 
0, 311, 829, 184, 389, 364, 
0, 562, 781, 512, 567, 919, 535, 
0, 401, 912, 98, 
0, 325, 690, 675, 388, 839, 920, 
0, 119, 746, 298, 369, 700, 
0, 246, 407, 515, 485, 189, 
0, 501, 543, 656, 842, 96, 
0, 5, 599, 216, 651, 313, 177, 
0, 633, 22, 134, 25, 587, 148, 
0, 365, 636, 757, 758, 266, 
0, 559, 848, 529, 479, 46, 
0, 430, 618, 537, 483, 309, 
0, 378, 475, 80, 795, 416, 230, 
0, 456, 725, 92, 438, 550, 
0, 486, 578, 799, 36, 667, 
0, 394, 513, 263, 533, 
0, 54, 115, 814, 716, 90, 
0, 735, 299, 742, 338, 525, 257, 
0, 743, 111, 287, 851, 40, 
0, 400, 549, 133, 200, 782, 
0, 581, 506, 362, 167, 
0, 917, 687, 331, 462, 945, 
0, 940, 19, 226, 821, 885, 788, 
0, 405, 747, 724, 52, 715, 764, 
0, 385, 406, 268, 721, 124, 
0, 812, 366, 913, 830, 199, 
0, 779, 315, 215, 47, 332, 
0, 871, 600, 900, 86, 391, 901, 
0, 79, 797, 874, 156, 
0, 276, 2, 612, 89, 161, 
0, 110, 450, 903, 470, 852, 588, 
0, 341, 374, 64, 672, 260, 
0, 254, 741, 258, 702, 646, 
0, 902, 980, 502, 45, 393, 
0, 766, 815, 318, 29, 158, 
0, 508, 303, 468, 970, 960, 
0, 620, 279, 285, 763, 328, 
0, 295, 404, 623, 443, 
0, 563, 662, 343, 410, 841, 640, 
0, 294, 425, 208, 946, 33, 88, 
0, 63, 953, 172, 383, 981, 
0, 739, 963, 357, 9, 936, 162, 
0, 491, 944, 974, 877, 180, 
0, 570, 70, 13, 630, 56, 
0, 840, 978, 165, 414, 893, 75, 
0, 281, 179, 534, 522, 607, 
0, 598, 880, 359, 16, 424, 
0, 289, 712, 718, 284, 
0, 934, 602, 221, 669, 439, 
0, 894, 755, 918, 67, 
0, 650, 50, 999, 866, 593, 
0, 348, 665, 938, 272, 237, 580, 
0, 20, 942, 554, 30, 652, 825, 481, 
0, 998, 717, 256, 
0, 441, 577, 783, 863, 629, 
0, 212, 419, 810, 806, 197, 
0, 625, 267, 151, 503, 
0, 224, 790, 240, 428, 314, 950, 
0, 454, 195, 282, 376, 344, 772, 
0, 68, 777, 426, 694, 897, 
0, 957, 987, 573, 87, 616, 
0, 611, 382, 290, 203, 770, 
0, 997, 699, 982, 584, 447, 
0, 551, 589, 935, 876, 91, 704, 
0, 958, 833, 801, 217, 754, 638, 
0, 223, 384, 762, 93, 185, 
0, 644, 14, 141, 306, 
0, 956, 337, 76, 196, 27, 519, 
0, 23, 228, 255, 322, 798, 
0, 720, 121, 277, 988, 99, 65, 
0, 206, 634, 53, 572, 927, 952, 
0, 145, 937, 371, 709, 342, 
0, 823, 931, 706, 127, 631, 
0, 637, 459, 34, 433, 104, 560, 48, 
0, 138, 31, 986, 744, 319, 654, 
0, 188, 1, 83, 73, 865, 
0, 614, 696, 500, 861, 
0, 360, 373, 695, 606, 658, 
0, 242, 245, 304, 171, 
0, 241, 283, 118, 773, 888, 
0, 126, 116, 722, 125, 
0, 105, 329, 811, 585, 784, 539, 
0, 729, 922, 692, 791, 613, 
0, 983, 449, 278, 622, 59, 
0, 828, 201, 977, 244, 
0, 884, 769, 849, 32, 209, 
