Solution: 193 237915.566000 295815.566000

0, 552, 846, 889, 637, 212, 
0, 293, 282, 809, 539, 
0, 939, 468, 338, 699, 263, 
0, 148, 99, 866, 593, 335, 404, 
0, 969, 843, 418, 692, 895, 
0, 766, 882, 813, 886, 175, 481, 
0, 675, 819, 803, 550, 
0, 345, 666, 934, 214, 14, 726, 
0, 68, 870, 174, 674, 511, 
0, 642, 12, 493, 95, 96, 
0, 467, 313, 221, 50, 328, 
0, 463, 570, 817, 155, 491, 
0, 489, 167, 967, 599, 785, 
0, 151, 269, 653, 565, 21, 618, 
0, 858, 350, 124, 790, 610, 
0, 632, 298, 690, 67, 407, 
0, 473, 663, 959, 384, 186, 36, 
0, 765, 670, 885, 556, 143, 
0, 456, 836, 82, 405, 
0, 426, 844, 361, 233, 
0, 947, 877, 260, 677, 899, 
0, 609, 938, 377, 104, 
0, 630, 19, 245, 571, 584, 152, 
0, 395, 781, 351, 659, 850, 585, 
0, 562, 664, 88, 386, 
0, 743, 77, 257, 700, 228, 
0, 140, 770, 641, 514, 519, 
0, 786, 424, 457, 207, 65, 
0, 956, 72, 796, 439, 964, 952, 
0, 496, 266, 159, 
0, 368, 709, 185, 801, 26, 
0, 558, 295, 993, 665, 717, 
0, 86, 776, 203, 619, 307, 
0, 461, 688, 685, 574, 268, 
0, 635, 454, 427, 589, 874, 633, 
0, 472, 612, 162, 306, 941, 
0, 828, 573, 977, 32, 
0, 47, 554, 369, 893, 826, 733, 
0, 354, 522, 16, 182, 602, 
0, 902, 932, 356, 441, 567, 
0, 979, 210, 419, 654, 492, 
0, 704, 249, 262, 297, 
0, 955, 393, 46, 536, 523, 
0, 989, 974, 506, 48, 966, 216, 
0, 925, 929, 442, 604, 660, 
0, 510, 667, 231, 135, 559, 320, 
0, 727, 800, 58, 636, 417, 
0, 742, 778, 122, 2, 792, 991, 
0, 968, 935, 410, 470, 
0, 569, 976, 587, 130, 863, 
0, 738, 517, 300, 541, 905, 835, 
0, 900, 981, 483, 429, 324, 
0, 380, 399, 267, 718, 166, 
0, 304, 264, 156, 223, 
0, 176, 284, 824, 707, 799, 987, 
0, 209, 748, 723, 55, 711, 764, 
0, 275, 922, 498, 423, 499, 
0, 154, 74, 447, 271, 238, 578, 
0, 953, 614, 798, 39, 669, 
0, 273, 651, 236, 178, 272, 
0, 243, 668, 145, 804, 
0, 52, 940, 30, 415, 43, 
0, 984, 242, 290, 892, 291, 
0, 782, 353, 515, 422, 527, 
0, 106, 196, 363, 91, 
0, 78, 360, 913, 831, 358, 
0, 381, 281, 
0, 449, 158, 524, 6, 933, 41, 
0, 810, 528, 474, 488, 897, 109, 
0, 868, 999, 883, 864, 161, 
0, 640, 332, 440, 462, 822, 643, 
0, 540, 911, 10, 920, 735, 
0, 309, 830, 972, 853, 543, 
0, 865, 832, 994, 639, 845, 
0, 936, 299, 59, 820, 788, 183, 
0, 477, 862, 277, 101, 628, 
0, 891, 564, 708, 714, 502, 33, 
0, 914, 318, 452, 436, 134, 62, 
0, 172, 601, 8, 157, 
0, 199, 280, 838, 370, 342, 907, 
0, 125, 322, 752, 555, 311, 
0, 471, 621, 592, 200, 24, 
0, 224, 244, 965, 544, 388, 
0, 250, 394, 13, 205, 793, 27, 
0, 495, 153, 34, 208, 655, 
0, 248, 400, 962, 478, 
0, 20, 232, 784, 869, 374, 
0, 57, 120, 971, 992, 624, 557, 
0, 649, 435, 671, 458, 38, 60, 
0, 53, 285, 779, 110, 
0, 638, 521, 390, 608, 747, 90, 
0, 487, 847, 878, 753, 
0, 617, 919, 396, 378, 546, 
0, 133, 372, 241, 333, 795, 131, 
0, 402, 270, 983, 581, 476, 387, 
0, 873, 917, 715, 930, 346, 
0, 744, 117, 887, 705, 340, 
0, 164, 326, 948, 63, 802, 
0, 139, 25, 22, 775, 755, 
0, 255, 79, 397, 202, 978, 
0, 958, 904, 85, 509, 171, 
0, 761, 598, 898, 469, 259, 416, 
0, 534, 912, 648, 505, 684, 
0, 884, 464, 837, 127, 147, 
0, 376, 970, 443, 998, 712, 
0, 494, 568, 852, 696, 364, 
0, 530, 73, 314, 627, 
0, 950, 689, 465, 946, 383, 808, 
0, 769, 973, 591, 108, 319, 
0, 398, 508, 401, 988, 460, 773, 
0, 15, 80, 719, 132, 
0, 144, 189, 444, 658, 656, 
0, 611, 694, 503, 274, 240, 
0, 115, 336, 430, 40, 330, 532, 
0, 754, 359, 756, 450, 347, 943, 
0, 931, 815, 180, 44, 434, 
0, 716, 944, 861, 406, 890, 84, 
0, 343, 734, 620, 310, 92, 
0, 736, 296, 607, 806, 603, 507, 
0, 595, 876, 794, 409, 217, 563, 
0, 455, 739, 93, 302, 
0, 201, 629, 432, 136, 
0, 997, 722, 693, 823, 703, 
0, 923, 710, 66, 366, 258, 
0, 954, 580, 681, 480, 49, 
0, 29, 23, 256, 334, 783, 
0, 169, 204, 576, 582, 909, 
0, 560, 695, 827, 251, 51, 881, 529, 
0, 229, 414, 791, 54, 301, 
0, 184, 942, 572, 220, 479, 
0, 829, 848, 246, 986, 
0, 348, 616, 774, 818, 308, 949, 
0, 975, 385, 213, 961, 908, 
0, 915, 634, 69, 903, 344, 553, 
0, 840, 187, 691, 323, 98, 701, 
0, 880, 37, 146, 682, 849, 194, 
0, 230, 566, 821, 431, 484, 
0, 218, 590, 289, 433, 825, 
0, 445, 547, 490, 625, 
0, 247, 392, 583, 626, 42, 192, 
0, 597, 222, 787, 294, 305, 
0, 150, 149, 926, 706, 61, 9, 
0, 995, 730, 680, 672, 525, 768, 
0, 867, 662, 252, 225, 500, 349, 
0, 191, 408, 725, 337, 596, 
0, 17, 170, 916, 872, 362, 698, 
0, 645, 501, 425, 805, 71, 
0, 504, 542, 985, 842, 102, 
0, 87, 520, 857, 741, 906, 982, 
0, 518, 18, 901, 834, 760, 
0, 11, 112, 160, 438, 731, 
0, 113, 762, 751, 687, 420, 138, 
0, 103, 173, 683, 459, 193, 551, 
0, 35, 421, 679, 533, 219, 
0, 195, 329, 485, 315, 833, 
0, 740, 960, 341, 780, 403, 841, 
0, 375, 623, 89, 114, 937, 
0, 197, 365, 812, 357, 188, 
0, 116, 538, 767, 234, 355, 
0, 446, 851, 373, 5, 859, 
0, 286, 516, 261, 535, 
0, 561, 137, 856, 352, 168, 879, 
0, 586, 466, 76, 316, 28, 745, 
0, 577, 412, 807, 963, 605, 
0, 910, 894, 292, 94, 860, 
0, 927, 31, 650, 746, 317, 526, 
0, 721, 737, 1000, 676, 497, 339, 
0, 453, 816, 215, 720, 772, 226, 
0, 647, 615, 918, 382, 839, 537, 
0, 549, 367, 211, 70, 673, 
0, 631, 697, 56, 945, 924, 951, 
0, 111, 3, 75, 327, 107, 303, 
0, 279, 181, 678, 100, 
0, 661, 128, 276, 990, 105, 896, 
0, 855, 996, 475, 413, 389, 118, 
0, 729, 371, 283, 391, 163, 7, 
0, 512, 531, 253, 613, 548, 
0, 321, 411, 237, 875, 588, 
0, 486, 121, 771, 206, 288, 
0, 957, 325, 871, 81, 575, 235, 
0, 126, 814, 606, 758, 179, 
0, 921, 119, 1, 448, 757, 265, 
0, 331, 428, 129, 854, 594, 646, 
0, 4, 600, 732, 64, 
0, 239, 513, 141, 728, 97, 
0, 777, 278, 579, 83, 
0, 657, 811, 702, 190, 928, 
0, 749, 198, 763, 437, 165, 
0, 45, 759, 123, 312, 142, 
0, 379, 789, 545, 482, 
0, 451, 724, 686, 980, 797, 177, 
0, 652, 750, 227, 644, 713, 
0, 622, 888, 254, 287, 
