Solution: 194 237421.282000 295621.282000

0, 829, 525, 849, 732, 899, 
0, 343, 662, 932, 204, 17, 719, 
0, 948, 688, 373, 462, 945, 385, 177, 
0, 564, 840, 992, 661, 713, 
0, 835, 933, 5, 783, 
0, 864, 876, 466, 258, 421, 
0, 33, 658, 959, 360, 990, 
0, 211, 283, 685, 233, 134, 
0, 471, 69, 439, 393, 229, 728, 
0, 470, 612, 158, 306, 854, 
0, 952, 953, 915, 44, 816, 726, 
0, 19, 937, 559, 34, 649, 364, 481, 
0, 328, 317, 450, 131, 628, 
0, 48, 751, 434, 947, 881, 
0, 130, 909, 785, 260, 797, 567, 
0, 615, 582, 668, 561, 216, 
0, 284, 999, 102, 297, 
0, 376, 625, 226, 760, 467, 
0, 851, 501, 430, 796, 72, 
0, 761, 263, 977, 307, 
0, 103, 759, 682, 456, 186, 556, 
0, 698, 803, 651, 800, 394, 
0, 418, 645, 965, 98, 697, 
0, 133, 716, 351, 848, 875, 654, 
0, 239, 664, 141, 763, 
0, 597, 872, 354, 784, 31, 116, 
0, 723, 300, 663, 755, 810, 778, 
0, 346, 122, 277, 52, 412, 
0, 243, 407, 520, 301, 
0, 934, 246, 817, 51, 878, 59, 
0, 731, 374, 237, 737, 532, 255, 
0, 633, 100, 776, 220, 565, 
0, 504, 548, 734, 652, 700, 898, 
0, 117, 518, 261, 540, 
0, 954, 823, 950, 170, 414, 562, 
0, 497, 167, 480, 745, 583, 
0, 57, 279, 828, 509, 693, 900, 
0, 989, 398, 16, 832, 912, 542, 
0, 172, 253, 813, 842, 83, 
0, 856, 943, 528, 541, 843, 815, 
0, 422, 802, 200, 963, 159, 
0, 147, 53, 931, 880, 110, 
0, 8, 678, 427, 536, 537, 
0, 526, 395, 608, 946, 90, 
0, 188, 326, 484, 314, 
0, 193, 574, 529, 62, 588, 
0, 958, 727, 402, 622, 309, 
0, 485, 332, 873, 259, 674, 
0, 148, 822, 883, 702, 995, 
0, 768, 195, 621, 242, 
0, 579, 288, 919, 855, 773, 
0, 145, 293, 841, 367, 356, 
0, 114, 660, 433, 874, 327, 208, 
0, 403, 964, 798, 365, 720, 
0, 717, 97, 980, 865, 375, 
0, 271, 646, 174, 118, 967, 534, 
0, 22, 222, 774, 333, 788, 
0, 793, 182, 607, 546, 
0, 178, 975, 143, 882, 171, 
0, 870, 740, 55, 708, 756, 
0, 230, 568, 386, 432, 269, 
0, 431, 836, 38, 570, 436, 
0, 970, 791, 58, 438, 754, 
0, 577, 861, 578, 585, 228, 
0, 125, 807, 527, 569, 23, 620, 
0, 155, 190, 372, 339, 316, 531, 
0, 739, 294, 425, 404, 221, 
0, 618, 614, 248, 447, 448, 60, 
0, 217, 420, 781, 942, 180, 
0, 747, 142, 681, 530, 511, 
0, 199, 366, 805, 626, 765, 
0, 733, 655, 590, 826, 413, 725, 
0, 151, 74, 648, 560, 538, 305, 
0, 884, 235, 866, 157, 
0, 449, 46, 706, 792, 161, 139, 
0, 18, 81, 129, 550, 591, 
0, 207, 417, 799, 961, 499, 173, 
0, 355, 982, 584, 390, 650, 
0, 494, 592, 927, 477, 752, 
0, 285, 336, 710, 705, 286, 
0, 920, 707, 67, 368, 257, 
0, 957, 322, 867, 82, 318, 904, 
0, 474, 35, 493, 833, 825, 
0, 381, 406, 409, 986, 457, 
0, 862, 600, 282, 396, 227, 
0, 77, 215, 270, 154, 
0, 819, 863, 857, 695, 64, 
0, 273, 329, 609, 321, 858, 
0, 936, 358, 80, 99, 
0, 446, 672, 595, 331, 901, 837, 
0, 451, 809, 981, 506, 176, 
0, 405, 877, 88, 25, 156, 
0, 399, 906, 730, 296, 337, 225, 
0, 234, 515, 137, 722, 132, 
0, 580, 510, 357, 165, 
0, 814, 925, 812, 596, 643, 
0, 469, 623, 594, 191, 27, 
0, 770, 312, 210, 500, 641, 
0, 656, 769, 121, 113, 423, 
0, 453, 437, 289, 913, 
0, 278, 2, 667, 30, 342, 896, 
0, 630, 694, 56, 575, 921, 949, 
0, 476, 203, 962, 637, 738, 
0, 26, 821, 523, 212, 581, 
0, 127, 461, 827, 126, 144, 383, 
0, 928, 319, 744, 310, 175, 
0, 164, 371, 888, 547, 47, 
0, 486, 808, 789, 43, 665, 
0, 910, 361, 70, 455, 107, 42, 
0, 735, 724, 794, 753, 491, 
0, 712, 987, 397, 209, 478, 
0, 924, 119, 845, 852, 359, 563, 
0, 308, 820, 973, 241, 105, 
0, 983, 715, 673, 687, 498, 138, 
0, 251, 666, 718, 334, 709, 
0, 908, 298, 846, 24, 587, 149, 
0, 140, 746, 972, 991, 153, 490, 
0, 589, 463, 320, 502, 37, 95, 
0, 496, 818, 123, 780, 610, 
0, 918, 349, 274, 988, 552, 
0, 380, 624, 54, 482, 303, 
0, 955, 639, 441, 49, 391, 
0, 644, 659, 338, 771, 411, 162, 
0, 111, 6, 75, 324, 459, 604, 
0, 680, 572, 834, 344, 508, 
0, 729, 295, 460, 605, 786, 128, 
0, 124, 353, 247, 214, 598, 347, 
0, 36, 136, 593, 108, 671, 
0, 7, 599, 677, 669, 268, 187, 
0, 647, 1, 684, 91, 
0, 452, 635, 32, 859, 871, 
0, 971, 889, 290, 93, 169, 860, 
0, 893, 762, 487, 892, 969, 
0, 429, 340, 917, 903, 
0, 566, 617, 341, 544, 483, 
0, 573, 79, 256, 696, 642, 
0, 464, 940, 869, 185, 968, 205, 
0, 370, 545, 84, 152, 264, 
0, 956, 330, 897, 28, 767, 749, 
0, 521, 20, 323, 675, 824, 86, 
0, 382, 281, 
0, 638, 183, 907, 387, 179, 40, 
0, 686, 445, 894, 468, 886, 
0, 112, 549, 743, 704, 790, 985, 
0, 39, 21, 974, 513, 891, 
0, 539, 505, 350, 465, 782, 
0, 779, 772, 811, 1000, 887, 
0, 922, 435, 150, 224, 
0, 619, 160, 135, 265, 
0, 245, 120, 196, 287, 254, 
0, 757, 993, 198, 50, 325, 
0, 741, 189, 714, 96, 345, 941, 
0, 291, 362, 313, 85, 
0, 266, 250, 292, 777, 426, 
0, 495, 916, 994, 984, 
0, 905, 703, 276, 223, 801, 775, 
0, 392, 101, 14, 627, 507, 
0, 443, 935, 378, 104, 
0, 831, 979, 15, 94, 613, 
0, 631, 299, 400, 68, 379, 231, 
0, 850, 533, 472, 938, 109, 558, 
0, 701, 41, 244, 262, 
0, 554, 369, 71, 670, 249, 
0, 489, 553, 795, 555, 
0, 87, 689, 576, 516, 524, 
0, 181, 868, 911, 76, 315, 736, 
0, 514, 679, 3, 302, 
0, 238, 280, 92, 914, 830, 384, 
0, 758, 879, 806, 804, 632, 
0, 944, 929, 363, 442, 201, 
0, 640, 787, 440, 966, 634, 
0, 742, 602, 522, 65, 
0, 557, 838, 885, 168, 10, 
0, 519, 676, 89, 764, 
0, 377, 240, 202, 998, 389, 
0, 166, 603, 424, 194, 978, 
0, 410, 586, 711, 45, 184, 
0, 721, 844, 252, 63, 192, 
0, 997, 267, 475, 691, 902, 
0, 115, 543, 415, 690, 890, 
0, 895, 629, 479, 699, 
0, 492, 657, 606, 750, 939, 
0, 976, 388, 197, 766, 66, 
0, 611, 692, 503, 272, 236, 
0, 78, 960, 352, 11, 930, 304, 
0, 218, 571, 517, 428, 311, 
0, 488, 163, 601, 146, 219, 
0, 512, 923, 61, 839, 13, 
0, 213, 616, 416, 232, 206, 636, 
0, 106, 454, 73, 408, 12, 29, 
0, 748, 4, 535, 348, 926, 
0, 847, 996, 473, 419, 853, 
0, 401, 444, 275, 335, 951, 
0, 458, 551, 653, 9, 683, 
