Solution: 196 238050.190000 296850.190000

0, 950, 371, 283, 391, 163, 
0, 969, 686, 593, 869, 845, 
0, 742, 778, 122, 2, 792, 991, 
0, 947, 877, 260, 677, 
0, 595, 876, 794, 409, 217, 563, 
0, 900, 770, 223, 147, 
0, 201, 629, 436, 62, 585, 
0, 29, 816, 1, 963, 802, 177, 
0, 910, 435, 332, 440, 462, 602, 
0, 150, 149, 926, 61, 706, 118, 
0, 176, 824, 687, 707, 799, 987, 
0, 473, 663, 913, 831, 202, 978, 
0, 521, 390, 373, 783, 
0, 45, 800, 58, 636, 417, 
0, 304, 167, 952, 747, 90, 
0, 477, 213, 961, 637, 639, 
0, 279, 181, 406, 95, 96, 
0, 956, 72, 796, 439, 407, 579, 
0, 958, 904, 85, 509, 171, 
0, 348, 616, 774, 818, 484, 
0, 749, 198, 215, 437, 763, 
0, 597, 222, 294, 787, 138, 
0, 721, 737, 1000, 676, 497, 65, 
0, 368, 540, 920, 82, 405, 
0, 376, 443, 998, 712, 771, 
0, 453, 298, 124, 156, 378, 
0, 736, 296, 607, 603, 658, 507, 
0, 750, 679, 89, 337, 
0, 197, 365, 812, 624, 557, 
0, 463, 759, 431, 933, 41, 
0, 936, 667, 231, 820, 59, 320, 
0, 395, 781, 739, 93, 303, 
0, 974, 981, 483, 429, 83, 
0, 133, 648, 351, 544, 588, 
0, 68, 870, 174, 964, 519, 
0, 137, 929, 66, 366, 258, 
0, 855, 996, 475, 413, 
0, 652, 77, 91, 165, 
0, 606, 662, 506, 48, 388, 
0, 449, 158, 267, 333, 795, 
0, 561, 960, 78, 88, 793, 27, 
0, 218, 446, 803, 423, 550, 
0, 498, 232, 819, 684, 
0, 645, 501, 425, 511, 546, 
0, 766, 882, 813, 886, 175, 481, 
0, 955, 393, 46, 536, 523, 84, 
0, 884, 385, 432, 233, 908, 
0, 769, 264, 619, 307, 
0, 489, 468, 338, 699, 212, 
0, 380, 399, 718, 527, 166, 
0, 865, 608, 994, 81, 892, 
0, 111, 538, 410, 692, 895, 
0, 471, 621, 592, 200, 24, 
0, 590, 289, 922, 433, 669, 
0, 172, 601, 8, 157, 
0, 106, 456, 73, 363, 44, 731, 
0, 858, 396, 276, 990, 105, 71, 
0, 902, 318, 452, 134, 628, 
0, 777, 871, 576, 582, 404, 
0, 510, 880, 178, 135, 559, 
0, 125, 354, 252, 225, 596, 349, 
0, 898, 598, 469, 259, 7, 
0, 975, 846, 889, 862, 235, 
0, 530, 587, 836, 130, 
0, 116, 196, 767, 234, 355, 
0, 740, 515, 353, 6, 701, 
0, 915, 634, 69, 458, 107, 797, 
0, 224, 244, 965, 386, 
0, 702, 811, 657, 808, 389, 
0, 211, 286, 301, 673, 
0, 87, 23, 256, 334, 374, 539, 
0, 786, 424, 457, 207, 
0, 331, 428, 129, 854, 594, 646, 
0, 921, 919, 690, 67, 
0, 727, 350, 790, 805, 610, 
0, 461, 545, 789, 760, 
0, 273, 651, 427, 589, 874, 
0, 140, 278, 282, 109, 60, 
0, 248, 400, 517, 930, 42, 764, 
0, 239, 513, 141, 728, 136, 
0, 931, 623, 717, 39, 328, 
0, 586, 872, 916, 76, 
0, 564, 708, 714, 287, 633, 
0, 518, 989, 572, 220, 479, 
0, 942, 640, 327, 324, 863, 
0, 754, 359, 756, 450, 347, 943, 
0, 923, 722, 352, 856, 97, 
0, 873, 748, 711, 723, 346, 
0, 57, 199, 280, 370, 342, 907, 
0, 164, 160, 959, 620, 92, 
0, 524, 570, 817, 155, 491, 
0, 230, 566, 241, 746, 317, 526, 
0, 144, 31, 650, 988, 460, 773, 
0, 37, 285, 779, 161, 
0, 642, 210, 419, 362, 698, 
0, 255, 743, 257, 700, 644, 
0, 17, 209, 55, 168, 879, 
0, 751, 284, 238, 762, 745, 
0, 148, 724, 99, 980, 38, 625, 
0, 247, 392, 145, 508, 401, 131, 
0, 939, 277, 986, 101, 
0, 402, 631, 56, 945, 924, 951, 
0, 375, 815, 798, 180, 532, 
0, 151, 3, 75, 671, 344, 291, 
0, 704, 249, 262, 297, 
0, 609, 938, 377, 104, 
0, 191, 408, 725, 228, 556, 
0, 345, 666, 934, 214, 849, 578, 
0, 840, 979, 12, 302, 
0, 467, 944, 861, 678, 850, 825, 
0, 547, 851, 63, 948, 5, 859, 
0, 4, 600, 227, 64, 
0, 954, 580, 681, 480, 49, 
0, 269, 555, 653, 311, 219, 
0, 250, 121, 206, 288, 899, 
0, 360, 25, 22, 775, 755, 
0, 504, 542, 985, 842, 905, 835, 
0, 611, 689, 761, 465, 946, 416, 
0, 381, 281, 
0, 891, 236, 190, 928, 
0, 630, 19, 571, 972, 584, 152, 
0, 496, 266, 159, 
0, 925, 356, 153, 441, 567, 
0, 126, 814, 522, 758, 179, 
0, 184, 16, 493, 966, 822, 643, 
0, 647, 615, 411, 382, 839, 142, 
0, 326, 490, 290, 
0, 15, 80, 719, 132, 
0, 321, 685, 688, 268, 
0, 552, 932, 361, 703, 
0, 995, 730, 680, 447, 525, 768, 
0, 195, 329, 485, 254, 
0, 716, 187, 691, 323, 98, 33, 
0, 275, 649, 659, 482, 
0, 472, 612, 162, 306, 941, 
0, 372, 782, 821, 422, 312, 
0, 632, 520, 573, 741, 906, 982, 
0, 957, 325, 866, 809, 757, 903, 
0, 426, 844, 34, 208, 263, 
0, 455, 888, 315, 100, 
0, 11, 709, 185, 801, 143, 
0, 976, 112, 10, 627, 226, 
0, 454, 466, 52, 316, 28, 43, 
0, 293, 911, 314, 735, 26, 
0, 997, 697, 983, 581, 442, 
0, 558, 295, 993, 665, 434, 
0, 765, 313, 221, 500, 216, 
0, 495, 823, 693, 387, 655, 
0, 243, 668, 364, 804, 
0, 103, 173, 683, 459, 193, 551, 
0, 170, 940, 30, 654, 492, 
0, 379, 901, 18, 890, 833, 
0, 661, 828, 776, 977, 32, 
0, 710, 270, 476, 604, 660, 
0, 343, 734, 438, 310, 
0, 927, 120, 971, 992, 838, 188, 
0, 953, 614, 421, 732, 533, 
0, 86, 464, 837, 127, 514, 
0, 309, 830, 543, 853, 896, 
0, 810, 528, 474, 575, 599, 785, 
0, 560, 695, 827, 251, 51, 881, 529, 
0, 549, 367, 70, 502, 272, 
0, 569, 79, 397, 114, 937, 
0, 322, 670, 752, 21, 618, 
0, 487, 847, 878, 753, 
0, 119, 516, 261, 265, 
0, 843, 935, 418, 470, 
0, 35, 20, 675, 784, 335, 909, 
0, 577, 412, 807, 834, 605, 
0, 534, 912, 505, 237, 875, 339, 
0, 617, 613, 253, 448, 535, 553, 
0, 635, 53, 271, 682, 14, 726, 
0, 47, 554, 369, 893, 826, 733, 
0, 444, 189, 806, 541, 102, 
0, 562, 394, 13, 205, 918, 537, 
0, 494, 583, 626, 917, 715, 192, 
0, 154, 74, 565, 50, 885, 713, 
0, 970, 894, 292, 94, 860, 
0, 139, 857, 674, 591, 319, 
0, 398, 962, 300, 478, 656, 
0, 486, 694, 503, 274, 240, 
0, 984, 242, 123, 574, 308, 949, 
0, 868, 999, 883, 864, 110, 
0, 115, 336, 430, 40, 330, 305, 
0, 451, 832, 641, 488, 897, 967, 
0, 638, 128, 973, 245, 108, 
0, 867, 968, 384, 186, 36, 358, 
0, 729, 299, 183, 788, 383, 9, 
0, 829, 203, 848, 246, 
0, 738, 568, 852, 357, 696, 
0, 744, 117, 887, 705, 340, 
0, 512, 445, 531, 548, 499, 
0, 169, 204, 720, 772, 182, 
0, 229, 622, 791, 414, 54, 
0, 914, 664, 341, 780, 403, 841, 
0, 113, 146, 415, 672, 420, 194, 
