Solution: 194 236834.416000 295034.416000

0, 399, 350, 54, 670, 249, 613, 
0, 997, 716, 351, 848, 875, 654, 
0, 78, 544, 751, 1000, 411, 162, 
0, 521, 987, 397, 541, 348, 926, 
0, 519, 678, 536, 480, 583, 
0, 489, 553, 795, 555, 
0, 251, 77, 215, 696, 642, 
0, 266, 250, 292, 777, 186, 556, 
0, 793, 182, 607, 605, 532, 
0, 151, 74, 612, 158, 306, 939, 
0, 398, 659, 416, 384, 830, 542, 
0, 218, 779, 517, 11, 697, 
0, 844, 867, 801, 219, 228, 
0, 731, 571, 338, 771, 832, 31, 
0, 630, 694, 691, 368, 257, 
0, 343, 662, 932, 268, 233, 134, 
0, 451, 809, 981, 506, 176, 
0, 346, 122, 766, 197, 881, 
0, 140, 548, 652, 546, 
0, 124, 353, 247, 214, 598, 347, 
0, 100, 776, 32, 859, 871, 
0, 183, 907, 360, 194, 978, 
0, 884, 235, 866, 212, 
0, 69, 400, 170, 414, 562, 
0, 747, 911, 868, 315, 491, 
0, 970, 791, 58, 438, 754, 
0, 193, 137, 136, 780, 552, 
0, 876, 663, 923, 61, 565, 51, 
0, 381, 406, 409, 986, 457, 128, 
0, 117, 518, 261, 264, 
0, 729, 295, 460, 700, 898, 825, 
0, 278, 943, 856, 528, 886, 588, 
0, 952, 660, 915, 569, 23, 620, 
0, 723, 300, 59, 810, 839, 13, 
0, 618, 324, 667, 30, 342, 896, 
0, 758, 879, 806, 76, 116, 
0, 374, 960, 352, 428, 311, 138, 
0, 908, 298, 846, 24, 767, 749, 
0, 895, 629, 479, 131, 628, 
0, 48, 715, 673, 687, 498, 66, 
0, 19, 199, 56, 575, 921, 949, 
0, 452, 432, 386, 804, 269, 
0, 644, 616, 16, 914, 784, 636, 
0, 680, 964, 301, 477, 752, 
0, 470, 294, 425, 816, 736, 
0, 850, 189, 609, 85, 858, 60, 
0, 955, 349, 576, 516, 524, 
0, 564, 840, 992, 661, 713, 
0, 831, 979, 15, 94, 782, 
0, 741, 692, 503, 272, 236, 
0, 405, 88, 640, 109, 156, 
0, 631, 936, 768, 335, 695, 25, 
0, 922, 435, 363, 596, 643, 
0, 983, 772, 811, 483, 887, 
0, 566, 133, 515, 722, 62, 490, 
0, 238, 280, 92, 420, 
0, 145, 293, 841, 367, 356, 
0, 370, 545, 917, 84, 413, 
0, 918, 2, 248, 447, 540, 558, 
0, 239, 664, 141, 763, 
0, 748, 97, 980, 865, 375, 
0, 934, 817, 246, 262, 180, 
0, 512, 220, 755, 878, 778, 177, 
0, 761, 123, 68, 379, 231, 
0, 217, 624, 551, 296, 265, 
0, 403, 740, 852, 359, 765, 
0, 273, 645, 314, 302, 
0, 580, 510, 357, 165, 
0, 635, 999, 681, 404, 726, 
0, 769, 121, 5, 783, 990, 
0, 633, 147, 931, 880, 995, 221, 
0, 486, 427, 676, 538, 305, 
0, 579, 717, 70, 455, 42, 904, 
0, 401, 8, 371, 888, 547, 
0, 701, 422, 200, 963, 
0, 285, 336, 320, 286, 632, 
0, 453, 781, 942, 303, 
0, 770, 312, 500, 49, 391, 
0, 554, 369, 396, 159, 
0, 954, 823, 950, 152, 507, 
0, 948, 573, 590, 826, 903, 725, 
0, 135, 762, 523, 487, 892, 
0, 893, 706, 792, 764, 641, 
0, 957, 46, 276, 223, 107, 788, 
0, 862, 600, 282, 93, 853, 
0, 568, 705, 710, 281, 
0, 53, 284, 102, 297, 
0, 388, 929, 358, 442, 201, 
0, 656, 341, 617, 434, 930, 947, 
0, 464, 323, 20, 98, 95, 
0, 130, 504, 833, 260, 860, 
0, 443, 935, 378, 104, 
0, 245, 120, 196, 287, 254, 
0, 26, 821, 671, 513, 72, 
0, 819, 195, 621, 242, 
0, 757, 993, 210, 50, 175, 
0, 22, 703, 714, 96, 161, 
0, 599, 677, 669, 530, 511, 
0, 355, 982, 584, 390, 650, 
0, 944, 836, 38, 570, 436, 
0, 103, 759, 167, 456, 745, 537, 
0, 112, 549, 142, 682, 204, 985, 
0, 155, 190, 372, 339, 316, 531, 
0, 742, 602, 65, 668, 522, 
0, 527, 319, 744, 560, 
0, 18, 81, 129, 550, 591, 
0, 611, 688, 373, 466, 258, 421, 
0, 308, 820, 973, 241, 105, 
0, 377, 971, 889, 290, 382, 
0, 638, 639, 329, 441, 459, 604, 
0, 920, 574, 529, 153, 912, 
0, 87, 461, 827, 126, 64, 
0, 958, 727, 402, 622, 309, 
0, 431, 994, 80, 99, 951, 
0, 446, 672, 774, 333, 
0, 114, 615, 582, 874, 327, 208, 
0, 647, 1, 718, 334, 139, 
0, 178, 492, 606, 869, 205, 
0, 380, 940, 975, 185, 968, 325, 
0, 125, 807, 657, 750, 854, 
0, 733, 21, 974, 593, 108, 891, 
0, 494, 592, 927, 45, 184, 
0, 559, 937, 34, 649, 364, 481, 
0, 735, 724, 794, 753, 17, 719, 
0, 7, 928, 666, 198, 561, 709, 
0, 847, 996, 473, 419, 
0, 851, 787, 157, 440, 581, 
0, 469, 623, 594, 191, 27, 
0, 655, 101, 14, 627, 321, 
0, 376, 625, 89, 684, 216, 
0, 739, 28, 274, 988, 587, 149, 
0, 953, 433, 44, 426, 187, 
0, 458, 653, 3, 9, 683, 
0, 539, 906, 730, 505, 465, 
0, 557, 838, 885, 168, 10, 
0, 471, 658, 959, 387, 179, 40, 
0, 166, 603, 424, 690, 890, 
0, 172, 253, 813, 704, 790, 83, 
0, 476, 203, 962, 637, 738, 
0, 721, 222, 252, 63, 192, 
0, 474, 35, 237, 737, 786, 255, 
0, 106, 454, 73, 408, 113, 423, 
0, 956, 330, 897, 393, 439, 728, 
0, 111, 322, 578, 585, 775, 837, 
0, 449, 533, 472, 938, 146, 304, 
0, 418, 445, 894, 115, 824, 86, 
0, 799, 288, 919, 855, 318, 412, 
0, 526, 395, 946, 52, 90, 
0, 6, 79, 256, 91, 
0, 924, 493, 734, 798, 720, 508, 
0, 589, 463, 71, 502, 37, 
0, 679, 4, 961, 965, 173, 
0, 814, 925, 812, 699, 
0, 712, 392, 143, 882, 171, 
0, 619, 160, 289, 913, 773, 
0, 291, 362, 313, 229, 29, 
0, 496, 608, 277, 82, 
0, 188, 468, 535, 484, 843, 815, 
0, 119, 366, 805, 626, 563, 
0, 989, 872, 354, 206, 797, 567, 
0, 243, 407, 520, 169, 
0, 488, 163, 601, 144, 
0, 234, 279, 828, 509, 365, 
0, 698, 803, 651, 800, 394, 
0, 577, 861, 595, 331, 901, 
0, 877, 525, 849, 732, 969, 
0, 905, 444, 275, 36, 984, 
0, 514, 326, 39, 614, 499, 
0, 271, 646, 230, 174, 118, 967, 
0, 181, 164, 675, 209, 478, 
0, 707, 267, 67, 475, 902, 
0, 148, 822, 883, 702, 110, 
0, 429, 340, 12, 154, 
0, 686, 543, 760, 226, 270, 
0, 818, 689, 899, 966, 634, 
0, 829, 501, 430, 796, 610, 
0, 283, 743, 685, 842, 47, 
0, 207, 417, 437, 482, 
0, 864, 41, 244, 227, 
0, 328, 317, 450, 132, 
0, 213, 202, 240, 998, 389, 
0, 485, 332, 873, 259, 674, 
0, 910, 361, 75, 448, 345, 941, 
0, 802, 299, 263, 977, 307, 
0, 976, 127, 863, 857, 383, 
0, 495, 916, 150, 224, 
0, 57, 746, 972, 693, 991, 900, 
0, 597, 909, 785, 232, 337, 225, 
0, 410, 586, 834, 711, 344, 
0, 462, 945, 385, 534, 
0, 835, 933, 415, 467, 
0, 497, 211, 648, 310, 
0, 33, 808, 789, 43, 665, 
0, 870, 572, 845, 55, 708, 756, 
