Solution: 192 237122.382000 294722.382000

0, 855, 996, 475, 413, 
0, 151, 4, 369, 893, 826, 733, 
0, 562, 237, 648, 505, 684, 
0, 611, 704, 898, 469, 259, 416, 
0, 103, 222, 653, 555, 533, 305, 
0, 486, 694, 503, 274, 240, 
0, 586, 170, 872, 886, 175, 481, 
0, 451, 501, 425, 805, 986, 
0, 975, 464, 837, 127, 147, 
0, 778, 122, 2, 792, 991, 
0, 950, 689, 761, 465, 320, 383, 9, 
0, 248, 400, 517, 300, 715, 
0, 23, 675, 819, 833, 
0, 995, 730, 415, 672, 525, 138, 
0, 939, 776, 338, 699, 263, 
0, 47, 814, 606, 565, 21, 618, 
0, 455, 350, 977, 514, 519, 
0, 923, 570, 817, 728, 62, 491, 
0, 456, 363, 44, 228, 
0, 631, 56, 476, 387, 924, 951, 
0, 209, 748, 723, 55, 711, 764, 
0, 647, 615, 13, 205, 793, 27, 
0, 997, 722, 352, 856, 97, 
0, 743, 77, 257, 700, 644, 434, 
0, 868, 999, 883, 864, 110, 
0, 683, 173, 459, 878, 753, 
0, 858, 884, 326, 948, 5, 859, 
0, 638, 495, 823, 693, 703, 
0, 766, 882, 813, 98, 33, 
0, 137, 929, 983, 581, 442, 
0, 558, 295, 993, 665, 717, 
0, 635, 37, 249, 190, 163, 
0, 521, 608, 213, 961, 637, 
0, 255, 79, 397, 620, 92, 
0, 172, 601, 202, 114, 937, 
0, 375, 815, 798, 180, 532, 
0, 354, 522, 162, 306, 941, 
0, 958, 904, 85, 509, 171, 
0, 530, 73, 8, 157, 
0, 956, 139, 973, 591, 108, 319, 
0, 144, 189, 444, 541, 905, 835, 
0, 279, 181, 531, 613, 548, 
0, 17, 940, 554, 30, 654, 492, 
0, 577, 412, 807, 498, 797, 177, 
0, 873, 917, 930, 346, 526, 
0, 106, 800, 832, 964, 906, 982, 
0, 218, 446, 803, 423, 499, 303, 
0, 494, 568, 852, 357, 168, 
0, 199, 280, 838, 370, 342, 907, 
0, 230, 759, 515, 422, 291, 
0, 910, 894, 292, 381, 386, 
0, 902, 318, 452, 134, 628, 
0, 154, 187, 691, 714, 502, 
0, 119, 516, 261, 535, 
0, 947, 877, 260, 677, 899, 
0, 250, 121, 712, 206, 
0, 749, 609, 377, 288, 482, 
0, 931, 670, 64, 91, 
0, 414, 791, 94, 860, 
0, 569, 976, 10, 920, 735, 
0, 29, 116, 445, 963, 834, 
0, 473, 663, 913, 831, 358, 978, 
0, 957, 72, 796, 439, 223, 
0, 598, 880, 926, 706, 61, 183, 
0, 176, 284, 824, 707, 799, 987, 
0, 343, 734, 438, 579, 
0, 74, 758, 294, 787, 193, 551, 
0, 395, 781, 545, 54, 301, 
0, 239, 513, 524, 6, 166, 
0, 750, 600, 227, 130, 863, 
0, 68, 870, 174, 674, 511, 
0, 11, 709, 836, 82, 405, 
0, 35, 686, 671, 458, 107, 909, 
0, 612, 146, 682, 849, 194, 
0, 376, 970, 244, 965, 544, 588, 
0, 642, 210, 419, 362, 698, 
0, 595, 876, 794, 409, 217, 563, 
0, 394, 664, 411, 382, 839, 918, 
0, 552, 846, 889, 233, 908, 
0, 169, 204, 720, 26, 165, 
0, 891, 651, 178, 262, 297, 529, 
0, 273, 564, 236, 633, 272, 
0, 229, 379, 901, 18, 890, 585, 
0, 490, 851, 140, 550, 
0, 829, 264, 156, 775, 755, 
0, 125, 623, 679, 330, 219, 
0, 742, 843, 935, 418, 470, 
0, 888, 298, 124, 790, 71, 
0, 398, 508, 364, 478, 
0, 353, 960, 566, 312, 497, 142, 
0, 702, 811, 657, 808, 389, 
0, 487, 847, 89, 39, 885, 
0, 630, 19, 25, 22, 584, 152, 
0, 632, 520, 857, 67, 378, 546, 
0, 510, 667, 231, 135, 559, 51, 
0, 662, 252, 225, 48, 643, 
0, 195, 329, 485, 254, 388, 
0, 454, 466, 427, 589, 874, 
0, 150, 149, 52, 316, 28, 701, 
0, 549, 367, 211, 70, 673, 
0, 865, 390, 373, 81, 809, 785, 
0, 738, 962, 806, 804, 656, 
0, 453, 900, 981, 506, 772, 226, 
0, 191, 408, 587, 337, 713, 
0, 547, 20, 784, 869, 404, 
0, 471, 621, 592, 200, 24, 
0, 304, 167, 488, 897, 109, 
0, 380, 399, 401, 718, 317, 
0, 936, 299, 59, 820, 881, 788, 
0, 45, 721, 688, 676, 875, 339, 
0, 360, 276, 990, 571, 105, 
0, 467, 989, 974, 349, 966, 328, 
0, 968, 959, 384, 186, 36, 
0, 115, 336, 430, 40, 420, 768, 
0, 78, 925, 385, 207, 136, 
0, 3, 332, 440, 462, 822, 602, 
0, 426, 844, 34, 208, 655, 
0, 954, 580, 681, 480, 49, 
0, 985, 31, 650, 842, 102, 
0, 754, 866, 593, 334, 845, 
0, 496, 128, 848, 246, 307, 
0, 927, 120, 971, 992, 696, 188, 
0, 955, 393, 46, 536, 523, 84, 
0, 242, 164, 290, 783, 625, 
0, 197, 365, 812, 624, 557, 
0, 15, 80, 719, 132, 
0, 736, 296, 607, 603, 658, 507, 
0, 348, 123, 457, 574, 65, 
0, 716, 538, 410, 692, 895, 
0, 622, 266, 159, 407, 
0, 645, 862, 277, 32, 610, 
0, 661, 652, 725, 50, 182, 
0, 560, 695, 827, 251, 946, 118, 
0, 729, 371, 283, 391, 928, 7, 
0, 984, 769, 203, 619, 212, 
0, 269, 322, 752, 311, 179, 
0, 840, 979, 916, 76, 
0, 463, 629, 436, 155, 660, 
0, 133, 372, 241, 333, 795, 131, 
0, 740, 782, 821, 484, 892, 
0, 402, 697, 945, 366, 258, 
0, 504, 542, 88, 746, 527, 537, 
0, 590, 289, 922, 433, 669, 
0, 867, 198, 215, 437, 763, 417, 
0, 816, 942, 572, 220, 479, 
0, 224, 443, 938, 104, 
0, 489, 641, 468, 639, 
0, 275, 327, 75, 757, 265, 
0, 534, 912, 351, 659, 605, 
0, 998, 281, 
0, 786, 424, 818, 774, 308, 949, 
0, 617, 1, 253, 448, 347, 60, 
0, 911, 112, 160, 310, 731, 
0, 331, 428, 129, 854, 594, 646, 
0, 368, 540, 185, 801, 596, 
0, 828, 690, 396, 245, 896, 
0, 435, 640, 483, 429, 324, 
0, 597, 680, 447, 762, 745, 
0, 616, 932, 356, 101, 952, 
0, 449, 158, 267, 988, 460, 773, 
0, 309, 830, 972, 853, 543, 
0, 286, 126, 323, 708, 287, 
0, 111, 325, 576, 582, 575, 38, 
0, 744, 117, 887, 705, 340, 43, 
0, 472, 12, 406, 95, 96, 
0, 953, 614, 421, 732, 556, 
0, 57, 201, 141, 431, 933, 41, 
0, 518, 944, 861, 678, 850, 825, 
0, 148, 724, 99, 980, 374, 235, 
0, 810, 528, 58, 636, 83, 
0, 247, 392, 583, 626, 42, 192, 
0, 461, 739, 93, 302, 
0, 765, 313, 221, 500, 216, 
0, 727, 232, 256, 63, 802, 
0, 921, 196, 767, 234, 355, 
0, 777, 871, 994, 747, 90, 
0, 512, 789, 760, 315, 
0, 86, 770, 474, 599, 539, 
0, 477, 919, 573, 741, 967, 
0, 113, 271, 751, 687, 238, 578, 
0, 87, 293, 314, 627, 143, 
0, 915, 634, 69, 903, 344, 553, 
0, 184, 493, 16, 100, 
0, 969, 278, 282, 335, 
0, 649, 359, 756, 943, 450, 
0, 345, 666, 934, 214, 14, 726, 
0, 321, 685, 1000, 268, 
0, 53, 285, 779, 161, 
0, 243, 668, 145, 771, 
0, 710, 270, 66, 604, 879, 
0, 914, 737, 341, 780, 403, 841, 
0, 561, 432, 153, 361, 441, 567, 
