Solution: 193 236759.922000 294659.922000

0, 3, 332, 440, 462, 822, 602, 
0, 453, 128, 25, 22, 775, 755, 
0, 561, 137, 856, 352, 97, 
0, 471, 621, 67, 790, 610, 
0, 113, 269, 680, 447, 849, 768, 
0, 953, 847, 421, 480, 49, 
0, 184, 942, 974, 966, 226, 
0, 467, 989, 572, 220, 479, 
0, 490, 164, 290, 684, 
0, 273, 651, 427, 589, 874, 
0, 884, 832, 474, 599, 575, 
0, 68, 870, 439, 964, 967, 
0, 53, 285, 779, 110, 
0, 662, 522, 758, 565, 533, 
0, 865, 213, 961, 637, 639, 90, 
0, 695, 827, 251, 820, 881, 788, 
0, 648, 351, 659, 834, 605, 
0, 867, 898, 283, 391, 163, 7, 
0, 954, 580, 681, 39, 885, 
0, 518, 944, 861, 678, 523, 585, 
0, 742, 198, 483, 429, 324, 863, 
0, 398, 962, 364, 804, 526, 
0, 11, 112, 397, 438, 731, 
0, 218, 412, 807, 803, 550, 
0, 133, 504, 985, 842, 102, 
0, 331, 428, 129, 854, 594, 646, 
0, 538, 122, 8, 895, 
0, 150, 149, 926, 706, 61, 9, 
0, 243, 668, 145, 917, 
0, 724, 671, 75, 107, 177, 
0, 564, 708, 714, 287, 633, 
0, 304, 167, 488, 897, 417, 
0, 902, 932, 844, 441, 263, 
0, 446, 547, 498, 423, 499, 
0, 72, 246, 848, 986, 
0, 635, 730, 672, 415, 525, 138, 
0, 521, 608, 994, 81, 
0, 454, 466, 323, 502, 272, 
0, 510, 667, 231, 135, 559, 51, 
0, 534, 912, 505, 237, 875, 339, 
0, 970, 894, 292, 94, 860, 
0, 744, 117, 887, 705, 340, 194, 
0, 426, 823, 153, 361, 908, 
0, 716, 187, 691, 254, 259, 
0, 380, 399, 718, 746, 317, 
0, 738, 971, 992, 696, 838, 
0, 609, 938, 377, 288, 206, 771, 
0, 530, 160, 410, 470, 
0, 858, 828, 203, 619, 307, 
0, 552, 846, 889, 233, 5, 
0, 35, 968, 384, 200, 24, 
0, 901, 46, 393, 95, 96, 
0, 224, 965, 544, 588, 
0, 956, 139, 509, 174, 378, 546, 
0, 540, 911, 10, 920, 228, 
0, 87, 196, 767, 234, 355, 
0, 750, 679, 89, 772, 
0, 873, 715, 930, 478, 656, 
0, 348, 616, 774, 818, 308, 949, 
0, 936, 299, 383, 183, 59, 529, 
0, 47, 121, 80, 719, 132, 
0, 279, 181, 531, 963, 802, 
0, 997, 710, 66, 366, 258, 
0, 78, 158, 267, 988, 460, 773, 
0, 939, 776, 338, 514, 519, 
0, 647, 615, 411, 382, 918, 537, 
0, 631, 697, 56, 945, 604, 660, 
0, 743, 77, 227, 91, 
0, 998, 281, 
0, 923, 570, 722, 879, 924, 951, 
0, 645, 501, 425, 805, 71, 
0, 402, 270, 983, 581, 476, 387, 
0, 829, 264, 156, 223, 
0, 176, 824, 687, 707, 799, 987, 
0, 195, 329, 485, 301, 
0, 309, 830, 972, 853, 543, 
0, 915, 634, 69, 903, 344, 553, 
0, 995, 597, 222, 271, 238, 578, 
0, 250, 394, 13, 205, 793, 27, 
0, 622, 266, 159, 407, 
0, 125, 354, 252, 225, 596, 179, 
0, 103, 173, 683, 459, 330, 21, 
0, 376, 443, 244, 104, 712, 
0, 120, 629, 436, 62, 291, 
0, 29, 663, 959, 831, 978, 
0, 562, 664, 341, 780, 403, 166, 
0, 652, 670, 725, 337, 143, 
0, 642, 210, 419, 362, 698, 
0, 286, 261, 535, 833, 
0, 148, 99, 686, 980, 404, 797, 
0, 810, 765, 221, 50, 556, 713, 
0, 914, 685, 737, 1000, 497, 65, 
0, 472, 12, 872, 98, 701, 
0, 23, 675, 819, 539, 303, 
0, 880, 37, 146, 76, 416, 
0, 449, 31, 88, 650, 795, 131, 
0, 736, 296, 607, 603, 658, 507, 
0, 761, 598, 469, 928, 
0, 487, 815, 798, 180, 532, 
0, 814, 606, 16, 349, 216, 
0, 45, 759, 123, 574, 484, 41, 
0, 975, 464, 837, 127, 147, 
0, 229, 379, 791, 414, 54, 
0, 15, 876, 794, 409, 217, 563, 
0, 927, 189, 806, 508, 401, 188, 
0, 489, 641, 468, 699, 212, 
0, 661, 843, 935, 792, 991, 
0, 947, 877, 260, 677, 899, 
0, 921, 119, 640, 448, 347, 943, 
0, 496, 919, 690, 396, 982, 
0, 57, 199, 280, 370, 342, 907, 
0, 115, 614, 430, 193, 311, 219, 
0, 925, 385, 693, 442, 655, 
0, 321, 688, 721, 676, 142, 
0, 891, 236, 178, 262, 297, 320, 
0, 477, 862, 277, 101, 952, 
0, 172, 601, 2, 114, 937, 
0, 740, 960, 353, 431, 892, 
0, 432, 356, 34, 208, 567, 
0, 17, 940, 554, 30, 654, 492, 
0, 702, 811, 657, 808, 389, 
0, 910, 293, 314, 735, 627, 
0, 451, 350, 124, 977, 32, 
0, 463, 318, 452, 155, 491, 
0, 558, 295, 993, 665, 434, 
0, 855, 996, 475, 413, 
0, 958, 904, 85, 592, 171, 
0, 955, 800, 58, 636, 83, 
0, 816, 278, 282, 109, 60, 
0, 751, 284, 682, 762, 745, 
0, 473, 493, 612, 162, 306, 941, 
0, 255, 79, 257, 700, 644, 
0, 931, 600, 732, 64, 
0, 512, 445, 18, 100, 33, 
0, 900, 981, 506, 48, 388, 
0, 239, 513, 524, 6, 933, 
0, 689, 950, 381, 386, 
0, 111, 325, 576, 582, 809, 785, 
0, 611, 704, 249, 190, 
0, 20, 232, 784, 869, 374, 
0, 617, 516, 253, 613, 548, 
0, 486, 694, 503, 274, 240, 
0, 116, 796, 215, 165, 328, 
0, 86, 770, 857, 741, 906, 
0, 754, 359, 756, 757, 265, 
0, 275, 649, 760, 482, 
0, 455, 888, 789, 315, 
0, 495, 929, 703, 134, 628, 
0, 868, 999, 883, 864, 161, 
0, 840, 979, 169, 406, 890, 84, 
0, 727, 866, 593, 334, 335, 235, 
0, 144, 542, 444, 541, 905, 835, 
0, 201, 141, 817, 728, 136, 
0, 247, 392, 583, 626, 42, 192, 
0, 957, 528, 720, 437, 763, 579, 
0, 461, 545, 140, 268, 
0, 494, 568, 852, 357, 168, 
0, 632, 520, 990, 571, 245, 105, 
0, 126, 336, 40, 878, 753, 618, 
0, 549, 367, 211, 70, 673, 
0, 368, 709, 836, 82, 26, 
0, 766, 882, 813, 886, 175, 481, 
0, 209, 748, 723, 55, 711, 764, 
0, 577, 1, 435, 536, 850, 825, 
0, 242, 851, 63, 948, 859, 
0, 778, 692, 418, 202, 
0, 170, 369, 893, 826, 733, 
0, 154, 74, 313, 500, 182, 643, 
0, 106, 456, 73, 363, 157, 
0, 197, 365, 812, 624, 557, 
0, 343, 734, 620, 310, 92, 
0, 984, 782, 821, 302, 
0, 395, 781, 739, 93, 839, 841, 
0, 191, 408, 801, 185, 405, 
0, 638, 360, 913, 358, 186, 36, 
0, 590, 289, 922, 433, 669, 
0, 375, 623, 717, 44, 450, 
0, 322, 752, 653, 555, 305, 
0, 777, 871, 256, 783, 
0, 586, 916, 52, 316, 28, 43, 
0, 151, 4, 294, 787, 420, 551, 
0, 786, 424, 457, 207, 
0, 569, 976, 587, 130, 909, 
0, 326, 390, 373, 747, 845, 
0, 248, 400, 517, 300, 346, 
0, 595, 372, 241, 333, 527, 
0, 969, 298, 573, 674, 511, 
0, 230, 566, 515, 422, 312, 
0, 749, 204, 327, 458, 38, 625, 
0, 345, 666, 934, 214, 14, 726, 
0, 729, 560, 371, 465, 946, 118, 
0, 769, 973, 591, 108, 319, 
0, 630, 19, 276, 584, 152, 896, 
