Solution: 193 237331.122000 295231.122000

0, 522, 322, 752, 555, 219, 
0, 742, 528, 474, 488, 897, 952, 
0, 375, 623, 717, 44, 450, 
0, 632, 939, 277, 986, 101, 
0, 106, 538, 122, 202, 114, 937, 
0, 984, 932, 356, 34, 208, 
0, 829, 203, 619, 246, 
0, 950, 689, 761, 465, 946, 383, 183, 
0, 902, 464, 741, 906, 127, 
0, 891, 37, 427, 28, 110, 118, 
0, 910, 198, 215, 437, 763, 26, 
0, 810, 298, 264, 977, 307, 
0, 199, 280, 267, 988, 460, 
0, 250, 394, 13, 205, 793, 27, 
0, 953, 600, 750, 732, 480, 49, 
0, 737, 676, 721, 312, 892, 
0, 867, 598, 371, 94, 860, 
0, 957, 325, 871, 575, 809, 785, 
0, 915, 634, 756, 757, 903, 
0, 172, 601, 2, 792, 991, 
0, 248, 400, 517, 930, 42, 55, 
0, 473, 68, 870, 174, 378, 546, 
0, 126, 954, 681, 64, 
0, 87, 196, 767, 234, 355, 
0, 569, 79, 587, 130, 909, 
0, 969, 278, 282, 109, 553, 
0, 736, 296, 607, 806, 603, 507, 
0, 586, 170, 872, 886, 175, 
0, 740, 782, 821, 431, 308, 949, 
0, 504, 31, 88, 650, 131, 166, 
0, 354, 252, 225, 758, 179, 
0, 486, 694, 503, 274, 240, 
0, 534, 505, 648, 544, 588, 
0, 398, 962, 364, 804, 526, 
0, 851, 164, 290, 783, 
0, 4, 565, 21, 294, 193, 551, 
0, 209, 697, 945, 604, 655, 
0, 195, 921, 18, 890, 833, 84, 
0, 11, 709, 314, 627, 863, 
0, 255, 743, 836, 405, 731, 
0, 489, 837, 468, 639, 
0, 151, 187, 691, 323, 502, 388, 
0, 840, 979, 916, 76, 316, 745, 
0, 463, 629, 436, 728, 62, 
0, 461, 351, 659, 482, 
0, 309, 830, 186, 384, 543, 
0, 3, 332, 483, 429, 83, 
0, 975, 385, 213, 854, 594, 646, 
0, 343, 112, 160, 438, 735, 
0, 137, 929, 983, 581, 442, 
0, 661, 912, 739, 93, 497, 142, 
0, 865, 919, 396, 156, 982, 
0, 617, 531, 253, 344, 499, 
0, 224, 938, 377, 104, 
0, 376, 443, 244, 965, 712, 
0, 645, 99, 980, 869, 374, 235, 
0, 749, 609, 771, 206, 288, 899, 
0, 47, 814, 662, 50, 556, 713, 
0, 925, 318, 452, 134, 628, 
0, 285, 999, 340, 161, 
0, 45, 293, 592, 200, 24, 
0, 490, 547, 803, 625, 550, 
0, 113, 940, 554, 30, 654, 826, 481, 
0, 467, 989, 572, 220, 479, 
0, 487, 815, 798, 180, 532, 
0, 449, 158, 370, 838, 342, 41, 
0, 477, 520, 67, 790, 71, 
0, 765, 313, 221, 500, 216, 
0, 279, 181, 440, 462, 822, 602, 
0, 77, 734, 397, 310, 92, 
0, 668, 392, 145, 346, 401, 907, 
0, 119, 516, 261, 535, 
0, 738, 748, 852, 357, 773, 
0, 496, 266, 159, 407, 
0, 472, 493, 16, 48, 349, 
0, 561, 424, 616, 774, 207, 65, 
0, 128, 990, 972, 853, 755, 
0, 360, 973, 245, 571, 105, 
0, 884, 350, 848, 32, 610, 
0, 549, 367, 211, 70, 673, 
0, 630, 19, 276, 22, 584, 152, 
0, 495, 432, 361, 441, 567, 
0, 518, 800, 58, 636, 417, 
0, 521, 608, 994, 81, 845, 
0, 513, 570, 722, 879, 168, 951, 
0, 927, 120, 971, 992, 696, 188, 
0, 140, 770, 641, 147, 
0, 855, 996, 475, 413, 163, 7, 
0, 955, 393, 46, 536, 523, 585, 
0, 970, 894, 292, 381, 386, 
0, 304, 167, 961, 637, 908, 
0, 286, 714, 708, 287, 
0, 103, 173, 683, 459, 753, 618, 
0, 111, 640, 435, 671, 60, 303, 
0, 968, 959, 831, 358, 36, 
0, 78, 923, 352, 856, 97, 
0, 494, 568, 508, 478, 656, 
0, 395, 781, 545, 54, 301, 
0, 455, 888, 901, 485, 850, 825, 
0, 590, 289, 922, 423, 797, 669, 
0, 614, 580, 878, 311, 138, 
0, 230, 759, 515, 6, 933, 
0, 552, 846, 889, 233, 5, 
0, 936, 299, 59, 820, 881, 788, 
0, 243, 247, 300, 917, 626, 192, 
0, 868, 880, 178, 262, 
0, 766, 882, 813, 98, 701, 
0, 958, 904, 85, 509, 171, 
0, 115, 336, 430, 40, 330, 305, 
0, 843, 935, 410, 470, 
0, 29, 663, 913, 620, 978, 
0, 218, 498, 819, 684, 
0, 197, 365, 812, 624, 557, 
0, 326, 777, 576, 582, 599, 
0, 176, 824, 687, 849, 768, 
0, 402, 631, 56, 924, 660, 
0, 560, 695, 827, 251, 297, 529, 
0, 86, 832, 857, 223, 579, 
0, 956, 72, 796, 439, 964, 967, 
0, 786, 690, 573, 514, 263, 
0, 647, 615, 918, 382, 839, 537, 
0, 769, 124, 862, 699, 212, 
0, 451, 724, 686, 69, 458, 38, 
0, 510, 667, 231, 135, 559, 320, 
0, 456, 363, 91, 
0, 816, 942, 974, 95, 96, 
0, 858, 501, 425, 805, 511, 
0, 150, 149, 926, 61, 706, 51, 
0, 446, 866, 593, 334, 335, 
0, 947, 121, 877, 260, 677, 
0, 321, 685, 688, 1000, 268, 
0, 512, 329, 116, 100, 
0, 379, 622, 789, 760, 315, 
0, 169, 204, 720, 772, 182, 
0, 184, 606, 162, 306, 941, 
0, 635, 117, 887, 705, 874, 
0, 611, 704, 249, 190, 
0, 273, 564, 236, 633, 272, 
0, 380, 399, 718, 746, 317, 
0, 649, 445, 963, 834, 605, 
0, 562, 664, 341, 780, 403, 841, 
0, 727, 232, 256, 63, 802, 
0, 426, 844, 153, 703, 
0, 275, 1, 75, 613, 265, 
0, 453, 900, 981, 506, 966, 226, 
0, 471, 621, 25, 775, 896, 
0, 642, 12, 406, 254, 33, 
0, 139, 674, 591, 108, 319, 
0, 17, 284, 751, 707, 799, 987, 
0, 716, 778, 418, 692, 895, 
0, 995, 730, 680, 447, 415, 733, 
0, 638, 191, 408, 801, 165, 643, 
0, 931, 670, 725, 337, 143, 
0, 353, 960, 566, 422, 527, 
0, 729, 283, 898, 469, 259, 416, 
0, 239, 524, 817, 155, 491, 
0, 345, 666, 934, 214, 238, 578, 
0, 15, 80, 719, 132, 
0, 154, 74, 653, 885, 533, 596, 
0, 998, 281, 
0, 911, 976, 10, 920, 228, 
0, 873, 583, 715, 723, 711, 764, 
0, 652, 227, 257, 700, 644, 
0, 454, 466, 391, 928, 
0, 242, 411, 237, 875, 339, 
0, 651, 53, 883, 864, 589, 
0, 125, 269, 679, 89, 291, 
0, 35, 20, 675, 784, 539, 404, 
0, 754, 359, 327, 107, 177, 
0, 530, 73, 8, 157, 
0, 229, 414, 791, 302, 
0, 368, 540, 185, 82, 324, 
0, 861, 944, 678, 448, 347, 943, 
0, 558, 295, 993, 665, 434, 
0, 189, 444, 658, 541, 905, 835, 
0, 52, 146, 779, 492, 
0, 23, 390, 373, 747, 90, 
0, 331, 428, 129, 948, 859, 
0, 57, 201, 141, 818, 136, 
0, 744, 271, 682, 762, 14, 726, 
0, 997, 270, 66, 366, 258, 
0, 577, 412, 807, 433, 548, 
0, 210, 612, 419, 362, 698, 
0, 148, 847, 421, 39, 328, 
0, 823, 710, 693, 476, 387, 
0, 369, 893, 672, 525, 43, 
0, 348, 123, 457, 574, 484, 
0, 595, 876, 794, 409, 217, 563, 
0, 597, 222, 787, 420, 194, 
0, 914, 828, 776, 338, 519, 
0, 702, 811, 657, 808, 389, 9, 
0, 133, 372, 241, 333, 795, 
0, 144, 542, 985, 842, 102, 
