Solution: 194 240479.036000 298679.036000

0, 417, 506, 430, 514, 744, 
0, 227, 382, 53, 306, 667, 613, 
0, 351, 428, 806, 574, 313, 
0, 889, 980, 443, 464, 604, 
0, 17, 709, 127, 793, 561, 
0, 737, 197, 610, 628, 77, 
0, 968, 164, 413, 88, 93, 35, 
0, 534, 408, 931, 110, 360, 
0, 152, 284, 271, 532, 260, 
0, 452, 741, 990, 702, 343, 126, 
0, 635, 96, 612, 157, 311, 936, 
0, 185, 726, 775, 319, 
0, 725, 520, 831, 348, 190, 
0, 374, 699, 76, 148, 508, 
0, 379, 246, 212, 964, 390, 888, 
0, 188, 325, 555, 537, 310, 
0, 200, 135, 280, 988, 967, 
0, 457, 742, 406, 652, 815, 485, 
0, 244, 285, 669, 766, 161, 
0, 402, 526, 395, 376, 9, 848, 
0, 995, 548, 420, 675, 231, 
0, 241, 516, 805, 716, 149, 
0, 817, 203, 619, 248, 
0, 579, 593, 4, 437, 269, 
0, 475, 660, 957, 388, 182, 38, 
0, 876, 159, 294, 909, 882, 
0, 997, 700, 446, 63, 479, 391, 
0, 80, 642, 601, 140, 385, 
0, 829, 978, 906, 51, 495, 733, 
0, 315, 818, 970, 571, 885, 
0, 257, 1, 712, 505, 352, 
0, 519, 671, 84, 760, 
0, 302, 971, 247, 101, 67, 
0, 715, 764, 577, 584, 834, 
0, 121, 358, 254, 563, 23, 618, 
0, 499, 436, 366, 444, 566, 
0, 754, 220, 992, 207, 556, 
0, 141, 711, 679, 66, 103, 295, 
0, 658, 832, 929, 685, 977, 
0, 732, 718, 450, 750, 16, 713, 
0, 144, 582, 673, 536, 483, 
0, 250, 249, 138, 492, 747, 509, 
0, 794, 293, 916, 427, 789, 663, 
0, 458, 622, 87, 158, 
0, 853, 893, 79, 198, 27, 
0, 615, 578, 425, 522, 445, 
0, 816, 683, 837, 34, 177, 
0, 344, 108, 825, 340, 704, 
0, 500, 119, 460, 842, 504, 
0, 598, 869, 359, 29, 217, 654, 
0, 407, 397, 961, 369, 714, 
0, 515, 847, 3, 8, 
0, 122, 802, 659, 48, 877, 599, 
0, 334, 595, 170, 668, 
0, 137, 478, 83, 565, 469, 
0, 19, 934, 554, 32, 883, 546, 
0, 474, 496, 18, 866, 966, 216, 
0, 827, 503, 807, 551, 
0, 553, 924, 993, 262, 
0, 147, 69, 651, 739, 530, 580, 
0, 463, 879, 266, 539, 
0, 881, 39, 251, 394, 
0, 846, 354, 401, 150, 381, 239, 
0, 813, 811, 686, 564, 653, 
0, 568, 72, 97, 160, 330, 
0, 172, 288, 812, 839, 43, 
0, 717, 375, 887, 396, 920, 263, 
0, 538, 900, 647, 486, 778, 
0, 13, 71, 261, 225, 226, 
0, 903, 940, 46, 972, 191, 810, 
0, 252, 117, 759, 205, 292, 259, 
0, 631, 21, 134, 594, 104, 322, 
0, 727, 768, 809, 426, 317, 
0, 674, 841, 849, 510, 186, 
0, 209, 567, 969, 689, 826, 
0, 843, 477, 418, 
0, 688, 253, 752, 808, 874, 774, 
0, 611, 798, 749, 467, 421, 
0, 860, 765, 118, 416, 989, 
0, 459, 368, 664, 151, 
0, 392, 242, 864, 751, 224, 
0, 640, 697, 872, 267, 965, 56, 533, 
0, 917, 273, 982, 606, 947, 
0, 116, 921, 482, 695, 
0, 645, 303, 120, 777, 524, 
0, 447, 187, 466, 605, 545, 
0, 345, 772, 435, 412, 926, 945, 
0, 228, 357, 518, 10, 131, 
0, 290, 373, 238, 174, 955, 
0, 560, 958, 776, 342, 908, 136, 
0, 194, 472, 535, 614, 550, 173, 
0, 52, 999, 156, 291, 
0, 143, 142, 927, 875, 106, 114, 
0, 943, 337, 870, 264, 670, 895, 
0, 919, 33, 983, 734, 321, 531, 
0, 588, 468, 925, 320, 30, 694, 
0, 953, 133, 511, 361, 166, 
0, 632, 690, 941, 570, 404, 163, 
0, 905, 859, 596, 338, 411, 
0, 82, 525, 845, 728, 894, 981, 
0, 637, 289, 98, 301, 
0, 296, 898, 884, 998, 703, 857, 
0, 6, 600, 672, 666, 512, 132, 
0, 245, 662, 305, 410, 830, 
0, 873, 270, 154, 
0, 706, 184, 684, 507, 275, 
0, 973, 835, 880, 169, 234, 
0, 918, 389, 124, 769, 
0, 804, 937, 487, 179, 644, 
0, 81, 758, 523, 222, 
0, 950, 951, 434, 331, 219, 
0, 609, 932, 380, 100, 
0, 915, 115, 2, 962, 822, 78, 
0, 99, 756, 168, 461, 740, 583, 
0, 755, 801, 327, 489, 587, 
0, 521, 20, 890, 823, 748, 
0, 22, 232, 258, 336, 896, 
0, 498, 591, 705, 922, 701, 753, 
0, 112, 865, 617, 74, 323, 783, 
0, 956, 155, 403, 441, 393, 
0, 541, 757, 276, 707, 
0, 196, 370, 800, 625, 558, 
0, 111, 339, 911, 256, 424, 75, 
0, 743, 94, 979, 863, 377, 
0, 501, 221, 773, 192, 552, 
0, 633, 448, 281, 73, 984, 
0, 473, 621, 64, 963, 
0, 422, 210, 298, 423, 851, 
0, 309, 861, 854, 639, 60, 
0, 657, 975, 589, 125, 438, 
0, 797, 364, 762, 24, 586, 145, 
0, 383, 497, 708, 986, 462, 
0, 324, 616, 910, 386, 828, 540, 
0, 109, 371, 113, 790, 274, 193, 
0, 952, 189, 901, 819, 362, 
0, 902, 724, 1000, 681, 502, 62, 
0, 314, 678, 710, 202, 272, 
0, 218, 449, 349, 419, 676, 
0, 297, 365, 318, 237, 722, 
0, 648, 959, 37, 353, 840, 814, 
0, 181, 899, 12, 914, 719, 
0, 529, 569, 356, 844, 871, 656, 
0, 942, 833, 36, 92, 
0, 431, 913, 146, 208, 897, 
0, 650, 730, 677, 85, 
0, 723, 299, 731, 335, 781, 
0, 933, 517, 470, 692, 211, 
0, 384, 286, 
0, 862, 562, 960, 183, 
0, 178, 333, 329, 326, 855, 
0, 405, 608, 792, 696, 824, 
0, 643, 14, 139, 307, 
0, 680, 204, 287, 233, 544, 
0, 480, 912, 573, 123, 949, 
0, 328, 630, 944, 59, 199, 
0, 409, 585, 627, 907, 41, 54, 
0, 229, 490, 939, 95, 89, 
0, 279, 549, 791, 255, 
0, 930, 304, 180, 387, 795, 11, 
0, 102, 65, 948, 55, 636, 581, 
0, 378, 803, 784, 40, 693, 
0, 484, 820, 878, 996, 592, 
0, 454, 5, 543, 451, 350, 938, 
0, 821, 476, 935, 105, 153, 
0, 736, 165, 691, 367, 171, 
0, 465, 746, 542, 488, 
0, 954, 68, 782, 442, 414, 557, 
0, 513, 661, 130, 58, 559, 49, 
0, 787, 623, 991, 44, 453, 
0, 128, 904, 780, 638, 415, 235, 
0, 429, 721, 620, 316, 86, 
0, 923, 602, 720, 61, 
0, 491, 687, 682, 278, 850, 243, 
0, 31, 439, 70, 665, 346, 892, 
0, 974, 268, 763, 976, 312, 
0, 45, 786, 215, 90, 28, 
0, 7, 527, 607, 175, 
0, 332, 433, 206, 761, 597, 
0, 167, 603, 201, 779, 471, 
0, 400, 767, 355, 300, 590, 
0, 987, 572, 398, 528, 481, 
0, 729, 42, 162, 494, 886, 856, 
0, 858, 213, 283, 735, 641, 25, 
0, 891, 629, 455, 129, 646, 
0, 493, 836, 624, 176, 47, 
0, 223, 399, 15, 240, 868, 341, 
0, 788, 547, 655, 265, 
0, 277, 649, 799, 432, 867, 
0, 107, 363, 634, 745, 57, 308, 
0, 347, 928, 738, 214, 785, 985, 
0, 456, 698, 282, 796, 230, 771, 
0, 26, 50, 994, 575, 91, 
0, 440, 576, 770, 852, 626, 
0, 946, 195, 838, 372, 236, 
