Solution: 194 239751.190000 297951.190000

0, 645, 506, 430, 777, 312, 
0, 743, 634, 443, 464, 604, 
0, 257, 72, 403, 620, 977, 
0, 484, 113, 371, 16, 106, 713, 
0, 465, 746, 542, 469, 
0, 688, 253, 752, 808, 874, 774, 
0, 725, 567, 841, 54, 701, 753, 
0, 45, 710, 681, 669, 868, 341, 
0, 609, 932, 380, 292, 205, 
0, 475, 334, 511, 595, 166, 
0, 498, 591, 831, 348, 747, 
0, 431, 833, 36, 208, 564, 
0, 124, 816, 120, 517, 949, 
0, 229, 490, 939, 667, 263, 
0, 974, 268, 763, 976, 230, 
0, 862, 39, 251, 158, 
0, 297, 365, 722, 237, 581, 
0, 637, 289, 156, 231, 
0, 776, 768, 809, 486, 
0, 635, 52, 999, 790, 750, 75, 
0, 351, 428, 806, 761, 313, 945, 
0, 658, 554, 934, 32, 815, 485, 
0, 279, 764, 476, 233, 575, 
0, 188, 1, 677, 85, 
0, 473, 621, 170, 414, 557, 
0, 111, 821, 948, 442, 963, 636, 
0, 324, 724, 734, 335, 781, 126, 
0, 593, 94, 70, 437, 550, 
0, 615, 803, 176, 445, 226, 
0, 347, 928, 738, 214, 785, 985, 
0, 607, 937, 972, 191, 810, 
0, 109, 548, 666, 883, 367, 
0, 121, 527, 254, 505, 160, 
0, 918, 436, 169, 234, 897, 
0, 33, 731, 497, 986, 462, 540, 
0, 723, 299, 608, 655, 696, 824, 
0, 997, 690, 941, 570, 404, 947, 
0, 474, 496, 18, 866, 966, 216, 
0, 622, 302, 24, 145, 524, 
0, 973, 389, 482, 811, 695, 
0, 189, 901, 819, 198, 27, 
0, 314, 678, 1000, 202, 272, 
0, 843, 477, 418, 
0, 950, 951, 911, 424, 132, 
0, 832, 929, 416, 471, 
0, 674, 961, 369, 792, 714, 
0, 649, 562, 960, 183, 
0, 241, 921, 455, 129, 295, 
0, 898, 354, 280, 988, 101, 67, 
0, 374, 699, 181, 787, 28, 
0, 919, 116, 632, 163, 871, 656, 
0, 923, 602, 720, 61, 
0, 736, 364, 970, 586, 885, 
0, 729, 65, 361, 393, 441, 
0, 315, 818, 388, 762, 744, 
0, 144, 578, 784, 624, 40, 877, 
0, 521, 987, 572, 88, 93, 613, 
0, 754, 992, 220, 48, 330, 
0, 238, 872, 174, 267, 799, 
0, 915, 786, 55, 935, 856, 
0, 650, 730, 261, 225, 438, 
0, 358, 325, 712, 207, 556, 
0, 890, 543, 979, 863, 377, 
0, 568, 97, 825, 76, 326, 
0, 942, 924, 366, 444, 566, 
0, 954, 42, 698, 610, 77, 
0, 860, 142, 927, 875, 996, 733, 
0, 576, 4, 959, 789, 173, 
0, 727, 958, 357, 426, 317, 136, 
0, 422, 184, 684, 255, 35, 89, 
0, 244, 285, 119, 574, 502, 62, 
0, 447, 187, 466, 605, 545, 509, 
0, 332, 433, 213, 842, 597, 
0, 345, 772, 460, 206, 131, 
0, 741, 969, 990, 702, 625, 558, 
0, 383, 271, 708, 321, 531, 
0, 480, 283, 735, 50, 411, 
0, 952, 195, 838, 372, 360, 
0, 196, 370, 800, 149, 908, 
0, 81, 758, 642, 123, 848, 
0, 227, 382, 775, 112, 319, 
0, 122, 802, 659, 599, 352, 693, 
0, 737, 660, 957, 362, 182, 38, 
0, 399, 616, 910, 386, 828, 830, 
0, 13, 899, 12, 914, 719, 
0, 755, 801, 507, 275, 
0, 378, 623, 991, 44, 453, 
0, 553, 835, 880, 639, 25, 
0, 633, 448, 281, 619, 34, 177, 
0, 643, 14, 139, 307, 
0, 6, 600, 672, 450, 580, 43, 
0, 538, 767, 355, 53, 306, 
0, 456, 804, 333, 487, 760, 644, 
0, 31, 293, 916, 770, 338, 544, 
0, 137, 478, 83, 565, 590, 
0, 82, 865, 577, 584, 796, 771, 
0, 17, 647, 726, 300, 778, 
0, 749, 946, 682, 278, 243, 
0, 7, 563, 739, 23, 618, 
0, 657, 975, 589, 125, 855, 
0, 829, 978, 210, 691, 171, 
0, 881, 742, 51, 965, 955, 
0, 107, 5, 439, 665, 57, 308, 
0, 96, 221, 256, 773, 192, 552, 
0, 115, 242, 864, 222, 
0, 99, 756, 168, 461, 740, 583, 
0, 817, 861, 854, 641, 9, 
0, 943, 337, 870, 264, 670, 895, 
0, 252, 117, 709, 127, 793, 561, 
0, 167, 603, 201, 110, 931, 
0, 513, 661, 130, 58, 559, 49, 
0, 429, 721, 318, 628, 
0, 788, 547, 983, 265, 857, 
0, 417, 303, 573, 668, 514, 
0, 143, 820, 878, 98, 301, 
0, 794, 617, 994, 74, 140, 385, 
0, 102, 541, 118, 757, 236, 
0, 71, 765, 685, 779, 989, 
0, 459, 368, 84, 340, 
0, 846, 197, 215, 90, 350, 938, 
0, 905, 363, 745, 614, 269, 
0, 128, 904, 780, 359, 29, 114, 
0, 560, 200, 135, 10, 926, 235, 
0, 491, 687, 296, 87, 850, 
0, 133, 971, 247, 571, 239, 
0, 434, 582, 673, 522, 704, 
0, 141, 711, 679, 66, 451, 
0, 344, 108, 155, 316, 86, 
0, 717, 798, 394, 11, 795, 
0, 534, 408, 664, 151, 
0, 384, 286, 
0, 598, 869, 15, 217, 415, 638, 
0, 194, 46, 398, 528, 481, 
0, 402, 501, 651, 555, 537, 310, 
0, 715, 859, 596, 336, 896, 834, 
0, 827, 503, 266, 539, 
0, 172, 288, 812, 839, 193, 
0, 930, 304, 387, 180, 56, 533, 
0, 290, 392, 413, 291, 
0, 249, 397, 492, 907, 705, 190, 
0, 457, 468, 432, 592, 867, 
0, 516, 569, 356, 844, 92, 
0, 458, 879, 748, 95, 694, 
0, 933, 203, 470, 692, 211, 
0, 463, 902, 342, 766, 410, 161, 
0, 953, 68, 525, 845, 728, 60, 
0, 277, 373, 396, 920, 
0, 223, 246, 212, 964, 390, 888, 
0, 519, 671, 331, 219, 
0, 228, 518, 412, 435, 488, 
0, 185, 847, 3, 8, 
0, 37, 22, 232, 852, 323, 783, 
0, 218, 440, 349, 419, 676, 
0, 680, 26, 807, 626, 551, 
0, 328, 630, 258, 59, 199, 
0, 240, 159, 294, 909, 882, 
0, 732, 274, 675, 406, 495, 
0, 891, 629, 805, 716, 646, 
0, 452, 152, 284, 343, 532, 260, 
0, 631, 21, 134, 594, 104, 322, 
0, 995, 718, 420, 530, 512, 546, 
0, 813, 982, 391, 606, 653, 
0, 400, 900, 100, 
0, 309, 162, 601, 105, 91, 
0, 858, 912, 401, 150, 381, 
0, 493, 836, 536, 483, 47, 
0, 405, 510, 529, 769, 
0, 611, 379, 884, 998, 703, 259, 
0, 700, 993, 837, 248, 
0, 409, 585, 627, 922, 41, 
0, 19, 209, 849, 689, 826, 186, 
0, 499, 913, 686, 262, 
0, 526, 395, 376, 944, 153, 
0, 515, 282, 287, 751, 224, 
0, 454, 178, 2, 535, 353, 663, 
0, 250, 407, 520, 305, 654, 
0, 339, 425, 276, 707, 
0, 956, 893, 79, 148, 508, 
0, 706, 940, 853, 327, 822, 78, 
0, 873, 270, 154, 
0, 449, 549, 791, 427, 504, 
0, 579, 648, 962, 823, 587, 
0, 500, 876, 146, 73, 984, 
0, 80, 683, 64, 894, 981, 
0, 903, 889, 980, 179, 175, 
0, 147, 69, 612, 157, 311, 936, 
0, 165, 298, 423, 652, 851, 
0, 245, 662, 138, 759, 
0, 640, 697, 887, 375, 467, 421, 
0, 164, 204, 329, 103, 346, 892, 
0, 917, 273, 63, 479, 446, 
0, 968, 20, 489, 472, 840, 814, 
0, 797, 782, 523, 494, 886, 967, 
0, 588, 925, 906, 320, 30, 
