Solution: 194 237826.456000 296026.456000

0, 137, 929, 844, 208, 908, 
0, 652, 750, 50, 556, 713, 
0, 704, 286, 714, 708, 287, 
0, 52, 916, 316, 28, 161, 
0, 449, 158, 513, 168, 924, 951, 
0, 702, 811, 657, 808, 389, 9, 320, 
0, 975, 129, 468, 862, 637, 
0, 891, 880, 178, 251, 297, 529, 
0, 172, 601, 8, 157, 937, 
0, 662, 522, 758, 565, 219, 
0, 947, 877, 260, 677, 
0, 950, 689, 761, 465, 946, 383, 183, 
0, 133, 372, 241, 333, 795, 131, 
0, 597, 222, 294, 420, 768, 
0, 304, 871, 961, 747, 90, 
0, 518, 393, 46, 974, 966, 226, 
0, 353, 960, 341, 780, 403, 166, 
0, 197, 365, 812, 357, 696, 
0, 126, 336, 653, 555, 533, 305, 
0, 900, 981, 483, 429, 643, 
0, 923, 710, 66, 366, 258, 
0, 979, 170, 872, 76, 
0, 230, 566, 515, 431, 484, 
0, 35, 573, 690, 741, 417, 
0, 273, 586, 427, 589, 874, 
0, 398, 568, 852, 508, 188, 
0, 807, 20, 232, 334, 374, 909, 
0, 953, 847, 732, 64, 
0, 645, 501, 425, 805, 610, 
0, 561, 759, 616, 774, 818, 
0, 560, 695, 827, 231, 135, 559, 
0, 154, 74, 612, 162, 306, 941, 
0, 461, 545, 789, 760, 
0, 113, 146, 415, 672, 787, 193, 551, 
0, 471, 621, 592, 171, 
0, 275, 649, 659, 482, 
0, 530, 73, 185, 405, 731, 
0, 115, 614, 421, 878, 753, 618, 
0, 777, 866, 593, 335, 235, 
0, 204, 261, 535, 553, 
0, 611, 742, 371, 190, 928, 7, 
0, 29, 293, 314, 437, 763, 
0, 927, 189, 658, 541, 905, 835, 
0, 828, 203, 619, 514, 519, 
0, 936, 299, 59, 820, 881, 788, 
0, 456, 363, 836, 26, 
0, 77, 79, 227, 91, 228, 
0, 103, 173, 683, 459, 311, 138, 
0, 309, 830, 972, 853, 543, 
0, 151, 4, 369, 893, 826, 733, 
0, 534, 912, 648, 409, 217, 563, 
0, 510, 667, 926, 61, 706, 51, 
0, 15, 80, 719, 132, 
0, 939, 776, 338, 699, 263, 
0, 642, 210, 419, 362, 698, 
0, 279, 181, 536, 485, 605, 
0, 647, 615, 918, 382, 839, 537, 
0, 810, 191, 408, 801, 165, 
0, 321, 721, 676, 688, 497, 
0, 609, 938, 377, 104, 
0, 255, 743, 257, 700, 644, 
0, 989, 942, 572, 220, 479, 
0, 816, 278, 282, 109, 60, 
0, 630, 19, 276, 584, 152, 896, 
0, 524, 570, 817, 728, 62, 628, 
0, 176, 824, 687, 849, 43, 
0, 86, 770, 641, 639, 
0, 486, 694, 503, 860, 
0, 446, 851, 140, 315, 
0, 196, 679, 665, 717, 
0, 111, 325, 576, 575, 785, 38, 
0, 490, 547, 803, 550, 
0, 997, 270, 476, 581, 442, 
0, 106, 778, 122, 418, 114, 978, 
0, 250, 121, 712, 288, 
0, 348, 123, 457, 207, 
0, 473, 663, 913, 831, 202, 991, 
0, 840, 187, 691, 254, 98, 701, 
0, 632, 520, 857, 67, 906, 982, 
0, 331, 428, 213, 854, 594, 
0, 969, 800, 720, 324, 903, 
0, 17, 209, 56, 945, 879, 660, 
0, 955, 538, 234, 767, 470, 
0, 729, 598, 469, 259, 416, 
0, 199, 280, 838, 370, 342, 907, 
0, 504, 31, 985, 88, 422, 142, 
0, 326, 948, 256, 63, 388, 
0, 368, 709, 920, 82, 291, 
0, 855, 996, 475, 413, 
0, 549, 367, 211, 70, 673, 
0, 512, 901, 834, 100, 
0, 590, 289, 922, 423, 802, 177, 
0, 455, 164, 290, 783, 892, 
0, 23, 390, 373, 5, 859, 
0, 984, 786, 424, 574, 308, 949, 
0, 477, 356, 34, 101, 952, 
0, 376, 970, 894, 292, 381, 
0, 925, 318, 452, 134, 646, 
0, 765, 313, 221, 500, 328, 
0, 269, 430, 40, 330, 21, 
0, 87, 832, 58, 599, 845, 
0, 766, 882, 813, 886, 175, 481, 
0, 11, 112, 397, 620, 358, 
0, 454, 466, 323, 502, 33, 
0, 117, 284, 751, 707, 799, 987, 
0, 754, 634, 756, 450, 347, 943, 
0, 242, 685, 268, 
0, 562, 876, 794, 205, 27, 118, 
0, 736, 296, 607, 806, 603, 507, 
0, 184, 493, 506, 48, 822, 
0, 150, 149, 883, 864, 110, 
0, 873, 517, 300, 478, 
0, 661, 904, 85, 200, 24, 755, 
0, 360, 775, 22, 245, 105, 
0, 595, 394, 13, 841, 793, 656, 
0, 888, 843, 410, 692, 895, 
0, 540, 911, 10, 627, 735, 
0, 749, 198, 215, 772, 182, 
0, 902, 385, 432, 136, 
0, 921, 516, 1, 963, 669, 585, 
0, 631, 697, 693, 823, 703, 
0, 247, 392, 145, 346, 715, 192, 
0, 426, 983, 387, 604, 655, 
0, 957, 350, 973, 591, 108, 319, 
0, 956, 72, 796, 223, 964, 636, 
0, 463, 629, 436, 155, 491, 
0, 740, 782, 821, 746, 317, 
0, 861, 944, 678, 523, 850, 825, 
0, 640, 435, 253, 344, 448, 
0, 68, 870, 439, 407, 579, 
0, 343, 734, 438, 310, 92, 
0, 968, 935, 2, 792, 
0, 445, 498, 819, 625, 
0, 865, 298, 124, 790, 546, 
0, 218, 412, 93, 302, 
0, 954, 580, 681, 480, 49, 
0, 402, 583, 626, 930, 42, 
0, 248, 400, 444, 842, 102, 
0, 380, 399, 267, 718, 
0, 395, 781, 739, 505, 684, 
0, 521, 608, 994, 81, 
0, 139, 509, 174, 674, 511, 
0, 569, 976, 587, 130, 434, 
0, 472, 12, 406, 95, 96, 
0, 467, 464, 837, 127, 147, 
0, 148, 99, 75, 327, 548, 303, 
0, 379, 622, 351, 544, 588, 
0, 931, 600, 752, 238, 578, 
0, 229, 414, 791, 54, 301, 
0, 995, 730, 680, 447, 525, 194, 
0, 638, 495, 153, 361, 441, 567, 
0, 443, 664, 411, 237, 875, 339, 
0, 239, 722, 352, 856, 97, 
0, 727, 675, 784, 869, 404, 797, 
0, 453, 528, 474, 582, 809, 539, 
0, 322, 670, 725, 337, 143, 
0, 489, 167, 488, 897, 967, 
0, 999, 285, 779, 633, 
0, 651, 564, 236, 262, 272, 
0, 451, 724, 686, 69, 83, 
0, 915, 359, 671, 458, 107, 863, 
0, 375, 623, 89, 44, 355, 
0, 738, 962, 364, 401, 526, 
0, 45, 914, 737, 1000, 312, 65, 
0, 125, 354, 252, 225, 596, 179, 
0, 858, 919, 396, 156, 378, 
0, 243, 668, 917, 804, 527, 
0, 78, 201, 141, 6, 933, 41, 
0, 345, 666, 934, 214, 14, 726, 
0, 116, 3, 433, 613, 499, 
0, 487, 815, 798, 180, 532, 
0, 958, 160, 959, 384, 186, 36, 
0, 829, 848, 246, 986, 
0, 617, 531, 18, 890, 833, 84, 
0, 884, 932, 277, 32, 212, 
0, 716, 169, 94, 386, 899, 
0, 224, 244, 965, 206, 771, 
0, 635, 53, 887, 705, 340, 
0, 144, 542, 650, 988, 460, 773, 
0, 868, 37, 249, 163, 
0, 496, 266, 159, 
0, 552, 846, 889, 233, 
0, 577, 119, 332, 440, 462, 602, 
0, 195, 329, 980, 757, 265, 
0, 47, 554, 940, 30, 654, 745, 
0, 998, 281, 
0, 769, 264, 977, 307, 
0, 57, 120, 971, 992, 624, 557, 
0, 867, 898, 283, 391, 274, 240, 
0, 744, 271, 682, 762, 492, 
0, 910, 128, 25, 990, 571, 71, 
0, 494, 748, 723, 55, 711, 764, 
0, 814, 606, 16, 349, 216, 
0, 558, 295, 993, 39, 885, 
