Solution: 192 236636.736000 294236.736000

0, 632, 350, 276, 990, 571, 105, 
0, 144, 189, 444, 541, 905, 835, 
0, 810, 847, 679, 157, 
0, 956, 139, 425, 805, 986, 
0, 609, 938, 377, 104, 
0, 955, 663, 959, 358, 991, 
0, 209, 697, 945, 604, 660, 
0, 518, 18, 901, 834, 760, 
0, 540, 293, 314, 735, 417, 
0, 239, 513, 524, 168, 879, 
0, 279, 181, 531, 485, 850, 825, 
0, 87, 832, 501, 32, 610, 
0, 29, 112, 160, 620, 438, 
0, 360, 913, 831, 202, 978, 
0, 528, 994, 81, 147, 575, 
0, 275, 649, 980, 335, 539, 
0, 35, 862, 356, 34, 101, 
0, 247, 392, 145, 346, 188, 131, 
0, 255, 79, 397, 310, 92, 
0, 57, 201, 141, 6, 933, 41, 
0, 704, 249, 262, 163, 
0, 250, 121, 771, 206, 288, 
0, 78, 960, 353, 422, 403, 166, 
0, 184, 313, 221, 500, 216, 
0, 322, 670, 752, 311, 179, 
0, 426, 844, 153, 208, 567, 
0, 15, 80, 719, 132, 
0, 651, 37, 146, 682, 762, 768, 
0, 496, 266, 159, 407, 
0, 989, 278, 282, 109, 60, 
0, 923, 570, 817, 728, 62, 491, 
0, 445, 435, 327, 83, 177, 
0, 199, 370, 267, 342, 303, 
0, 23, 675, 819, 684, 
0, 558, 295, 993, 665, 434, 
0, 487, 815, 798, 180, 532, 
0, 169, 204, 720, 429, 863, 
0, 738, 748, 723, 55, 711, 764, 
0, 995, 730, 680, 447, 415, 194, 
0, 635, 117, 887, 705, 161, 
0, 385, 929, 452, 134, 628, 
0, 398, 508, 812, 624, 557, 
0, 486, 694, 503, 274, 240, 
0, 197, 365, 56, 924, 951, 
0, 3, 640, 440, 462, 602, 
0, 950, 371, 283, 391, 302, 
0, 921, 119, 1, 536, 890, 585, 
0, 243, 400, 364, 804, 
0, 376, 443, 244, 965, 544, 588, 
0, 855, 996, 475, 413, 860, 
0, 631, 270, 983, 476, 442, 
0, 577, 412, 807, 433, 548, 
0, 969, 298, 573, 790, 546, 
0, 379, 622, 791, 54, 301, 
0, 273, 564, 427, 589, 874, 
0, 858, 520, 857, 741, 906, 982, 
0, 661, 187, 691, 323, 502, 
0, 957, 72, 796, 439, 964, 636, 
0, 473, 765, 725, 50, 182, 643, 
0, 446, 871, 474, 599, 785, 
0, 754, 634, 756, 757, 797, 
0, 154, 74, 612, 162, 306, 941, 
0, 549, 367, 211, 70, 673, 
0, 17, 284, 751, 214, 238, 578, 
0, 11, 709, 920, 836, 26, 
0, 925, 693, 581, 387, 655, 
0, 727, 232, 256, 63, 802, 
0, 137, 722, 352, 856, 97, 
0, 968, 384, 853, 775, 755, 
0, 880, 178, 236, 633, 272, 
0, 309, 830, 36, 186, 543, 
0, 743, 77, 257, 91, 
0, 786, 457, 373, 961, 637, 
0, 888, 393, 46, 523, 344, 903, 
0, 345, 666, 934, 271, 14, 726, 
0, 453, 816, 332, 483, 772, 226, 
0, 229, 455, 94, 386, 899, 
0, 45, 721, 676, 688, 497, 65, 
0, 224, 648, 351, 100, 
0, 463, 424, 207, 136, 
0, 269, 430, 40, 330, 551, 
0, 495, 432, 361, 441, 212, 
0, 910, 198, 215, 437, 763, 579, 
0, 561, 515, 759, 484, 574, 949, 
0, 744, 824, 687, 707, 799, 987, 
0, 927, 120, 971, 696, 838, 907, 
0, 828, 396, 156, 378, 896, 
0, 111, 325, 576, 582, 809, 235, 
0, 769, 124, 972, 245, 71, 
0, 742, 58, 800, 488, 897, 967, 
0, 595, 876, 794, 409, 217, 563, 
0, 467, 942, 572, 220, 479, 
0, 642, 196, 8, 114, 937, 
0, 318, 629, 436, 823, 703, 
0, 867, 898, 469, 259, 416, 
0, 368, 911, 10, 627, 324, 
0, 891, 586, 76, 316, 28, 745, 
0, 148, 99, 866, 593, 374, 404, 
0, 534, 781, 739, 659, 414, 291, 
0, 380, 399, 401, 988, 460, 
0, 997, 710, 66, 366, 258, 
0, 590, 289, 922, 963, 605, 
0, 716, 944, 861, 678, 833, 84, 
0, 195, 329, 75, 613, 265, 
0, 176, 683, 459, 878, 753, 
0, 729, 598, 190, 928, 7, 
0, 451, 19, 973, 591, 108, 319, 
0, 645, 932, 277, 619, 307, 
0, 471, 621, 592, 200, 24, 
0, 150, 149, 926, 61, 706, 51, 
0, 47, 662, 522, 565, 21, 618, 
0, 218, 975, 129, 948, 5, 859, 
0, 331, 428, 213, 854, 594, 
0, 914, 685, 737, 1000, 142, 
0, 766, 882, 813, 886, 175, 481, 
0, 449, 158, 280, 992, 155, 646, 
0, 304, 777, 334, 268, 
0, 454, 466, 52, 654, 492, 
0, 151, 750, 227, 700, 644, 228, 
0, 4, 369, 893, 30, 33, 
0, 843, 935, 410, 470, 
0, 472, 12, 406, 95, 96, 
0, 562, 394, 13, 205, 793, 27, 
0, 230, 566, 241, 333, 527, 
0, 724, 686, 69, 423, 499, 
0, 939, 776, 338, 639, 
0, 958, 904, 85, 509, 171, 
0, 652, 600, 64, 885, 219, 
0, 375, 623, 717, 44, 450, 
0, 477, 264, 977, 514, 519, 
0, 915, 359, 671, 458, 107, 38, 
0, 617, 516, 253, 448, 347, 943, 
0, 348, 164, 290, 783, 
0, 493, 16, 974, 966, 822, 328, 
0, 381, 281, 
0, 530, 73, 185, 405, 731, 
0, 865, 919, 690, 67, 
0, 611, 689, 761, 465, 946, 383, 183, 
0, 736, 296, 607, 806, 603, 507, 
0, 286, 254, 714, 708, 287, 
0, 103, 814, 606, 758, 826, 733, 
0, 53, 285, 779, 340, 
0, 126, 336, 653, 555, 533, 305, 
0, 552, 846, 889, 233, 908, 
0, 840, 979, 916, 872, 98, 701, 
0, 489, 167, 468, 699, 
0, 829, 203, 848, 246, 
0, 86, 464, 837, 127, 223, 
0, 106, 456, 363, 89, 337, 
0, 931, 681, 421, 39, 669, 
0, 902, 616, 774, 818, 
0, 984, 242, 93, 482, 
0, 461, 498, 261, 535, 553, 
0, 248, 668, 962, 930, 42, 
0, 884, 326, 123, 308, 892, 
0, 597, 222, 787, 420, 849, 
0, 947, 877, 260, 677, 
0, 125, 354, 252, 225, 596, 349, 
0, 873, 517, 300, 478, 656, 
0, 68, 870, 174, 674, 511, 
0, 647, 664, 341, 780, 841, 537, 
0, 490, 547, 803, 625, 550, 
0, 521, 390, 608, 747, 90, 
0, 512, 545, 789, 315, 
0, 560, 695, 827, 251, 297, 529, 
0, 170, 210, 419, 362, 698, 
0, 115, 614, 580, 732, 480, 49, 
0, 868, 999, 883, 864, 110, 
0, 504, 542, 658, 842, 102, 
0, 851, 20, 784, 869, 845, 
0, 395, 912, 505, 237, 875, 339, 
0, 343, 734, 82, 556, 713, 
0, 569, 976, 587, 130, 909, 
0, 140, 770, 641, 263, 952, 
0, 630, 128, 25, 22, 584, 152, 
0, 510, 667, 231, 135, 559, 320, 
0, 936, 299, 59, 820, 881, 788, 
0, 900, 981, 506, 48, 388, 
0, 116, 538, 767, 234, 355, 
0, 292, 970, 894, 998, 712, 118, 
0, 133, 372, 88, 746, 317, 526, 
0, 321, 615, 411, 382, 839, 918, 
0, 953, 954, 173, 294, 193, 138, 
0, 402, 583, 626, 917, 715, 192, 
0, 702, 811, 657, 808, 389, 9, 
0, 985, 31, 650, 718, 795, 
0, 638, 191, 408, 801, 165, 143, 
0, 172, 601, 418, 692, 895, 
0, 740, 782, 821, 431, 312, 
0, 113, 940, 554, 672, 525, 43, 
0, 494, 568, 852, 357, 773, 
0, 749, 778, 122, 2, 792, 
