Solution: 193 238325.570000 296225.570000

0, 847, 996, 473, 419, 853, 
0, 449, 861, 867, 82, 901, 837, 
0, 381, 406, 409, 986, 457, 
0, 405, 88, 640, 524, 64, 
0, 230, 876, 174, 262, 269, 118, 967, 
0, 957, 46, 324, 667, 30, 
0, 956, 330, 897, 393, 439, 728, 
0, 747, 294, 425, 649, 364, 
0, 580, 594, 170, 671, 
0, 948, 688, 462, 945, 385, 177, 
0, 148, 822, 883, 702, 995, 
0, 638, 639, 329, 441, 459, 604, 
0, 568, 705, 710, 281, 
0, 437, 821, 212, 414, 562, 
0, 103, 759, 682, 456, 186, 556, 
0, 125, 807, 527, 750, 305, 939, 
0, 647, 1, 718, 334, 175, 
0, 469, 623, 24, 767, 749, 
0, 597, 872, 354, 206, 797, 567, 
0, 814, 925, 570, 131, 947, 
0, 611, 692, 503, 272, 236, 
0, 429, 340, 194, 113, 978, 
0, 944, 150, 80, 99, 951, 
0, 140, 787, 849, 440, 634, 
0, 884, 235, 866, 157, 
0, 579, 717, 714, 96, 161, 
0, 862, 701, 282, 396, 37, 95, 697, 
0, 446, 844, 865, 331, 333, 
0, 376, 625, 992, 661, 713, 
0, 566, 772, 352, 517, 428, 162, 
0, 355, 67, 994, 984, 
0, 213, 240, 202, 104, 550, 591, 
0, 346, 525, 68, 379, 231, 
0, 271, 369, 71, 502, 249, 
0, 793, 182, 607, 833, 
0, 245, 120, 998, 389, 
0, 741, 189, 609, 455, 107, 42, 
0, 193, 997, 716, 153, 490, 
0, 922, 435, 363, 224, 
0, 452, 635, 776, 565, 51, 
0, 952, 953, 408, 12, 154, 
0, 284, 999, 102, 297, 
0, 893, 981, 500, 49, 391, 
0, 188, 468, 535, 484, 843, 815, 
0, 910, 361, 70, 348, 588, 
0, 970, 299, 400, 780, 610, 
0, 748, 577, 595, 219, 448, 
0, 488, 163, 601, 144, 
0, 285, 336, 320, 286, 632, 
0, 238, 280, 122, 913, 887, 
0, 559, 937, 34, 404, 491, 
0, 199, 740, 852, 359, 765, 
0, 234, 515, 137, 722, 62, 628, 
0, 495, 812, 479, 699, 
0, 464, 943, 856, 397, 478, 
0, 521, 762, 523, 487, 892, 969, 
0, 239, 664, 141, 184, 
0, 619, 160, 135, 265, 
0, 770, 312, 210, 50, 325, 
0, 485, 332, 873, 259, 674, 
0, 564, 840, 536, 745, 583, 
0, 6, 97, 75, 614, 264, 
0, 526, 395, 608, 946, 156, 
0, 870, 520, 927, 45, 55, 
0, 958, 183, 907, 360, 622, 
0, 119, 366, 805, 626, 563, 
0, 850, 533, 472, 146, 342, 896, 
0, 145, 293, 841, 415, 467, 
0, 851, 461, 827, 962, 637, 
0, 39, 26, 672, 63, 192, 173, 
0, 769, 933, 760, 270, 
0, 115, 543, 226, 367, 356, 
0, 557, 838, 885, 168, 10, 
0, 273, 4, 980, 540, 558, 
0, 698, 803, 651, 800, 394, 
0, 615, 582, 874, 327, 620, 
0, 983, 818, 123, 732, 966, 
0, 106, 454, 73, 590, 903, 139, 
0, 155, 190, 372, 828, 339, 900, 
0, 166, 603, 424, 690, 890, 
0, 761, 263, 977, 307, 
0, 739, 727, 402, 309, 725, 
0, 453, 730, 289, 773, 
0, 418, 857, 358, 38, 201, 
0, 539, 906, 505, 296, 465, 
0, 954, 823, 791, 438, 754, 321, 
0, 656, 349, 274, 988, 552, 
0, 835, 121, 5, 783, 990, 
0, 864, 41, 244, 227, 
0, 976, 127, 863, 335, 695, 
0, 494, 592, 56, 575, 921, 949, 
0, 573, 79, 256, 696, 642, 
0, 308, 820, 28, 191, 27, 
0, 955, 950, 58, 938, 109, 383, 
0, 124, 353, 247, 214, 598, 347, 
0, 905, 703, 276, 223, 85, 
0, 489, 553, 795, 555, 
0, 278, 326, 323, 482, 
0, 217, 380, 894, 20, 886, 613, 
0, 18, 81, 129, 260, 860, 
0, 644, 398, 16, 784, 31, 116, 
0, 341, 617, 766, 197, 881, 
0, 624, 686, 261, 302, 
0, 831, 979, 15, 94, 782, 
0, 178, 492, 975, 185, 205, 
0, 87, 689, 576, 899, 581, 
0, 167, 678, 427, 480, 537, 
0, 403, 964, 798, 365, 720, 
0, 370, 706, 84, 152, 507, 
0, 514, 653, 3, 9, 683, 
0, 633, 100, 923, 61, 839, 13, 
0, 928, 666, 668, 215, 216, 
0, 111, 322, 578, 585, 801, 775, 
0, 451, 987, 209, 675, 528, 
0, 7, 599, 371, 888, 547, 187, 
0, 374, 279, 237, 532, 255, 
0, 291, 362, 313, 229, 29, 
0, 707, 267, 475, 390, 650, 
0, 920, 574, 351, 848, 875, 654, 
0, 645, 965, 314, 98, 
0, 829, 501, 430, 513, 72, 
0, 554, 646, 432, 386, 804, 
0, 8, 744, 648, 233, 83, 
0, 57, 746, 972, 509, 991, 693, 
0, 819, 195, 621, 242, 
0, 792, 545, 917, 826, 413, 
0, 445, 22, 774, 375, 228, 
0, 420, 781, 54, 670, 180, 
0, 519, 676, 89, 764, 
0, 388, 929, 836, 442, 25, 
0, 172, 743, 685, 704, 790, 985, 
0, 589, 463, 911, 859, 871, 
0, 266, 319, 560, 310, 208, 
0, 78, 133, 529, 11, 930, 
0, 151, 74, 915, 569, 538, 23, 
0, 474, 35, 779, 571, 912, 138, 
0, 742, 602, 522, 65, 
0, 21, 136, 593, 108, 891, 
0, 630, 694, 982, 368, 257, 
0, 343, 662, 932, 268, 17, 719, 
0, 130, 909, 785, 232, 337, 225, 
0, 476, 203, 277, 738, 90, 
0, 924, 734, 493, 737, 316, 531, 
0, 147, 53, 931, 880, 110, 
0, 618, 518, 248, 447, 345, 941, 
0, 895, 629, 436, 596, 643, 
0, 399, 551, 942, 303, 
0, 218, 751, 544, 483, 311, 
0, 486, 808, 789, 43, 665, 
0, 724, 677, 794, 753, 736, 
0, 712, 392, 143, 882, 171, 481, 
0, 471, 658, 959, 387, 179, 40, 
0, 410, 586, 834, 711, 708, 756, 
0, 631, 936, 768, 516, 126, 858, 
0, 733, 69, 357, 510, 165, 
0, 33, 809, 940, 869, 968, 926, 
0, 659, 1000, 811, 434, 
0, 458, 350, 92, 830, 636, 
0, 114, 660, 433, 44, 816, 726, 
0, 431, 916, 691, 584, 902, 
0, 679, 288, 919, 855, 318, 788, 
0, 512, 663, 220, 878, 59, 534, 
0, 918, 117, 2, 541, 824, 86, 
0, 112, 549, 142, 681, 221, 
0, 243, 407, 301, 477, 752, 508, 
0, 443, 935, 378, 287, 196, 763, 254, 
0, 735, 211, 669, 530, 511, 134, 
0, 181, 164, 868, 76, 
0, 680, 572, 845, 344, 898, 
0, 422, 802, 200, 963, 159, 
0, 377, 971, 889, 290, 382, 
0, 401, 757, 993, 198, 561, 709, 
0, 496, 974, 796, 241, 105, 
0, 877, 444, 275, 36, 423, 
0, 729, 295, 460, 605, 786, 128, 
0, 470, 612, 158, 306, 854, 
0, 731, 960, 338, 771, 411, 832, 
0, 989, 616, 416, 384, 914, 542, 
0, 721, 222, 252, 52, 412, 904, 
0, 908, 298, 846, 973, 587, 149, 
0, 19, 283, 253, 813, 204, 842, 
0, 723, 600, 466, 258, 421, 
0, 48, 715, 673, 687, 498, 66, 
0, 251, 77, 684, 91, 
0, 655, 101, 14, 627, 60, 
0, 373, 817, 246, 755, 810, 778, 
0, 758, 879, 806, 315, 32, 47, 
0, 207, 417, 799, 961, 499, 304, 
0, 504, 548, 652, 546, 700, 825, 
0, 606, 657, 506, 176, 641, 
0, 328, 317, 450, 132, 
0, 497, 292, 250, 777, 426, 
0, 934, 300, 93, 169, 
