Solution: 194 237930.280000 296130.280000

0, 286, 642, 406, 95, 96, 
0, 652, 227, 257, 700, 644, 434, 
0, 521, 390, 373, 747, 90, 
0, 11, 709, 836, 82, 405, 
0, 57, 199, 370, 333, 795, 131, 
0, 609, 938, 377, 104, 
0, 473, 360, 913, 358, 186, 36, 
0, 630, 19, 276, 990, 571, 755, 
0, 880, 128, 25, 22, 584, 152, 
0, 400, 189, 444, 541, 905, 835, 
0, 133, 504, 985, 842, 102, 
0, 435, 332, 440, 462, 822, 602, 
0, 727, 866, 593, 869, 374, 
0, 598, 187, 691, 323, 502, 
0, 117, 284, 751, 707, 799, 987, 
0, 957, 770, 264, 977, 307, 
0, 510, 667, 231, 135, 559, 320, 
0, 956, 72, 796, 439, 182, 
0, 309, 830, 543, 853, 978, 
0, 765, 743, 91, 
0, 562, 394, 13, 205, 793, 656, 
0, 829, 338, 277, 32, 212, 
0, 129, 464, 837, 127, 637, 
0, 273, 651, 427, 589, 874, 
0, 445, 901, 18, 890, 833, 84, 
0, 858, 919, 690, 67, 982, 
0, 4, 758, 672, 415, 768, 
0, 953, 600, 750, 732, 556, 713, 
0, 151, 269, 21, 294, 420, 138, 
0, 577, 724, 980, 613, 535, 553, 
0, 336, 679, 64, 
0, 786, 353, 515, 422, 484, 
0, 376, 970, 894, 244, 965, 
0, 486, 694, 503, 860, 118, 
0, 29, 623, 363, 39, 669, 
0, 150, 149, 926, 61, 706, 51, 
0, 195, 329, 485, 254, 
0, 424, 616, 774, 818, 308, 949, 
0, 704, 564, 714, 708, 287, 
0, 169, 204, 720, 165, 585, 
0, 518, 181, 483, 429, 83, 
0, 958, 663, 959, 831, 620, 
0, 891, 236, 178, 262, 
0, 738, 748, 723, 55, 951, 168, 
0, 471, 621, 592, 200, 24, 
0, 911, 112, 160, 438, 731, 
0, 467, 350, 396, 790, 610, 
0, 810, 528, 897, 488, 147, 
0, 345, 666, 934, 214, 340, 
0, 172, 122, 202, 114, 417, 
0, 17, 554, 369, 893, 826, 745, 
0, 560, 695, 827, 251, 297, 529, 
0, 867, 898, 469, 259, 416, 
0, 635, 53, 887, 705, 161, 
0, 611, 31, 650, 746, 317, 526, 
0, 814, 662, 16, 966, 216, 
0, 343, 734, 185, 627, 
0, 661, 904, 85, 509, 171, 
0, 77, 778, 418, 692, 895, 
0, 984, 242, 93, 302, 
0, 487, 847, 89, 44, 355, 
0, 915, 359, 671, 450, 347, 943, 
0, 902, 932, 356, 101, 628, 
0, 931, 670, 725, 337, 179, 
0, 997, 722, 352, 856, 97, 
0, 923, 270, 66, 366, 442, 
0, 68, 870, 174, 674, 511, 
0, 247, 392, 583, 626, 42, 711, 
0, 197, 365, 56, 924, 879, 
0, 275, 590, 289, 423, 550, 
0, 126, 954, 40, 787, 193, 551, 
0, 921, 501, 425, 805, 71, 
0, 586, 170, 872, 362, 698, 733, 
0, 113, 940, 30, 419, 654, 492, 
0, 230, 566, 341, 780, 403, 841, 
0, 279, 531, 253, 344, 448, 60, 
0, 754, 634, 756, 757, 903, 
0, 749, 198, 215, 437, 763, 26, 
0, 203, 848, 246, 986, 
0, 868, 999, 883, 864, 110, 
0, 736, 296, 607, 603, 658, 
0, 552, 828, 156, 378, 546, 
0, 331, 428, 452, 134, 908, 
0, 455, 888, 315, 100, 33, 
0, 402, 710, 983, 581, 476, 387, 
0, 318, 629, 432, 703, 655, 
0, 224, 372, 88, 386, 
0, 769, 124, 972, 245, 105, 
0, 463, 759, 431, 933, 41, 
0, 103, 173, 683, 459, 753, 532, 
0, 106, 456, 73, 587, 130, 909, 
0, 86, 832, 857, 223, 579, 
0, 493, 196, 8, 157, 
0, 716, 538, 767, 234, 937, 
0, 87, 968, 384, 775, 896, 
0, 950, 689, 761, 465, 946, 383, 183, 
0, 512, 351, 659, 482, 
0, 47, 210, 612, 162, 306, 941, 
0, 395, 781, 545, 54, 301, 
0, 321, 685, 688, 574, 268, 
0, 380, 399, 241, 527, 166, 
0, 855, 996, 475, 413, 
0, 45, 800, 641, 639, 845, 
0, 494, 568, 852, 971, 992, 696, 
0, 861, 944, 46, 536, 605, 
0, 119, 516, 261, 265, 
0, 75, 58, 474, 109, 291, 
0, 176, 824, 687, 849, 194, 
0, 304, 777, 575, 599, 235, 
0, 647, 615, 918, 382, 839, 27, 
0, 125, 354, 252, 225, 596, 349, 
0, 843, 935, 410, 470, 
0, 597, 222, 271, 238, 578, 
0, 522, 322, 752, 555, 219, 
0, 111, 325, 576, 582, 785, 404, 
0, 209, 697, 945, 604, 660, 
0, 15, 80, 719, 132, 
0, 936, 249, 190, 163, 
0, 995, 730, 680, 447, 525, 311, 
0, 472, 12, 606, 175, 481, 
0, 534, 912, 739, 505, 588, 
0, 558, 295, 993, 665, 717, 
0, 540, 293, 314, 735, 143, 
0, 426, 844, 361, 441, 567, 
0, 477, 520, 906, 964, 636, 
0, 914, 496, 213, 961, 233, 
0, 375, 815, 798, 180, 885, 
0, 900, 981, 506, 48, 388, 
0, 622, 266, 159, 407, 
0, 248, 962, 715, 930, 346, 188, 
0, 191, 313, 221, 50, 328, 
0, 292, 910, 381, 274, 240, 
0, 729, 299, 59, 820, 881, 788, 
0, 229, 414, 791, 834, 760, 
0, 549, 367, 211, 70, 673, 
0, 139, 973, 591, 108, 319, 
0, 561, 201, 141, 728, 155, 436, 
0, 645, 446, 803, 963, 
0, 638, 925, 385, 854, 136, 
0, 490, 164, 290, 
0, 595, 876, 794, 409, 217, 563, 
0, 116, 3, 433, 548, 499, 
0, 649, 922, 784, 335, 539, 
0, 449, 158, 280, 838, 342, 537, 
0, 955, 989, 572, 523, 850, 825, 
0, 35, 23, 994, 81, 892, 
0, 255, 79, 397, 310, 92, 
0, 430, 681, 421, 480, 49, 
0, 443, 664, 411, 237, 875, 339, 
0, 840, 979, 916, 52, 272, 
0, 569, 976, 10, 920, 228, 
0, 20, 232, 256, 334, 797, 
0, 37, 285, 779, 633, 
0, 489, 167, 468, 699, 
0, 873, 517, 300, 478, 
0, 927, 120, 812, 624, 557, 
0, 865, 298, 573, 741, 967, 
0, 513, 570, 817, 6, 62, 491, 
0, 975, 846, 889, 862, 952, 
0, 969, 278, 282, 772, 226, 
0, 461, 648, 544, 288, 
0, 702, 811, 657, 808, 389, 9, 
0, 398, 508, 401, 718, 907, 
0, 807, 686, 69, 458, 38, 625, 
0, 530, 601, 2, 792, 991, 
0, 148, 99, 871, 809, 107, 303, 
0, 851, 547, 140, 783, 
0, 495, 153, 34, 208, 263, 
0, 998, 281, 
0, 744, 146, 682, 762, 14, 726, 
0, 243, 668, 145, 917, 192, 
0, 632, 939, 776, 619, 514, 519, 
0, 250, 121, 712, 206, 771, 
0, 144, 542, 804, 806, 364, 507, 
0, 137, 929, 823, 693, 258, 
0, 740, 782, 821, 312, 497, 65, 
0, 218, 412, 675, 63, 802, 177, 
0, 766, 882, 813, 886, 98, 701, 
0, 348, 123, 457, 207, 594, 646, 
0, 154, 74, 653, 565, 533, 305, 
0, 379, 789, 94, 
0, 617, 498, 819, 684, 
0, 721, 737, 1000, 676, 142, 
0, 454, 466, 76, 316, 28, 43, 
0, 453, 816, 393, 678, 220, 
0, 115, 614, 580, 878, 330, 618, 
0, 368, 408, 801, 500, 643, 
0, 239, 524, 631, 357, 764, 
0, 884, 326, 608, 948, 5, 859, 
0, 947, 877, 260, 677, 899, 
0, 451, 1, 640, 327, 324, 863, 
0, 742, 371, 283, 391, 928, 7, 
0, 960, 78, 267, 988, 460, 773, 
0, 184, 942, 974, 479, 
