Solution: 198 239094.520000 298494.520000

0, 652, 750, 732, 885, 713, 
0, 891, 880, 178, 262, 297, 529, 
0, 17, 209, 852, 357, 773, 
0, 20, 232, 256, 334, 845, 
0, 765, 50, 221, 500, 216, 
0, 953, 614, 421, 64, 
0, 398, 962, 300, 478, 
0, 170, 210, 419, 362, 698, 
0, 229, 414, 791, 54, 301, 
0, 958, 734, 397, 620, 310, 
0, 549, 367, 211, 70, 673, 
0, 562, 664, 403, 841, 793, 
0, 997, 722, 352, 856, 97, 
0, 595, 876, 794, 409, 217, 563, 
0, 598, 187, 691, 323, 502, 
0, 150, 149, 883, 864, 110, 
0, 932, 844, 361, 703, 
0, 255, 743, 257, 644, 228, 
0, 931, 600, 681, 480, 49, 
0, 632, 520, 857, 741, 964, 967, 
0, 121, 31, 650, 988, 460, 526, 
0, 995, 597, 680, 672, 525, 768, 
0, 360, 913, 831, 358, 978, 
0, 473, 663, 959, 384, 186, 36, 
0, 279, 181, 678, 95, 890, 585, 
0, 936, 827, 251, 820, 881, 788, 
0, 914, 685, 737, 1000, 312, 65, 
0, 191, 408, 801, 185, 405, 
0, 939, 277, 32, 101, 
0, 950, 371, 283, 190, 928, 7, 
0, 426, 153, 34, 208, 908, 
0, 304, 986, 848, 246, 
0, 956, 139, 509, 174, 906, 982, 
0, 777, 871, 575, 582, 539, 
0, 580, 430, 878, 330, 219, 
0, 740, 960, 353, 6, 933, 303, 
0, 521, 608, 994, 81, 
0, 858, 919, 690, 67, 952, 
0, 957, 72, 796, 223, 147, 
0, 467, 800, 720, 165, 328, 
0, 865, 298, 124, 790, 610, 
0, 814, 758, 606, 179, 
0, 348, 424, 457, 892, 
0, 910, 198, 215, 437, 763, 26, 
0, 455, 888, 315, 100, 33, 96, 
0, 630, 19, 571, 972, 584, 152, 
0, 816, 278, 282, 324, 
0, 151, 4, 369, 893, 826, 733, 
0, 453, 128, 25, 22, 775, 755, 
0, 461, 739, 93, 302, 
0, 395, 781, 545, 659, 
0, 115, 336, 222, 787, 420, 138, 
0, 984, 782, 821, 431, 484, 
0, 375, 815, 798, 44, 450, 
0, 999, 285, 779, 340, 
0, 617, 980, 784, 335, 235, 
0, 927, 804, 806, 401, 795, 
0, 766, 882, 813, 886, 175, 481, 
0, 867, 898, 469, 259, 416, 
0, 309, 830, 543, 853, 896, 
0, 368, 709, 836, 82, 863, 
0, 331, 428, 207, 646, 594, 
0, 77, 778, 418, 692, 895, 
0, 661, 648, 351, 544, 588, 
0, 106, 456, 363, 89, 337, 
0, 230, 566, 241, 333, 527, 
0, 144, 189, 444, 541, 905, 835, 
0, 471, 621, 156, 200, 24, 
0, 754, 359, 671, 60, 669, 
0, 119, 196, 410, 470, 
0, 496, 266, 159, 
0, 29, 623, 679, 533, 305, 
0, 512, 789, 760, 482, 
0, 275, 649, 391, 
0, 227, 79, 700, 91, 
0, 736, 296, 607, 603, 658, 
0, 103, 173, 683, 459, 753, 532, 
0, 454, 466, 76, 316, 28, 
0, 113, 146, 415, 682, 762, 43, 
0, 873, 748, 723, 55, 711, 764, 
0, 129, 776, 203, 619, 212, 
0, 494, 365, 812, 624, 557, 
0, 248, 400, 517, 930, 715, 
0, 243, 668, 145, 917, 
0, 239, 629, 436, 62, 291, 
0, 590, 289, 922, 404, 797, 
0, 292, 376, 94, 860, 
0, 218, 446, 498, 423, 499, 
0, 133, 372, 88, 746, 317, 
0, 68, 870, 439, 407, 579, 
0, 126, 954, 40, 294, 193, 551, 
0, 486, 694, 503, 274, 240, 
0, 47, 554, 940, 30, 654, 745, 
0, 322, 670, 725, 556, 143, 
0, 402, 710, 66, 366, 258, 
0, 463, 759, 574, 308, 949, 
0, 697, 270, 983, 581, 442, 
0, 242, 123, 290, 783, 
0, 269, 555, 653, 311, 
0, 87, 832, 58, 636, 417, 
0, 224, 244, 104, 
0, 379, 901, 485, 834, 605, 
0, 552, 846, 889, 233, 
0, 738, 568, 346, 188, 131, 
0, 137, 513, 524, 168, 879, 
0, 786, 164, 140, 268, 
0, 828, 573, 396, 378, 
0, 744, 730, 447, 271, 238, 578, 
0, 86, 464, 837, 127, 514, 
0, 57, 120, 971, 992, 155, 491, 
0, 78, 201, 141, 728, 136, 
0, 3, 332, 483, 429, 83, 
0, 969, 18, 406, 254, 
0, 900, 981, 506, 48, 388, 
0, 195, 921, 531, 963, 177, 
0, 45, 721, 676, 688, 497, 142, 
0, 662, 522, 752, 565, 21, 
0, 645, 501, 425, 245, 546, 
0, 642, 12, 872, 98, 701, 
0, 925, 385, 854, 747, 90, 
0, 516, 1, 253, 448, 347, 943, 
0, 884, 326, 373, 948, 5, 859, 
0, 432, 929, 387, 604, 660, 
0, 199, 280, 838, 370, 342, 907, 
0, 558, 295, 993, 665, 717, 
0, 490, 547, 803, 550, 
0, 840, 979, 916, 52, 492, 
0, 504, 542, 985, 842, 102, 
0, 807, 770, 641, 519, 263, 
0, 11, 911, 10, 920, 731, 
0, 495, 823, 693, 476, 655, 
0, 380, 399, 267, 718, 
0, 172, 601, 2, 202, 937, 
0, 169, 204, 327, 107, 344, 903, 
0, 35, 686, 69, 458, 38, 625, 
0, 197, 631, 56, 945, 924, 951, 
0, 561, 515, 616, 774, 818, 
0, 704, 286, 714, 708, 287, 
0, 998, 281, 
0, 923, 570, 817, 422, 41, 
0, 702, 811, 657, 808, 389, 
0, 451, 724, 99, 433, 548, 
0, 577, 412, 851, 63, 802, 
0, 569, 976, 587, 130, 909, 
0, 915, 634, 756, 757, 265, 
0, 647, 615, 918, 382, 839, 537, 
0, 116, 538, 767, 234, 355, 
0, 518, 640, 440, 772, 182, 643, 
0, 477, 862, 356, 441, 567, 
0, 176, 824, 687, 849, 194, 
0, 184, 942, 572, 220, 479, 
0, 769, 264, 977, 307, 
0, 345, 666, 934, 214, 14, 726, 
0, 321, 411, 341, 780, 166, 
0, 530, 73, 8, 157, 
0, 247, 392, 583, 626, 42, 192, 
0, 716, 989, 393, 523, 833, 84, 
0, 449, 158, 696, 508, 364, 507, 
0, 622, 445, 261, 
0, 609, 938, 377, 288, 206, 771, 
0, 611, 689, 761, 465, 946, 118, 
0, 250, 394, 13, 205, 27, 656, 
0, 635, 53, 887, 705, 161, 
0, 947, 877, 260, 677, 899, 
0, 273, 586, 427, 589, 874, 
0, 125, 354, 252, 225, 596, 349, 
0, 154, 74, 612, 162, 306, 941, 
0, 540, 293, 314, 627, 735, 
0, 868, 37, 249, 163, 
0, 855, 996, 475, 413, 
0, 975, 213, 961, 637, 639, 
0, 489, 167, 468, 699, 
0, 955, 313, 974, 966, 226, 
0, 117, 284, 751, 707, 799, 987, 
0, 329, 435, 75, 613, 535, 553, 
0, 148, 843, 122, 114, 434, 
0, 510, 667, 926, 61, 706, 51, 
0, 23, 675, 819, 684, 
0, 742, 904, 85, 592, 171, 
0, 343, 112, 160, 438, 92, 
0, 749, 350, 276, 990, 105, 71, 
0, 390, 973, 591, 108, 319, 
0, 902, 318, 452, 134, 628, 
0, 638, 968, 935, 792, 991, 
0, 861, 944, 46, 536, 850, 825, 
0, 487, 847, 180, 39, 618, 
0, 15, 80, 719, 132, 
0, 970, 894, 443, 965, 712, 
0, 829, 338, 674, 805, 511, 
0, 534, 912, 505, 237, 875, 339, 
0, 472, 493, 16, 822, 462, 602, 
0, 651, 564, 236, 633, 272, 
0, 810, 528, 474, 488, 897, 109, 
0, 560, 695, 231, 135, 559, 320, 
0, 111, 325, 576, 809, 599, 785, 
0, 729, 299, 59, 183, 383, 9, 
0, 381, 386, 
0, 727, 866, 593, 869, 374, 
