Solution: 191 235827.942000 293127.942000

0, 521, 608, 213, 961, 637, 
0, 651, 53, 883, 864, 110, 
0, 230, 566, 341, 780, 403, 841, 
0, 455, 888, 315, 100, 33, 96, 
0, 57, 201, 141, 728, 62, 628, 
0, 445, 498, 819, 625, 
0, 740, 960, 88, 842, 102, 
0, 86, 832, 641, 127, 908, 
0, 275, 649, 391, 
0, 534, 912, 648, 237, 875, 339, 
0, 255, 743, 257, 700, 644, 
0, 467, 944, 861, 393, 833, 669, 
0, 490, 547, 803, 550, 
0, 360, 543, 853, 775, 755, 
0, 35, 20, 675, 784, 404, 909, 
0, 106, 198, 215, 720, 772, 585, 
0, 931, 750, 227, 556, 713, 
0, 140, 770, 174, 674, 511, 
0, 148, 847, 363, 44, 450, 
0, 642, 12, 606, 758, 179, 
0, 454, 940, 30, 654, 492, 
0, 150, 149, 926, 706, 61, 183, 
0, 969, 254, 714, 708, 287, 
0, 638, 19, 973, 591, 108, 319, 
0, 15, 80, 998, 712, 
0, 609, 938, 377, 104, 
0, 915, 1, 253, 548, 499, 
0, 154, 74, 447, 415, 525, 138, 
0, 974, 981, 483, 429, 83, 
0, 170, 210, 419, 362, 698, 
0, 380, 399, 401, 804, 527, 
0, 493, 196, 410, 470, 
0, 269, 555, 653, 311, 219, 
0, 375, 815, 798, 180, 532, 
0, 331, 428, 129, 854, 594, 646, 
0, 968, 959, 384, 186, 36, 
0, 461, 545, 789, 963, 
0, 45, 664, 411, 382, 839, 918, 
0, 229, 414, 791, 834, 760, 
0, 727, 232, 256, 63, 802, 
0, 449, 199, 280, 838, 342, 537, 
0, 402, 583, 715, 723, 711, 764, 
0, 385, 932, 356, 233, 
0, 495, 929, 823, 703, 436, 
0, 577, 724, 980, 869, 374, 235, 
0, 530, 73, 627, 182, 
0, 569, 976, 91, 165, 643, 
0, 395, 781, 351, 505, 684, 
0, 668, 392, 145, 346, 188, 907, 
0, 494, 568, 971, 992, 624, 557, 
0, 477, 919, 573, 514, 519, 
0, 513, 570, 722, 693, 258, 
0, 248, 400, 517, 930, 42, 55, 
0, 975, 846, 889, 862, 845, 
0, 921, 298, 124, 977, 859, 
0, 829, 338, 277, 101, 952, 
0, 552, 464, 837, 747, 90, 
0, 891, 564, 236, 178, 633, 272, 
0, 279, 181, 678, 523, 605, 
0, 702, 811, 657, 808, 389, 9, 
0, 239, 524, 817, 97, 
0, 661, 843, 935, 200, 24, 
0, 398, 508, 718, 988, 460, 773, 
0, 518, 18, 901, 531, 535, 553, 
0, 270, 710, 366, 387, 655, 
0, 343, 734, 202, 114, 434, 
0, 754, 686, 69, 458, 107, 38, 
0, 87, 520, 857, 741, 906, 982, 
0, 765, 313, 221, 500, 216, 
0, 151, 670, 725, 50, 328, 
0, 11, 112, 397, 310, 92, 
0, 997, 697, 476, 66, 442, 
0, 995, 730, 680, 672, 762, 745, 
0, 635, 751, 687, 271, 238, 578, 
0, 736, 296, 607, 806, 603, 507, 
0, 345, 666, 934, 214, 14, 726, 
0, 598, 187, 691, 323, 502, 
0, 184, 16, 506, 48, 966, 226, 
0, 729, 371, 283, 94, 860, 
0, 116, 538, 767, 234, 355, 
0, 376, 970, 894, 292, 381, 
0, 3, 99, 75, 324, 863, 
0, 172, 122, 2, 792, 991, 
0, 286, 810, 281, 
0, 865, 390, 373, 81, 147, 
0, 463, 759, 431, 933, 41, 
0, 989, 46, 536, 485, 850, 825, 
0, 197, 631, 56, 945, 924, 951, 
0, 243, 247, 300, 917, 626, 192, 
0, 309, 830, 972, 245, 896, 
0, 777, 871, 994, 639, 5, 
0, 923, 629, 432, 136, 
0, 195, 329, 659, 301, 
0, 115, 336, 430, 40, 388, 
0, 586, 466, 76, 316, 28, 43, 
0, 47, 554, 369, 893, 826, 733, 
0, 451, 350, 848, 32, 986, 
0, 456, 601, 8, 157, 937, 
0, 855, 996, 475, 413, 302, 
0, 617, 278, 282, 109, 60, 
0, 816, 942, 572, 220, 479, 
0, 595, 394, 13, 205, 793, 27, 
0, 191, 408, 836, 82, 405, 
0, 955, 800, 58, 437, 763, 
0, 910, 640, 435, 671, 448, 
0, 647, 615, 794, 409, 217, 563, 
0, 209, 365, 812, 155, 491, 
0, 77, 778, 418, 692, 895, 
0, 936, 299, 59, 820, 881, 788, 
0, 111, 325, 576, 575, 599, 785, 
0, 218, 412, 807, 433, 757, 
0, 630, 128, 25, 22, 584, 152, 
0, 510, 667, 231, 135, 559, 51, 
0, 103, 173, 683, 459, 193, 551, 
0, 512, 332, 440, 462, 822, 602, 
0, 472, 612, 162, 306, 941, 
0, 446, 866, 593, 334, 335, 
0, 453, 528, 474, 582, 809, 539, 
0, 786, 424, 821, 422, 312, 
0, 947, 877, 260, 677, 899, 
0, 522, 322, 752, 420, 768, 
0, 927, 120, 983, 581, 604, 660, 
0, 597, 222, 787, 294, 21, 
0, 914, 685, 737, 1000, 892, 303, 
0, 900, 293, 314, 735, 26, 
0, 348, 616, 774, 818, 308, 949, 
0, 113, 487, 480, 878, 753, 49, 
0, 868, 880, 190, 928, 7, 
0, 473, 663, 913, 831, 358, 978, 
0, 17, 52, 146, 682, 849, 194, 
0, 29, 623, 679, 330, 618, 
0, 119, 516, 261, 265, 
0, 954, 580, 681, 39, 885, 
0, 769, 264, 156, 307, 
0, 133, 372, 241, 333, 795, 131, 
0, 359, 634, 756, 347, 943, 
0, 958, 904, 160, 620, 438, 
0, 867, 898, 469, 259, 416, 
0, 125, 354, 252, 225, 596, 349, 
0, 716, 169, 406, 95, 890, 84, 
0, 858, 396, 276, 990, 571, 105, 
0, 632, 939, 776, 468, 699, 212, 
0, 549, 367, 211, 70, 673, 
0, 471, 621, 592, 378, 546, 
0, 78, 925, 153, 361, 441, 567, 
0, 158, 370, 267, 268, 
0, 704, 249, 262, 163, 
0, 744, 117, 887, 705, 340, 
0, 562, 876, 739, 544, 588, 
0, 540, 911, 10, 920, 228, 
0, 590, 289, 922, 423, 797, 177, 
0, 873, 962, 364, 478, 656, 
0, 489, 167, 488, 897, 967, 
0, 304, 203, 619, 246, 
0, 950, 689, 761, 465, 946, 383, 320, 
0, 956, 139, 85, 509, 171, 
0, 443, 782, 353, 515, 6, 166, 
0, 176, 284, 824, 707, 799, 987, 
0, 126, 814, 662, 565, 533, 305, 
0, 496, 266, 159, 407, 
0, 250, 121, 771, 206, 288, 
0, 321, 721, 676, 688, 497, 142, 
0, 426, 844, 34, 208, 263, 
0, 645, 501, 425, 805, 71, 
0, 840, 979, 916, 872, 98, 701, 
0, 504, 542, 985, 541, 905, 835, 
0, 953, 614, 421, 89, 337, 
0, 164, 326, 948, 207, 65, 
0, 902, 318, 452, 134, 291, 
0, 486, 694, 503, 274, 240, 
0, 742, 68, 870, 439, 964, 636, 
0, 558, 295, 993, 665, 717, 
0, 738, 748, 852, 357, 696, 
0, 828, 690, 67, 790, 610, 
0, 23, 851, 290, 783, 
0, 4, 600, 732, 64, 
0, 560, 695, 827, 251, 297, 529, 
0, 379, 622, 54, 719, 132, 
0, 561, 137, 856, 352, 168, 879, 
0, 766, 882, 813, 886, 175, 481, 
0, 273, 37, 427, 589, 874, 
0, 368, 709, 185, 801, 143, 
0, 144, 189, 444, 658, 118, 
0, 611, 31, 650, 746, 317, 526, 
0, 224, 244, 965, 386, 
0, 984, 242, 93, 482, 
0, 884, 123, 457, 574, 484, 
0, 957, 72, 796, 223, 579, 417, 
0, 749, 204, 327, 613, 344, 903, 
0, 652, 79, 587, 130, 731, 
0, 999, 285, 779, 161, 
