Solution: 194 237342.294000 295542.294000

0, 521, 20, 894, 115, 98, 95, 
0, 381, 406, 409, 986, 457, 128, 
0, 819, 195, 621, 242, 
0, 497, 211, 250, 292, 305, 
0, 486, 808, 789, 43, 665, 
0, 757, 993, 210, 50, 175, 
0, 8, 319, 718, 334, 709, 
0, 970, 987, 397, 209, 478, 926, 
0, 130, 460, 607, 652, 700, 825, 
0, 983, 960, 237, 428, 311, 
0, 476, 203, 962, 82, 228, 
0, 19, 937, 559, 34, 649, 404, 726, 
0, 566, 772, 352, 517, 11, 930, 
0, 199, 366, 805, 626, 542, 
0, 814, 925, 570, 436, 650, 
0, 908, 298, 973, 24, 587, 149, 
0, 761, 263, 977, 307, 
0, 723, 600, 282, 93, 169, 860, 
0, 519, 582, 198, 561, 216, 
0, 100, 743, 685, 268, 47, 
0, 741, 349, 274, 988, 105, 72, 
0, 112, 549, 142, 432, 
0, 686, 117, 261, 540, 558, 
0, 597, 872, 354, 16, 784, 31, 
0, 376, 676, 65, 
0, 273, 867, 857, 224, 
0, 18, 81, 129, 260, 797, 567, 
0, 443, 935, 378, 287, 196, 763, 254, 
0, 644, 616, 232, 550, 591, 
0, 166, 121, 415, 194, 978, 
0, 145, 461, 827, 126, 516, 524, 
0, 802, 6, 329, 441, 459, 604, 
0, 554, 244, 396, 
0, 403, 964, 834, 344, 508, 
0, 183, 907, 28, 767, 749, 
0, 850, 533, 472, 938, 146, 109, 
0, 470, 612, 158, 306, 854, 
0, 266, 560, 744, 310, 
0, 388, 929, 358, 442, 201, 
0, 680, 572, 509, 365, 531, 
0, 101, 835, 424, 690, 890, 
0, 924, 746, 972, 693, 828, 765, 
0, 21, 974, 593, 241, 891, 
0, 944, 836, 994, 984, 
0, 308, 820, 179, 846, 552, 
0, 884, 235, 866, 157, 
0, 615, 433, 777, 426, 
0, 640, 787, 440, 414, 562, 
0, 245, 120, 909, 785, 636, 206, 
0, 557, 838, 885, 168, 10, 
0, 234, 515, 137, 722, 62, 490, 
0, 355, 136, 108, 671, 
0, 635, 999, 102, 859, 110, 
0, 188, 918, 535, 348, 843, 815, 
0, 346, 617, 766, 197, 881, 
0, 125, 724, 669, 530, 511, 134, 
0, 87, 689, 576, 732, 634, 
0, 405, 877, 863, 637, 64, 
0, 155, 916, 150, 38, 99, 
0, 239, 664, 141, 184, 
0, 514, 326, 965, 314, 
0, 230, 876, 466, 258, 421, 
0, 496, 818, 123, 780, 610, 
0, 449, 299, 400, 68, 379, 231, 
0, 579, 518, 2, 541, 886, 588, 
0, 181, 164, 868, 364, 491, 
0, 611, 692, 503, 272, 236, 
0, 271, 369, 942, 159, 
0, 124, 840, 427, 536, 522, 
0, 905, 703, 276, 223, 85, 858, 
0, 488, 163, 601, 144, 383, 
0, 526, 395, 946, 52, 90, 
0, 829, 501, 430, 796, 513, 
0, 398, 659, 416, 384, 830, 914, 
0, 630, 694, 56, 575, 921, 949, 
0, 238, 280, 122, 913, 887, 
0, 589, 463, 705, 710, 502, 37, 
0, 494, 592, 477, 752, 720, 
0, 401, 46, 714, 96, 161, 139, 
0, 341, 751, 544, 1000, 138, 
0, 910, 361, 70, 30, 
0, 792, 545, 917, 826, 413, 
0, 952, 953, 915, 44, 327, 208, 
0, 955, 543, 226, 367, 467, 
0, 564, 625, 89, 764, 641, 
0, 958, 340, 603, 12, 154, 
0, 666, 602, 678, 480, 537, 
0, 33, 525, 849, 899, 966, 
0, 53, 284, 315, 
0, 633, 147, 931, 880, 995, 221, 
0, 106, 454, 73, 408, 113, 356, 
0, 577, 861, 595, 331, 901, 
0, 573, 79, 590, 903, 725, 
0, 495, 435, 363, 132, 
0, 474, 35, 737, 316, 532, 162, 
0, 140, 731, 779, 78, 180, 
0, 452, 41, 174, 262, 967, 534, 
0, 246, 817, 755, 810, 878, 778, 
0, 291, 362, 313, 229, 728, 
0, 698, 803, 651, 800, 394, 13, 
0, 243, 407, 520, 301, 
0, 285, 336, 320, 286, 118, 
0, 870, 740, 55, 708, 756, 
0, 618, 639, 324, 107, 345, 941, 
0, 729, 295, 734, 798, 786, 255, 
0, 189, 609, 455, 42, 904, 
0, 679, 288, 919, 855, 318, 788, 
0, 429, 727, 5, 783, 990, 
0, 847, 996, 473, 419, 853, 116, 
0, 458, 730, 92, 303, 
0, 251, 77, 256, 696, 642, 
0, 831, 979, 911, 76, 32, 697, 
0, 657, 247, 214, 750, 939, 
0, 619, 160, 135, 265, 
0, 758, 879, 806, 882, 171, 
0, 485, 332, 873, 259, 674, 
0, 922, 317, 450, 131, 947, 
0, 178, 492, 606, 869, 347, 
0, 956, 823, 791, 487, 892, 969, 
0, 489, 553, 795, 555, 
0, 717, 97, 980, 865, 375, 
0, 451, 809, 75, 667, 60, 304, 
0, 920, 267, 982, 584, 390, 
0, 410, 586, 711, 927, 45, 
0, 934, 300, 839, 59, 
0, 748, 4, 248, 447, 264, 
0, 735, 283, 681, 753, 736, 
0, 721, 222, 252, 63, 156, 412, 
0, 278, 943, 856, 528, 824, 86, 
0, 957, 330, 594, 510, 165, 
0, 954, 747, 294, 425, 816, 481, 
0, 656, 353, 527, 569, 23, 620, 
0, 580, 357, 393, 439, 
0, 148, 822, 883, 702, 871, 
0, 504, 548, 493, 546, 898, 
0, 218, 571, 811, 434, 483, 
0, 739, 15, 143, 
0, 647, 1, 91, 215, 684, 
0, 770, 312, 500, 49, 391, 
0, 207, 417, 799, 961, 499, 173, 
0, 392, 940, 975, 185, 968, 205, 
0, 172, 253, 813, 704, 790, 83, 
0, 769, 933, 760, 270, 
0, 471, 658, 959, 360, 387, 40, 
0, 989, 374, 338, 771, 411, 832, 
0, 936, 768, 335, 695, 951, 
0, 88, 762, 58, 801, 219, 
0, 111, 322, 578, 585, 775, 448, 
0, 998, 281, 
0, 114, 660, 167, 874, 745, 583, 
0, 7, 599, 677, 794, 17, 719, 
0, 193, 574, 529, 153, 912, 
0, 377, 971, 889, 382, 389, 
0, 103, 759, 682, 456, 186, 556, 
0, 807, 371, 888, 547, 
0, 464, 468, 484, 482, 
0, 328, 976, 127, 643, 596, 
0, 539, 906, 505, 296, 337, 225, 
0, 69, 950, 438, 754, 423, 
0, 631, 444, 275, 80, 36, 
0, 864, 776, 220, 565, 51, 
0, 445, 844, 289, 773, 
0, 133, 716, 351, 848, 875, 654, 
0, 213, 240, 202, 104, 
0, 26, 608, 277, 738, 25, 
0, 895, 629, 479, 699, 628, 
0, 469, 623, 170, 191, 27, 
0, 190, 279, 991, 372, 339, 900, 
0, 431, 812, 691, 475, 902, 
0, 655, 14, 627, 507, 29, 
0, 948, 688, 373, 462, 945, 385, 177, 
0, 57, 119, 845, 852, 359, 563, 
0, 862, 293, 841, 992, 661, 713, 
0, 217, 624, 781, 420, 54, 
0, 793, 182, 605, 833, 
0, 380, 851, 350, 465, 782, 
0, 733, 897, 402, 622, 309, 
0, 997, 707, 67, 368, 257, 
0, 893, 981, 506, 176, 325, 
0, 48, 715, 673, 687, 498, 66, 
0, 399, 551, 653, 9, 683, 
0, 290, 422, 200, 71, 670, 249, 
0, 370, 706, 84, 152, 321, 
0, 638, 701, 963, 227, 
0, 928, 742, 668, 538, 598, 
0, 418, 645, 192, 614, 342, 896, 
0, 446, 821, 523, 212, 581, 
0, 712, 323, 675, 94, 613, 
0, 39, 22, 672, 774, 333, 837, 
0, 646, 568, 386, 804, 632, 269, 
0, 453, 437, 3, 302, 
0, 512, 663, 923, 61, 297, 
0, 343, 662, 932, 204, 842, 985, 
0, 151, 74, 648, 233, 187, 
