Solution: 193 236460.000000 294360.000000

0, 741, 68, 258, 83, 
0, 840, 978, 918, 876, 91, 704, 
0, 174, 287, 688, 851, 190, 
0, 401, 780, 547, 7, 
0, 552, 846, 892, 745, 82, 
0, 577, 875, 619, 811, 233, 
0, 579, 513, 2, 470, 852, 824, 
0, 119, 554, 942, 30, 652, 825, 
0, 348, 665, 938, 272, 237, 580, 
0, 451, 549, 806, 863, 322, 411, 
0, 650, 34, 176, 264, 301, 527, 
0, 748, 611, 382, 98, 717, 256, 
0, 23, 228, 783, 873, 908, 845, 
0, 147, 6, 249, 219, 498, 137, 
0, 405, 571, 819, 90, 
0, 493, 923, 149, 205, 653, 
0, 49, 801, 210, 771, 645, 
0, 130, 931, 440, 566, 706, 
0, 869, 827, 574, 142, 
0, 345, 106, 157, 101, 798, 
0, 380, 626, 992, 664, 439, 
0, 682, 609, 605, 656, 707, 835, 
0, 50, 999, 937, 104, 112, 
0, 828, 849, 244, 984, 
0, 430, 618, 773, 965, 642, 59, 
0, 729, 354, 791, 235, 557, 
0, 647, 738, 300, 793, 
0, 492, 592, 843, 724, 715, 764, 
0, 44, 207, 298, 369, 700, 
0, 894, 755, 935, 67, 424, 
0, 491, 302, 854, 774, 756, 
0, 997, 699, 982, 584, 447, 
0, 472, 615, 159, 308, 862, 
0, 281, 179, 534, 822, 464, 604, 
0, 737, 569, 860, 505, 349, 
0, 138, 543, 842, 541, 96, 
0, 838, 449, 278, 622, 519, 
0, 989, 400, 236, 879, 416, 230, 
0, 42, 914, 736, 1000, 410, 841, 
0, 871, 900, 286, 86, 391, 901, 
0, 352, 118, 461, 575, 888, 
0, 708, 883, 468, 930, 260, 
0, 335, 320, 457, 129, 
0, 516, 947, 864, 677, 522, 588, 
0, 143, 297, 850, 11, 28, 
0, 325, 723, 675, 690, 61, 293, 
0, 378, 739, 790, 338, 525, 257, 
0, 508, 226, 128, 57, 710, 48, 
0, 963, 357, 413, 436, 314, 
0, 218, 243, 969, 290, 
0, 689, 202, 331, 462, 351, 945, 
0, 621, 853, 488, 629, 
0, 720, 186, 693, 327, 273, 
0, 484, 339, 261, 676, 907, 
0, 166, 375, 896, 542, 703, 
0, 385, 406, 409, 986, 124, 162, 
0, 891, 21, 903, 252, 893, 75, 
0, 360, 259, 695, 127, 631, 
0, 193, 370, 53, 572, 927, 952, 
0, 536, 768, 231, 274, 
0, 311, 829, 184, 389, 544, 
0, 486, 678, 81, 154, 
0, 660, 521, 751, 555, 531, 
0, 358, 47, 215, 204, 556, 
0, 459, 589, 433, 114, 960, 
0, 480, 832, 890, 709, 342, 
0, 561, 303, 19, 847, 181, 788, 
0, 765, 749, 669, 199, 
0, 812, 902, 802, 183, 630, 
0, 777, 117, 4, 794, 990, 
0, 79, 192, 372, 108, 361, 
0, 578, 848, 627, 36, 887, 
0, 208, 289, 718, 284, 185, 
0, 929, 753, 698, 991, 628, 558, 
0, 69, 928, 390, 170, 641, 
0, 872, 786, 866, 593, 727, 
0, 471, 624, 172, 383, 548, 
0, 276, 649, 3, 305, 
0, 940, 247, 398, 
0, 146, 145, 452, 524, 507, 131, 
0, 182, 944, 974, 877, 211, 
0, 620, 250, 528, 353, 667, 
0, 731, 600, 377, 466, 232, 
0, 94, 750, 711, 800, 985, 
0, 198, 135, 356, 730, 58, 
0, 246, 407, 515, 933, 38, 52, 
0, 126, 116, 722, 125, 
0, 803, 187, 448, 477, 761, 504, 
0, 639, 288, 778, 227, 
0, 740, 63, 874, 217, 754, 638, 
0, 403, 746, 165, 414, 87, 88, 
0, 559, 817, 799, 178, 530, 
0, 100, 460, 66, 408, 41, 455, 
0, 955, 514, 680, 733, 517, 446, 
0, 496, 674, 820, 539, 323, 
0, 681, 419, 810, 964, 804, 175, 
0, 925, 113, 643, 453, 347, 553, 
0, 635, 941, 775, 977, 209, 26, 
0, 20, 663, 921, 881, 334, 213, 
0, 598, 880, 359, 16, 795, 640, 
0, 420, 499, 431, 509, 613, 
0, 454, 195, 282, 376, 344, 535, 
0, 972, 713, 590, 123, 910, 
0, 957, 987, 573, 214, 478, 932, 
0, 540, 911, 13, 924, 222, 
0, 294, 381, 973, 998, 203, 770, 
0, 494, 922, 402, 153, 387, 
0, 743, 111, 371, 95, 560, 
0, 725, 92, 438, 550, 
0, 625, 450, 263, 
0, 562, 781, 760, 567, 428, 37, 
0, 570, 70, 404, 312, 84, 
0, 105, 365, 636, 757, 758, 266, 
0, 212, 441, 85, 350, 685, 
0, 966, 666, 139, 262, 868, 
0, 326, 668, 670, 60, 
0, 614, 696, 500, 861, 
0, 458, 818, 43, 399, 834, 
0, 779, 315, 502, 45, 393, 
0, 959, 329, 776, 576, 144, 56, 
0, 425, 374, 946, 306, 
0, 270, 565, 24, 296, 307, 
0, 971, 939, 417, 469, 
0, 168, 603, 426, 694, 897, 
0, 224, 512, 240, 744, 319, 
0, 532, 912, 648, 546, 591, 
0, 110, 797, 55, 442, 865, 
0, 473, 366, 913, 364, 395, 
0, 958, 833, 953, 89, 161, 332, 
0, 463, 355, 657, 967, 607, 
0, 884, 267, 156, 
0, 241, 283, 292, 895, 
0, 238, 510, 523, 9, 936, 
0, 886, 975, 122, 855, 8, 859, 
0, 637, 732, 671, 423, 490, 
0, 983, 520, 857, 968, 905, 981, 
0, 735, 299, 807, 809, 728, 654, 
0, 917, 687, 979, 35, 497, 
0, 330, 632, 255, 155, 782, 
0, 5, 599, 679, 805, 17, 970, 
0, 225, 422, 792, 51, 93, 616, 
0, 766, 815, 318, 29, 158, 
0, 785, 346, 537, 483, 309, 950, 
0, 956, 526, 279, 943, 867, 103, 
0, 295, 367, 316, 234, 734, 
0, 823, 373, 392, 606, 658, 
0, 109, 617, 582, 529, 479, 46, 
0, 994, 545, 140, 683, 995, 
0, 948, 363, 71, 32, 
0, 904, 437, 368, 229, 
0, 191, 333, 762, 482, 
0, 644, 14, 141, 889, 173, 481, 
0, 77, 201, 467, 701, 265, 
0, 397, 610, 379, 949, 
0, 551, 341, 712, 64, 672, 33, 
0, 107, 767, 169, 684, 752, 583, 
0, 394, 980, 285, 763, 328, 
0, 78, 465, 837, 120, 511, 
0, 961, 661, 962, 830, 623, 
0, 310, 686, 133, 200, 269, 
0, 659, 121, 277, 988, 99, 65, 
0, 697, 826, 248, 821, 885, 324, 
0, 705, 813, 655, 12, 396, 
0, 132, 506, 596, 196, 27, 
0, 206, 747, 634, 164, 882, 
0, 242, 245, 304, 171, 
0, 915, 194, 612, 151, 503, 
0, 563, 662, 418, 388, 839, 920, 
0, 31, 742, 268, 721, 906, 772, 
0, 691, 951, 386, 275, 239, 
0, 538, 336, 444, 434, 74, 
0, 54, 115, 814, 716, 152, 489, 
0, 633, 22, 134, 595, 102, 898, 
0, 188, 415, 836, 73, 412, 
0, 856, 996, 474, 421, 160, 10, 
0, 337, 76, 25, 587, 148, 
0, 581, 362, 167, 443, 
0, 501, 475, 80, 343, 919, 136, 
0, 495, 216, 253, 427, 40, 
0, 858, 831, 518, 487, 899, 954, 
0, 254, 1, 726, 340, 177, 
0, 934, 602, 221, 702, 646, 
0, 878, 586, 485, 719, 189, 
0, 223, 384, 789, 317, 251, 
0, 280, 163, 585, 601, 784, 
0, 97, 816, 759, 608, 180, 220, 
0, 18, 72, 916, 796, 15, 808, 564, 
0, 456, 39, 870, 597, 533, 
0, 150, 435, 651, 787, 313, 
0, 976, 769, 692, 673, 321, 
0, 714, 271, 62, 476, 909, 
0, 594, 291, 926, 429, 197, 
0, 432, 844, 993, 445, 568, 
