Solution: 193 237753.264000 295653.264000

0, 739, 294, 425, 816, 736, 
0, 729, 295, 652, 546, 898, 825, 
0, 476, 818, 68, 212, 
0, 539, 505, 350, 465, 782, 
0, 877, 299, 400, 780, 610, 
0, 910, 361, 667, 30, 345, 941, 
0, 954, 549, 142, 32, 632, 
0, 234, 515, 529, 153, 914, 
0, 646, 568, 230, 174, 297, 534, 
0, 624, 445, 261, 
0, 494, 592, 834, 344, 708, 756, 
0, 893, 981, 506, 49, 391, 
0, 971, 889, 290, 382, 674, 
0, 285, 336, 710, 705, 286, 
0, 723, 600, 466, 258, 421, 
0, 647, 77, 215, 668, 216, 
0, 934, 300, 462, 853, 
0, 381, 406, 409, 986, 457, 
0, 870, 740, 991, 372, 66, 
0, 88, 444, 195, 621, 307, 
0, 635, 999, 880, 995, 
0, 87, 689, 576, 899, 581, 
0, 514, 326, 535, 302, 
0, 101, 835, 424, 690, 890, 
0, 657, 319, 744, 538, 598, 
0, 908, 298, 973, 24, 587, 149, 
0, 733, 21, 974, 593, 108, 891, 
0, 884, 235, 866, 157, 
0, 814, 150, 38, 570, 436, 
0, 133, 925, 479, 812, 699, 
0, 399, 906, 730, 653, 173, 
0, 355, 982, 584, 390, 650, 
0, 405, 863, 857, 637, 90, 
0, 742, 676, 65, 
0, 486, 808, 789, 367, 356, 
0, 958, 727, 402, 439, 393, 
0, 712, 392, 143, 94, 886, 588, 
0, 920, 574, 351, 848, 875, 654, 
0, 579, 417, 844, 855, 318, 
0, 735, 724, 681, 753, 491, 
0, 124, 353, 247, 214, 500, 139, 
0, 924, 607, 460, 798, 720, 
0, 953, 433, 44, 697, 
0, 155, 190, 137, 722, 62, 490, 
0, 799, 288, 919, 614, 540, 558, 
0, 452, 432, 386, 804, 118, 967, 
0, 630, 694, 691, 368, 257, 
0, 512, 817, 246, 755, 839, 13, 
0, 111, 2, 518, 248, 342, 926, 
0, 876, 747, 669, 530, 511, 134, 
0, 343, 662, 932, 268, 17, 719, 
0, 559, 937, 34, 649, 404, 726, 
0, 251, 79, 256, 696, 642, 
0, 443, 935, 378, 287, 196, 254, 
0, 948, 573, 590, 84, 413, 725, 
0, 633, 147, 923, 61, 565, 51, 
0, 655, 14, 627, 507, 29, 
0, 183, 907, 846, 767, 749, 
0, 217, 380, 781, 420, 54, 
0, 57, 746, 972, 693, 828, 900, 
0, 847, 996, 473, 419, 389, 
0, 918, 117, 639, 447, 60, 264, 
0, 151, 74, 648, 560, 364, 
0, 330, 594, 170, 966, 
0, 140, 734, 279, 339, 532, 
0, 819, 768, 977, 242, 
0, 6, 75, 578, 146, 887, 
0, 802, 291, 263, 516, 524, 
0, 758, 879, 806, 882, 171, 
0, 850, 533, 472, 223, 107, 788, 
0, 451, 703, 276, 801, 219, 775, 
0, 631, 936, 275, 335, 695, 
0, 495, 916, 994, 984, 
0, 928, 602, 678, 480, 522, 
0, 688, 373, 963, 227, 
0, 640, 787, 440, 414, 562, 
0, 955, 349, 274, 988, 552, 
0, 114, 660, 915, 250, 426, 187, 
0, 680, 572, 509, 365, 531, 
0, 580, 510, 357, 165, 
0, 266, 677, 794, 221, 
0, 26, 821, 438, 754, 896, 
0, 952, 615, 427, 536, 43, 620, 
0, 897, 933, 5, 783, 
0, 983, 496, 277, 962, 738, 
0, 793, 182, 605, 833, 700, 
0, 271, 369, 396, 159, 
0, 449, 717, 97, 980, 348, 665, 
0, 238, 280, 92, 482, 
0, 245, 120, 81, 129, 260, 860, 
0, 127, 461, 827, 126, 144, 
0, 464, 987, 397, 541, 843, 815, 
0, 278, 943, 856, 528, 824, 86, 
0, 239, 664, 141, 763, 
0, 19, 199, 845, 852, 359, 563, 
0, 178, 492, 606, 869, 347, 
0, 698, 803, 651, 800, 394, 
0, 611, 692, 503, 272, 236, 
0, 458, 551, 296, 265, 
0, 181, 868, 911, 76, 315, 
0, 33, 950, 58, 938, 109, 383, 
0, 564, 840, 992, 661, 713, 
0, 656, 769, 121, 194, 978, 
0, 130, 909, 785, 232, 337, 225, 
0, 644, 616, 416, 384, 830, 636, 
0, 809, 940, 975, 185, 968, 205, 
0, 69, 430, 796, 36, 
0, 218, 731, 237, 737, 316, 255, 
0, 403, 964, 477, 752, 508, 
0, 78, 922, 388, 197, 132, 
0, 721, 222, 252, 63, 192, 
0, 619, 160, 289, 913, 773, 
0, 148, 822, 883, 702, 871, 
0, 243, 407, 520, 301, 184, 
0, 283, 743, 685, 842, 47, 
0, 470, 612, 158, 306, 854, 
0, 707, 267, 67, 475, 902, 
0, 851, 761, 123, 671, 513, 
0, 119, 366, 805, 626, 765, 
0, 53, 284, 102, 59, 
0, 446, 861, 595, 331, 333, 
0, 597, 659, 338, 771, 411, 162, 
0, 864, 663, 220, 810, 878, 778, 
0, 376, 625, 89, 459, 604, 
0, 566, 517, 751, 1000, 912, 542, 
0, 748, 324, 70, 455, 42, 
0, 374, 960, 352, 11, 930, 304, 
0, 103, 759, 682, 456, 745, 583, 
0, 686, 543, 760, 226, 270, 
0, 989, 398, 16, 832, 784, 31, 
0, 18, 872, 354, 206, 797, 567, 
0, 418, 437, 942, 180, 
0, 112, 497, 167, 777, 310, 208, 
0, 672, 22, 82, 52, 412, 904, 
0, 792, 545, 917, 826, 903, 
0, 125, 807, 527, 750, 305, 939, 
0, 521, 20, 894, 468, 484, 
0, 829, 762, 523, 487, 892, 634, 
0, 504, 548, 493, 786, 128, 
0, 905, 501, 136, 241, 105, 72, 
0, 166, 603, 12, 154, 
0, 589, 463, 320, 502, 269, 
0, 48, 715, 673, 687, 498, 
0, 862, 46, 362, 313, 229, 728, 
0, 557, 838, 885, 168, 10, 
0, 998, 281, 
0, 831, 979, 15, 303, 
0, 273, 39, 714, 152, 321, 
0, 757, 1, 684, 91, 
0, 471, 658, 959, 360, 387, 40, 
0, 618, 329, 441, 764, 176, 
0, 741, 189, 609, 85, 858, 448, 
0, 106, 454, 73, 408, 113, 423, 
0, 401, 453, 314, 98, 37, 95, 
0, 188, 323, 675, 209, 478, 
0, 377, 240, 202, 104, 550, 591, 
0, 346, 341, 122, 766, 881, 
0, 770, 312, 210, 50, 325, 
0, 164, 371, 888, 547, 481, 
0, 145, 293, 841, 415, 467, 
0, 429, 340, 622, 309, 990, 
0, 526, 395, 608, 946, 156, 
0, 172, 253, 813, 704, 790, 83, 
0, 970, 645, 3, 9, 683, 
0, 956, 823, 791, 96, 161, 641, 
0, 957, 322, 867, 585, 375, 228, 
0, 638, 701, 282, 93, 945, 385, 177, 
0, 554, 41, 244, 262, 
0, 8, 569, 23, 292, 186, 556, 
0, 474, 35, 779, 571, 428, 138, 
0, 469, 623, 28, 379, 231, 
0, 944, 435, 363, 224, 
0, 679, 4, 961, 965, 499, 
0, 489, 553, 795, 555, 
0, 997, 716, 56, 575, 921, 949, 
0, 100, 776, 931, 859, 110, 
0, 328, 976, 203, 596, 643, 
0, 485, 332, 873, 259, 169, 116, 
0, 370, 706, 718, 334, 175, 
0, 519, 582, 874, 327, 537, 
0, 135, 525, 849, 732, 64, 
0, 308, 820, 179, 191, 27, 
0, 207, 577, 774, 865, 901, 837, 
0, 410, 586, 711, 927, 45, 55, 
0, 7, 599, 211, 233, 204, 985, 
0, 193, 929, 358, 442, 201, 
0, 431, 836, 80, 99, 25, 
0, 213, 772, 811, 434, 483, 947, 
0, 200, 422, 71, 670, 249, 613, 
0, 895, 617, 544, 311, 
0, 115, 666, 993, 198, 561, 709, 
0, 488, 163, 601, 969, 951, 
0, 317, 629, 450, 131, 628, 
