Solution: 194 237621.930000 295821.930000

0, 304, 167, 637, 639, 90, 
0, 426, 844, 34, 208, 263, 
0, 910, 204, 483, 429, 83, 
0, 467, 989, 393, 536, 850, 825, 
0, 398, 971, 696, 992, 155, 
0, 516, 1, 253, 613, 535, 553, 
0, 891, 367, 708, 70, 673, 
0, 766, 882, 813, 886, 175, 481, 
0, 547, 851, 63, 948, 5, 859, 
0, 642, 12, 872, 76, 118, 
0, 902, 932, 356, 101, 952, 
0, 343, 734, 836, 337, 
0, 275, 649, 94, 
0, 87, 843, 418, 114, 937, 
0, 651, 37, 146, 682, 762, 849, 
0, 956, 139, 509, 592, 171, 
0, 638, 412, 675, 784, 539, 404, 
0, 472, 758, 606, 179, 
0, 661, 664, 411, 237, 875, 339, 
0, 969, 634, 756, 450, 344, 903, 
0, 925, 318, 452, 134, 628, 
0, 923, 570, 817, 879, 97, 
0, 549, 249, 190, 163, 
0, 309, 830, 36, 186, 543, 
0, 765, 750, 227, 885, 228, 
0, 975, 385, 823, 153, 
0, 473, 663, 913, 831, 202, 978, 
0, 144, 542, 658, 842, 102, 
0, 552, 846, 889, 233, 908, 
0, 921, 119, 640, 448, 347, 60, 
0, 11, 709, 587, 130, 909, 
0, 154, 74, 612, 162, 306, 941, 
0, 477, 862, 277, 986, 
0, 255, 79, 397, 310, 92, 
0, 486, 694, 503, 274, 240, 
0, 35, 686, 980, 834, 605, 
0, 443, 938, 377, 104, 
0, 176, 284, 824, 707, 799, 987, 
0, 868, 999, 883, 864, 161, 
0, 53, 285, 779, 110, 
0, 15, 80, 719, 132, 
0, 116, 196, 410, 692, 895, 
0, 997, 722, 352, 856, 924, 951, 
0, 376, 894, 244, 965, 544, 388, 
0, 368, 540, 920, 82, 863, 
0, 279, 181, 531, 963, 177, 
0, 86, 832, 857, 223, 579, 
0, 133, 372, 341, 780, 403, 166, 
0, 984, 242, 93, 302, 
0, 562, 394, 13, 841, 205, 27, 
0, 685, 326, 308, 268, 
0, 148, 724, 99, 433, 548, 303, 
0, 518, 944, 861, 678, 523, 
0, 453, 298, 124, 977, 307, 
0, 150, 149, 926, 61, 706, 51, 
0, 198, 215, 437, 165, 143, 
0, 375, 679, 89, 772, 
0, 129, 464, 837, 127, 147, 
0, 521, 608, 994, 81, 
0, 931, 600, 732, 64, 
0, 184, 974, 16, 100, 
0, 558, 295, 717, 44, 434, 
0, 449, 120, 838, 508, 188, 907, 
0, 498, 819, 803, 625, 550, 
0, 106, 538, 122, 2, 792, 991, 
0, 630, 19, 276, 990, 571, 755, 
0, 218, 446, 720, 182, 643, 
0, 939, 776, 338, 514, 519, 
0, 158, 280, 267, 988, 460, 
0, 900, 293, 314, 735, 26, 
0, 111, 325, 576, 582, 599, 785, 
0, 855, 996, 475, 413, 
0, 560, 695, 827, 251, 297, 529, 
0, 286, 211, 391, 928, 7, 
0, 998, 281, 
0, 702, 811, 657, 808, 389, 9, 
0, 380, 399, 401, 718, 131, 
0, 348, 123, 457, 574, 484, 
0, 137, 929, 983, 581, 442, 
0, 689, 950, 292, 381, 860, 
0, 113, 847, 798, 993, 665, 
0, 858, 919, 573, 741, 906, 
0, 170, 210, 419, 362, 698, 
0, 239, 513, 524, 168, 660, 
0, 911, 112, 160, 438, 731, 
0, 17, 940, 554, 30, 654, 826, 733, 
0, 611, 189, 444, 541, 905, 835, 
0, 273, 586, 427, 589, 874, 
0, 810, 778, 935, 470, 
0, 456, 601, 8, 157, 
0, 915, 359, 69, 38, 499, 
0, 595, 876, 794, 409, 217, 563, 
0, 3, 332, 440, 462, 822, 602, 
0, 243, 668, 145, 771, 
0, 947, 877, 260, 677, 
0, 199, 370, 342, 333, 795, 
0, 884, 770, 488, 897, 967, 
0, 716, 169, 406, 95, 98, 33, 
0, 454, 466, 323, 502, 272, 
0, 151, 187, 691, 254, 833, 84, 
0, 710, 270, 693, 703, 655, 
0, 761, 598, 371, 465, 946, 383, 183, 
0, 807, 20, 232, 334, 335, 235, 
0, 504, 31, 985, 88, 793, 656, 
0, 402, 583, 626, 715, 346, 
0, 451, 128, 973, 245, 591, 319, 
0, 736, 296, 607, 806, 603, 507, 
0, 704, 564, 714, 287, 633, 
0, 957, 72, 796, 439, 964, 636, 
0, 953, 954, 40, 193, 420, 768, 
0, 614, 815, 180, 39, 328, 
0, 490, 164, 290, 684, 
0, 395, 781, 545, 54, 301, 
0, 738, 568, 852, 357, 773, 
0, 247, 392, 917, 930, 42, 192, 
0, 510, 667, 231, 135, 559, 320, 
0, 512, 414, 791, 482, 
0, 530, 73, 234, 767, 355, 
0, 57, 201, 141, 728, 62, 491, 
0, 45, 914, 737, 1000, 892, 
0, 494, 748, 723, 55, 711, 764, 
0, 645, 828, 690, 396, 546, 
0, 496, 266, 159, 407, 
0, 632, 350, 425, 790, 610, 
0, 569, 976, 10, 627, 417, 
0, 369, 893, 52, 492, 745, 
0, 125, 354, 252, 225, 596, 349, 
0, 29, 623, 363, 91, 
0, 590, 289, 922, 423, 802, 669, 
0, 461, 786, 424, 431, 933, 41, 
0, 840, 979, 916, 316, 28, 43, 
0, 140, 278, 282, 763, 324, 
0, 749, 609, 206, 288, 899, 
0, 68, 870, 174, 674, 511, 
0, 816, 942, 572, 220, 479, 
0, 561, 782, 566, 241, 6, 142, 
0, 647, 615, 918, 382, 839, 537, 
0, 995, 730, 680, 447, 415, 194, 
0, 172, 959, 358, 620, 
0, 487, 681, 421, 480, 49, 
0, 321, 721, 676, 688, 497, 65, 
0, 495, 432, 361, 441, 567, 
0, 769, 264, 156, 108, 
0, 777, 871, 256, 783, 291, 
0, 331, 428, 213, 854, 594, 646, 
0, 463, 629, 436, 136, 
0, 224, 648, 351, 659, 
0, 250, 121, 712, 386, 
0, 927, 804, 650, 746, 317, 526, 
0, 455, 888, 789, 315, 
0, 631, 697, 387, 366, 258, 
0, 78, 616, 818, 774, 207, 949, 
0, 248, 400, 517, 300, 
0, 740, 960, 353, 515, 527, 
0, 936, 299, 59, 820, 881, 788, 
0, 754, 327, 75, 757, 265, 
0, 209, 365, 812, 624, 557, 
0, 46, 981, 506, 48, 966, 226, 
0, 489, 641, 468, 699, 212, 
0, 191, 408, 801, 185, 405, 
0, 635, 751, 687, 271, 238, 578, 
0, 47, 814, 662, 565, 21, 618, 
0, 23, 520, 67, 378, 982, 
0, 115, 597, 222, 294, 787, 551, 
0, 652, 670, 725, 500, 216, 
0, 580, 430, 878, 330, 219, 
0, 493, 968, 384, 200, 24, 
0, 345, 666, 934, 214, 14, 726, 
0, 103, 173, 683, 459, 753, 532, 
0, 743, 77, 257, 700, 644, 
0, 126, 336, 653, 555, 311, 
0, 471, 621, 25, 775, 896, 
0, 970, 501, 805, 848, 32, 
0, 577, 866, 593, 869, 374, 
0, 197, 56, 66, 476, 604, 945, 
0, 829, 203, 619, 246, 
0, 873, 962, 364, 478, 
0, 269, 322, 752, 533, 305, 
0, 742, 360, 853, 972, 105, 71, 
0, 195, 329, 485, 760, 
0, 865, 390, 373, 961, 747, 
0, 729, 283, 898, 469, 259, 416, 
0, 622, 445, 261, 
0, 534, 912, 739, 505, 588, 
0, 229, 379, 901, 18, 890, 585, 
0, 867, 528, 474, 575, 109, 845, 
0, 4, 522, 672, 525, 138, 
0, 958, 904, 85, 22, 584, 152, 
0, 617, 435, 671, 458, 107, 797, 
0, 880, 236, 178, 262, 96, 701, 
0, 230, 759, 821, 422, 312, 
0, 727, 800, 58, 809, 943, 
0, 744, 117, 887, 705, 340, 
0, 955, 313, 221, 50, 556, 713, 
