Solution: 195 239065.638000 297565.638000

0, 304, 203, 848, 246, 
0, 273, 880, 272, 946, 118, 
0, 87, 295, 8, 157, 
0, 23, 851, 290, 783, 
0, 37, 285, 340, 633, 
0, 15, 80, 719, 132, 
0, 243, 247, 300, 
0, 727, 232, 256, 63, 802, 
0, 512, 351, 659, 963, 669, 
0, 956, 139, 85, 509, 171, 
0, 103, 173, 683, 459, 193, 551, 
0, 113, 940, 30, 654, 76, 
0, 865, 520, 857, 741, 906, 
0, 577, 724, 980, 869, 374, 235, 
0, 891, 146, 779, 415, 492, 
0, 321, 721, 676, 688, 497, 65, 
0, 561, 137, 856, 352, 168, 879, 
0, 923, 270, 66, 476, 442, 
0, 689, 950, 292, 381, 386, 
0, 569, 976, 587, 130, 731, 
0, 927, 120, 56, 945, 924, 951, 
0, 111, 325, 576, 575, 599, 785, 
0, 494, 748, 723, 55, 711, 764, 
0, 969, 278, 282, 109, 60, 
0, 490, 547, 803, 625, 550, 
0, 558, 847, 993, 665, 717, 
0, 170, 210, 419, 362, 698, 
0, 521, 608, 213, 961, 637, 
0, 368, 709, 185, 627, 417, 
0, 224, 244, 965, 544, 684, 
0, 597, 222, 271, 238, 578, 
0, 360, 543, 853, 775, 755, 
0, 172, 122, 202, 114, 937, 
0, 974, 942, 572, 220, 479, 
0, 57, 201, 141, 728, 155, 491, 
0, 463, 759, 431, 933, 41, 
0, 749, 204, 327, 613, 344, 903, 
0, 910, 198, 720, 772, 182, 
0, 855, 996, 475, 413, 
0, 455, 888, 315, 100, 
0, 997, 710, 693, 823, 908, 
0, 761, 598, 190, 928, 7, 
0, 471, 621, 592, 407, 982, 
0, 473, 663, 913, 831, 358, 978, 
0, 86, 832, 641, 514, 127, 
0, 630, 128, 25, 22, 584, 152, 
0, 375, 815, 798, 180, 532, 
0, 953, 614, 421, 89, 337, 
0, 11, 112, 836, 82, 405, 
0, 495, 432, 703, 233, 
0, 651, 564, 236, 178, 297, 320, 
0, 652, 79, 397, 310, 92, 
0, 398, 508, 718, 988, 460, 
0, 140, 770, 174, 674, 511, 
0, 661, 187, 691, 323, 502, 
0, 931, 750, 227, 556, 713, 
0, 248, 400, 517, 930, 42, 
0, 451, 19, 973, 591, 108, 319, 
0, 467, 944, 861, 393, 833, 84, 
0, 279, 181, 678, 523, 605, 
0, 309, 830, 972, 245, 896, 
0, 255, 743, 257, 700, 644, 
0, 638, 487, 480, 878, 753, 49, 
0, 218, 412, 807, 433, 265, 
0, 343, 734, 314, 735, 26, 
0, 958, 904, 160, 620, 438, 
0, 609, 938, 377, 104, 
0, 858, 396, 276, 990, 571, 105, 
0, 414, 791, 94, 860, 
0, 738, 568, 971, 696, 838, 
0, 435, 332, 440, 462, 822, 602, 
0, 449, 158, 280, 370, 342, 131, 
0, 445, 261, 303, 
0, 380, 399, 401, 804, 527, 
0, 868, 926, 61, 706, 51, 
0, 53, 887, 672, 14, 768, 
0, 230, 566, 341, 839, 142, 
0, 461, 545, 789, 834, 
0, 29, 623, 679, 330, 219, 
0, 530, 601, 2, 792, 991, 
0, 493, 196, 410, 470, 
0, 269, 555, 653, 311, 
0, 35, 20, 675, 784, 404, 909, 
0, 936, 299, 59, 529, 383, 9, 
0, 348, 616, 774, 818, 308, 949, 
0, 250, 121, 712, 206, 771, 
0, 716, 169, 406, 95, 890, 585, 
0, 668, 392, 145, 346, 188, 907, 
0, 402, 583, 626, 917, 715, 192, 
0, 293, 215, 83, 165, 143, 
0, 133, 372, 241, 333, 795, 
0, 443, 782, 353, 515, 6, 166, 
0, 914, 685, 737, 1000, 892, 
0, 562, 394, 13, 205, 793, 656, 
0, 197, 365, 812, 624, 557, 
0, 786, 424, 821, 422, 312, 
0, 884, 123, 457, 574, 484, 
0, 540, 911, 10, 920, 228, 
0, 744, 284, 824, 707, 799, 987, 
0, 239, 524, 817, 97, 660, 
0, 645, 350, 156, 790, 610, 
0, 642, 12, 606, 758, 179, 
0, 426, 844, 34, 208, 655, 
0, 4, 600, 732, 64, 
0, 446, 866, 593, 334, 335, 
0, 590, 289, 922, 423, 499, 291, 
0, 148, 843, 935, 200, 24, 
0, 900, 981, 483, 429, 643, 
0, 504, 542, 985, 541, 905, 835, 
0, 345, 666, 934, 705, 161, 
0, 125, 354, 252, 225, 596, 349, 
0, 47, 554, 369, 893, 826, 733, 
0, 229, 379, 54, 301, 673, 
0, 702, 811, 657, 808, 389, 
0, 126, 814, 522, 565, 21, 618, 
0, 144, 189, 444, 658, 
0, 78, 925, 153, 361, 441, 567, 
0, 968, 959, 384, 186, 36, 
0, 453, 528, 474, 582, 809, 539, 
0, 17, 209, 852, 357, 773, 
0, 777, 871, 994, 5, 859, 
0, 729, 560, 371, 465, 
0, 736, 296, 607, 806, 603, 507, 
0, 395, 781, 739, 505, 588, 
0, 740, 960, 88, 842, 102, 
0, 902, 318, 452, 134, 62, 
0, 510, 667, 231, 135, 559, 183, 
0, 176, 751, 687, 214, 849, 
0, 376, 894, 970, 998, 288, 
0, 552, 464, 837, 747, 90, 
0, 106, 456, 73, 363, 44, 434, 
0, 631, 697, 983, 581, 604, 387, 
0, 662, 322, 752, 533, 305, 
0, 954, 580, 681, 39, 885, 
0, 472, 612, 162, 306, 941, 
0, 164, 326, 948, 207, 
0, 150, 149, 883, 864, 110, 726, 
0, 286, 708, 714, 281, 
0, 984, 242, 93, 302, 
0, 816, 640, 671, 347, 943, 
0, 77, 778, 418, 692, 895, 
0, 957, 72, 796, 439, 964, 636, 
0, 151, 670, 725, 50, 328, 
0, 611, 31, 650, 746, 317, 526, 
0, 695, 827, 251, 820, 881, 788, 
0, 929, 629, 436, 136, 
0, 184, 16, 506, 48, 966, 226, 
0, 486, 694, 503, 274, 240, 
0, 331, 428, 129, 854, 594, 646, 
0, 939, 776, 468, 699, 212, 
0, 766, 882, 813, 886, 175, 481, 
0, 595, 876, 794, 409, 217, 563, 
0, 829, 338, 277, 101, 628, 
0, 154, 74, 787, 294, 420, 138, 
0, 975, 846, 889, 862, 263, 
0, 477, 919, 573, 147, 
0, 635, 999, 117, 447, 525, 194, 
0, 513, 570, 722, 366, 258, 
0, 359, 634, 756, 757, 797, 
0, 617, 498, 819, 535, 553, 
0, 518, 18, 901, 531, 548, 177, 
0, 385, 932, 356, 639, 952, 
0, 955, 800, 58, 437, 763, 
0, 828, 690, 67, 378, 546, 
0, 989, 46, 536, 485, 850, 825, 
0, 754, 686, 69, 458, 107, 38, 
0, 632, 769, 124, 32, 986, 
0, 622, 266, 619, 519, 
0, 195, 329, 760, 482, 
0, 765, 313, 221, 500, 216, 
0, 995, 730, 680, 682, 762, 745, 
0, 496, 390, 373, 81, 845, 
0, 45, 664, 403, 780, 841, 27, 
0, 810, 298, 264, 977, 307, 
0, 119, 516, 254, 287, 
0, 534, 912, 648, 237, 875, 339, 
0, 873, 962, 364, 478, 
0, 3, 99, 75, 324, 863, 
0, 549, 586, 427, 589, 874, 
0, 840, 979, 916, 872, 98, 701, 
0, 199, 992, 267, 268, 
0, 647, 615, 411, 382, 918, 537, 
0, 947, 877, 260, 677, 899, 
0, 921, 501, 425, 805, 71, 
0, 191, 408, 801, 91, 
0, 915, 1, 253, 448, 450, 
0, 68, 870, 159, 223, 579, 
0, 115, 336, 430, 40, 388, 
0, 116, 538, 767, 234, 355, 
0, 454, 466, 52, 316, 28, 43, 
0, 742, 283, 898, 469, 259, 416, 
0, 489, 167, 488, 897, 967, 
0, 704, 249, 262, 163, 
0, 275, 649, 391, 
0, 867, 367, 211, 70, 33, 96, 
