Solution: 194 239193.808000 297393.808000

0, 921, 119, 1, 536, 669, 291, 
0, 645, 351, 104, 
0, 891, 880, 178, 262, 297, 529, 
0, 113, 940, 554, 672, 525, 43, 
0, 855, 996, 475, 413, 
0, 449, 158, 370, 6, 933, 41, 
0, 111, 325, 576, 582, 575, 785, 
0, 426, 844, 153, 208, 567, 
0, 652, 600, 64, 833, 84, 
0, 489, 167, 468, 699, 
0, 884, 326, 123, 308, 892, 
0, 154, 74, 612, 162, 306, 941, 
0, 495, 432, 361, 441, 212, 
0, 348, 164, 290, 783, 
0, 702, 811, 657, 808, 389, 
0, 103, 814, 606, 758, 826, 733, 
0, 518, 18, 901, 834, 760, 
0, 184, 16, 506, 48, 966, 226, 
0, 611, 689, 761, 465, 946, 118, 
0, 902, 616, 774, 818, 
0, 224, 244, 965, 386, 899, 
0, 939, 776, 338, 639, 
0, 57, 333, 241, 746, 317, 
0, 868, 999, 883, 864, 161, 
0, 504, 542, 985, 842, 526, 
0, 651, 586, 76, 316, 28, 745, 
0, 558, 295, 993, 665, 434, 
0, 309, 830, 36, 186, 543, 
0, 201, 629, 436, 97, 
0, 35, 862, 277, 619, 307, 
0, 17, 284, 751, 214, 238, 578, 
0, 530, 73, 185, 337, 
0, 510, 667, 231, 135, 559, 320, 
0, 195, 329, 75, 107, 177, 
0, 15, 80, 719, 132, 
0, 953, 954, 173, 294, 193, 138, 
0, 487, 815, 798, 180, 532, 
0, 87, 832, 501, 32, 610, 
0, 496, 266, 159, 407, 
0, 68, 870, 174, 674, 511, 
0, 121, 372, 88, 566, 312, 142, 
0, 590, 289, 922, 423, 499, 303, 
0, 968, 384, 853, 775, 755, 
0, 197, 365, 812, 357, 773, 
0, 540, 911, 10, 405, 
0, 493, 196, 8, 114, 937, 
0, 381, 281, 
0, 398, 508, 364, 478, 
0, 778, 122, 2, 792, 991, 
0, 170, 210, 419, 362, 698, 
0, 595, 876, 794, 409, 217, 563, 
0, 984, 242, 93, 302, 
0, 729, 598, 190, 928, 7, 
0, 455, 888, 315, 100, 96, 
0, 997, 270, 983, 581, 442, 
0, 23, 675, 819, 
0, 343, 734, 920, 556, 
0, 199, 280, 267, 342, 585, 
0, 974, 942, 572, 220, 479, 
0, 148, 99, 866, 593, 374, 404, 
0, 472, 12, 406, 95, 890, 
0, 467, 944, 861, 678, 605, 
0, 766, 882, 813, 886, 175, 481, 
0, 151, 750, 227, 91, 182, 
0, 239, 513, 524, 155, 646, 
0, 873, 517, 992, 624, 557, 
0, 304, 777, 334, 268, 
0, 181, 435, 327, 324, 863, 
0, 927, 120, 631, 168, 879, 660, 
0, 249, 633, 272, 
0, 400, 392, 145, 346, 188, 907, 
0, 549, 367, 211, 70, 673, 
0, 915, 634, 756, 757, 797, 
0, 843, 935, 410, 470, 
0, 116, 538, 767, 234, 355, 
0, 137, 722, 352, 856, 604, 945, 
0, 494, 583, 626, 917, 715, 192, 
0, 4, 369, 893, 30, 33, 
0, 950, 371, 283, 391, 163, 
0, 521, 390, 373, 747, 90, 
0, 78, 960, 424, 207, 136, 
0, 956, 139, 425, 805, 986, 
0, 969, 640, 483, 429, 83, 
0, 140, 770, 641, 263, 967, 
0, 375, 623, 89, 39, 179, 
0, 742, 663, 959, 831, 202, 978, 
0, 865, 919, 690, 67, 952, 
0, 376, 443, 998, 712, 
0, 989, 278, 282, 109, 60, 
0, 851, 20, 784, 869, 845, 
0, 765, 725, 50, 713, 143, 
0, 727, 232, 256, 63, 802, 
0, 463, 759, 574, 484, 65, 
0, 321, 615, 411, 382, 839, 918, 
0, 597, 222, 787, 420, 849, 
0, 125, 354, 252, 225, 596, 349, 
0, 630, 128, 25, 22, 584, 152, 
0, 740, 782, 821, 431, 
0, 248, 668, 962, 930, 42, 55, 
0, 561, 141, 318, 452, 134, 949, 
0, 279, 46, 393, 523, 344, 903, 
0, 931, 681, 421, 480, 49, 
0, 45, 721, 676, 688, 497, 339, 
0, 981, 313, 221, 500, 216, 
0, 947, 877, 260, 677, 
0, 236, 37, 146, 682, 762, 768, 
0, 552, 846, 889, 233, 908, 
0, 176, 683, 459, 878, 753, 
0, 402, 697, 56, 924, 951, 
0, 900, 800, 488, 897, 636, 
0, 255, 79, 397, 438, 735, 
0, 144, 31, 650, 718, 102, 
0, 858, 710, 66, 366, 258, 
0, 932, 356, 34, 101, 71, 
0, 622, 789, 791, 414, 684, 
0, 925, 929, 823, 703, 628, 
0, 661, 187, 691, 323, 502, 388, 
0, 609, 938, 377, 288, 206, 771, 
0, 562, 394, 13, 205, 793, 656, 
0, 490, 547, 803, 625, 550, 
0, 486, 694, 503, 274, 240, 
0, 569, 976, 587, 130, 909, 
0, 345, 666, 934, 271, 14, 726, 
0, 395, 781, 545, 54, 301, 
0, 126, 336, 653, 555, 533, 305, 
0, 250, 444, 658, 541, 507, 
0, 957, 72, 796, 439, 964, 579, 
0, 738, 568, 971, 696, 838, 
0, 209, 748, 852, 723, 711, 764, 
0, 368, 709, 836, 82, 26, 
0, 446, 871, 474, 599, 417, 
0, 473, 191, 408, 801, 165, 328, 
0, 273, 564, 427, 589, 874, 
0, 632, 828, 573, 156, 378, 
0, 744, 824, 687, 707, 799, 987, 
0, 647, 664, 341, 780, 403, 166, 
0, 810, 847, 679, 157, 
0, 115, 614, 580, 732, 885, 228, 
0, 736, 189, 806, 804, 795, 131, 
0, 970, 894, 292, 94, 860, 
0, 577, 412, 807, 433, 548, 
0, 749, 19, 973, 591, 108, 319, 
0, 451, 350, 276, 990, 571, 896, 
0, 716, 360, 913, 620, 358, 
0, 133, 296, 607, 603, 905, 835, 
0, 560, 695, 827, 251, 383, 788, 183, 
0, 86, 464, 837, 127, 223, 
0, 169, 204, 720, 437, 763, 
0, 243, 247, 300, 
0, 172, 601, 418, 692, 895, 
0, 106, 456, 363, 717, 44, 731, 
0, 29, 293, 58, 809, 235, 
0, 380, 399, 401, 988, 460, 
0, 829, 203, 848, 246, 
0, 769, 124, 972, 245, 105, 
0, 286, 254, 714, 708, 287, 
0, 923, 570, 817, 728, 62, 491, 
0, 867, 528, 994, 81, 147, 
0, 642, 298, 396, 790, 546, 
0, 275, 649, 980, 335, 539, 
0, 512, 445, 253, 448, 347, 943, 
0, 534, 912, 505, 237, 875, 537, 
0, 638, 704, 898, 469, 259, 416, 
0, 840, 979, 916, 872, 98, 701, 
0, 453, 816, 516, 822, 643, 
0, 955, 520, 857, 741, 906, 982, 
0, 958, 904, 85, 509, 171, 
0, 150, 149, 926, 61, 706, 51, 
0, 477, 264, 977, 514, 519, 
0, 454, 466, 52, 654, 492, 
0, 786, 457, 608, 961, 637, 
0, 269, 430, 40, 330, 551, 
0, 936, 299, 59, 820, 881, 9, 
0, 322, 670, 752, 311, 219, 
0, 385, 693, 476, 387, 655, 
0, 230, 353, 515, 422, 527, 
0, 754, 359, 671, 450, 265, 
0, 47, 662, 522, 565, 21, 618, 
0, 53, 285, 779, 110, 
0, 910, 198, 215, 314, 627, 
0, 914, 685, 737, 1000, 841, 27, 
0, 471, 621, 592, 200, 24, 
0, 461, 498, 261, 535, 553, 
0, 11, 112, 160, 310, 92, 
0, 379, 229, 482, 544, 588, 
0, 743, 77, 257, 700, 644, 
0, 724, 686, 69, 458, 38, 
0, 995, 730, 680, 447, 415, 194, 
0, 331, 428, 213, 854, 594, 
0, 3, 332, 440, 772, 462, 602, 
0, 218, 975, 129, 948, 5, 859, 
0, 648, 739, 659, 963, 
0, 635, 117, 887, 705, 340, 
0, 617, 613, 531, 485, 850, 825, 
