Solution: 193 237195.798000 295095.798000

0, 494, 568, 971, 992, 624, 557, 
0, 467, 169, 406, 95, 96, 
0, 622, 298, 264, 514, 519, 
0, 456, 363, 836, 731, 
0, 449, 31, 88, 650, 317, 
0, 113, 76, 222, 294, 787, 193, 551, 
0, 512, 921, 531, 613, 265, 669, 
0, 749, 204, 720, 165, 328, 
0, 139, 509, 592, 171, 
0, 125, 522, 252, 225, 596, 349, 
0, 969, 278, 282, 335, 
0, 248, 400, 517, 300, 507, 
0, 590, 289, 922, 423, 499, 177, 
0, 810, 128, 25, 22, 775, 543, 
0, 611, 689, 761, 465, 274, 240, 
0, 140, 777, 576, 582, 575, 109, 
0, 558, 295, 993, 39, 618, 
0, 632, 350, 124, 156, 263, 
0, 197, 365, 812, 357, 773, 
0, 513, 570, 817, 436, 136, 
0, 547, 851, 63, 948, 5, 859, 
0, 224, 443, 998, 712, 771, 
0, 15, 80, 719, 132, 
0, 115, 614, 580, 732, 556, 713, 
0, 743, 77, 227, 91, 
0, 496, 266, 159, 407, 
0, 144, 504, 985, 842, 102, 
0, 766, 882, 813, 886, 175, 481, 
0, 345, 666, 934, 214, 238, 578, 
0, 884, 932, 844, 441, 567, 
0, 23, 232, 256, 783, 
0, 927, 542, 658, 541, 905, 835, 
0, 495, 432, 823, 703, 628, 
0, 191, 408, 920, 82, 405, 
0, 786, 424, 457, 854, 594, 646, 
0, 586, 170, 52, 316, 28, 
0, 471, 621, 67, 378, 546, 
0, 218, 446, 980, 869, 404, 
0, 898, 598, 469, 259, 416, 
0, 379, 789, 315, 301, 
0, 727, 866, 593, 334, 374, 
0, 398, 508, 401, 988, 460, 
0, 284, 751, 687, 707, 799, 987, 
0, 617, 435, 671, 448, 347, 943, 
0, 868, 466, 323, 502, 33, 
0, 704, 880, 272, 820, 59, 
0, 552, 846, 889, 747, 90, 
0, 740, 960, 353, 6, 933, 303, 
0, 738, 748, 852, 723, 711, 764, 
0, 510, 667, 231, 135, 559, 183, 
0, 331, 428, 994, 639, 845, 
0, 326, 975, 129, 268, 
0, 914, 685, 737, 1000, 142, 
0, 931, 623, 89, 44, 450, 
0, 376, 894, 970, 244, 965, 
0, 518, 18, 901, 834, 760, 
0, 239, 280, 370, 838, 696, 188, 
0, 86, 464, 837, 127, 625, 
0, 269, 173, 459, 330, 219, 
0, 158, 199, 342, 333, 795, 
0, 151, 4, 369, 893, 826, 733, 
0, 230, 566, 515, 422, 527, 
0, 561, 201, 141, 728, 155, 491, 
0, 577, 412, 807, 433, 548, 
0, 395, 912, 505, 237, 875, 339, 
0, 489, 167, 967, 147, 
0, 891, 236, 178, 262, 
0, 645, 739, 93, 302, 
0, 736, 296, 607, 603, 804, 526, 
0, 195, 329, 485, 482, 
0, 956, 72, 796, 439, 964, 636, 
0, 530, 73, 234, 665, 717, 
0, 243, 668, 145, 917, 
0, 229, 989, 572, 220, 479, 585, 
0, 426, 153, 34, 208, 908, 
0, 380, 399, 241, 746, 656, 
0, 942, 640, 327, 462, 602, 
0, 126, 336, 653, 555, 311, 
0, 176, 824, 683, 878, 753, 
0, 742, 843, 935, 418, 470, 
0, 148, 847, 681, 480, 49, 
0, 865, 390, 373, 81, 809, 785, 
0, 638, 360, 853, 972, 584, 152, 
0, 29, 663, 913, 831, 434, 
0, 172, 601, 202, 157, 
0, 954, 430, 40, 420, 768, 
0, 560, 695, 827, 251, 51, 881, 788, 
0, 57, 120, 267, 718, 907, 131, 
0, 119, 196, 767, 8, 355, 
0, 304, 203, 848, 246, 
0, 652, 670, 50, 182, 
0, 375, 815, 798, 180, 532, 
0, 103, 814, 758, 606, 179, 
0, 765, 313, 221, 500, 216, 
0, 744, 271, 682, 762, 14, 726, 
0, 635, 117, 887, 705, 340, 43, 
0, 902, 356, 361, 233, 
0, 111, 359, 634, 756, 757, 797, 
0, 888, 944, 861, 678, 850, 825, 
0, 858, 832, 641, 674, 511, 
0, 250, 121, 206, 288, 899, 
0, 867, 528, 468, 619, 307, 
0, 477, 919, 573, 223, 579, 
0, 569, 976, 587, 130, 60, 
0, 154, 74, 612, 162, 306, 941, 
0, 106, 800, 770, 488, 897, 417, 
0, 923, 929, 452, 134, 62, 
0, 444, 189, 806, 478, 364, 
0, 957, 325, 871, 862, 699, 212, 
0, 11, 112, 160, 310, 92, 
0, 490, 164, 290, 684, 
0, 321, 615, 918, 382, 839, 537, 
0, 997, 710, 66, 366, 258, 
0, 354, 662, 506, 48, 822, 
0, 900, 58, 474, 599, 903, 
0, 472, 12, 565, 21, 291, 
0, 754, 99, 75, 314, 735, 
0, 133, 372, 341, 780, 403, 166, 
0, 455, 791, 659, 963, 802, 
0, 473, 68, 870, 174, 200, 24, 
0, 562, 394, 411, 841, 793, 
0, 995, 730, 415, 672, 525, 138, 
0, 184, 493, 16, 100, 
0, 343, 734, 937, 114, 235, 
0, 724, 686, 69, 458, 107, 38, 
0, 597, 680, 447, 849, 194, 
0, 348, 616, 774, 818, 312, 41, 
0, 778, 122, 2, 792, 991, 
0, 45, 721, 676, 688, 497, 65, 
0, 486, 694, 292, 503, 860, 
0, 873, 962, 715, 930, 346, 
0, 647, 664, 13, 205, 27, 118, 
0, 445, 819, 803, 550, 
0, 381, 281, 
0, 910, 198, 215, 437, 763, 26, 
0, 829, 338, 277, 101, 952, 
0, 915, 1, 253, 344, 535, 553, 
0, 35, 20, 675, 784, 539, 909, 
0, 78, 968, 959, 358, 978, 
0, 116, 538, 410, 692, 895, 
0, 939, 776, 977, 32, 610, 
0, 47, 554, 940, 30, 654, 745, 
0, 540, 911, 10, 627, 324, 
0, 595, 876, 794, 409, 217, 563, 
0, 984, 782, 821, 431, 308, 949, 
0, 752, 322, 725, 337, 143, 
0, 318, 629, 352, 856, 97, 
0, 273, 564, 427, 589, 874, 
0, 285, 999, 161, 633, 
0, 453, 816, 981, 483, 772, 643, 
0, 293, 397, 620, 438, 
0, 279, 181, 536, 523, 605, 
0, 309, 830, 186, 384, 36, 
0, 461, 242, 123, 574, 892, 
0, 247, 392, 583, 626, 42, 192, 
0, 454, 37, 146, 779, 492, 
0, 828, 690, 396, 790, 71, 
0, 3, 332, 440, 429, 83, 
0, 642, 210, 419, 362, 698, 
0, 609, 938, 377, 104, 
0, 368, 709, 185, 801, 863, 
0, 630, 19, 276, 990, 571, 755, 
0, 955, 393, 46, 974, 966, 226, 
0, 463, 759, 207, 484, 
0, 521, 608, 213, 961, 637, 
0, 661, 648, 351, 544, 588, 
0, 487, 421, 679, 533, 305, 
0, 255, 79, 257, 700, 644, 
0, 936, 249, 190, 163, 
0, 17, 209, 55, 168, 879, 
0, 950, 371, 283, 391, 928, 7, 
0, 702, 811, 657, 808, 389, 
0, 150, 149, 926, 706, 61, 9, 
0, 498, 516, 261, 833, 
0, 137, 524, 722, 924, 951, 
0, 534, 781, 545, 414, 54, 
0, 716, 187, 691, 254, 890, 84, 
0, 402, 270, 983, 581, 476, 387, 
0, 769, 973, 245, 105, 896, 
0, 947, 877, 260, 677, 
0, 451, 501, 425, 805, 986, 
0, 549, 367, 211, 70, 673, 
0, 958, 904, 85, 108, 591, 319, 
0, 286, 708, 714, 287, 297, 
0, 651, 53, 883, 864, 110, 
0, 729, 299, 383, 946, 529, 320, 
0, 87, 520, 857, 741, 906, 982, 
0, 925, 385, 693, 442, 655, 
0, 631, 697, 56, 945, 604, 660, 
0, 855, 996, 475, 413, 386, 
0, 840, 979, 916, 872, 98, 701, 
0, 275, 649, 94, 388, 
0, 953, 600, 750, 64, 885, 228, 
