Solution: 195 237167.406000 295667.406000

0, 435, 582, 680, 479, 46, 
0, 381, 969, 546, 591, 
0, 559, 297, 992, 664, 439, 
0, 958, 132, 857, 172, 774, 756, 
0, 246, 407, 515, 485, 
0, 983, 785, 430, 773, 309, 
0, 42, 914, 736, 1000, 879, 535, 
0, 618, 922, 574, 905, 981, 
0, 454, 195, 282, 376, 344, 772, 
0, 737, 747, 724, 52, 715, 764, 
0, 405, 966, 477, 761, 504, 
0, 869, 280, 363, 205, 653, 
0, 755, 140, 683, 851, 40, 
0, 191, 333, 893, 252, 
0, 310, 686, 200, 269, 
0, 602, 749, 670, 60, 
0, 708, 900, 286, 86, 391, 
0, 403, 538, 336, 444, 434, 328, 
0, 891, 797, 874, 754, 588, 
0, 904, 931, 440, 129, 
0, 552, 846, 892, 170, 
0, 779, 315, 215, 204, 556, 
0, 973, 354, 402, 153, 383, 235, 
0, 563, 662, 343, 9, 936, 37, 
0, 471, 624, 596, 196, 27, 
0, 493, 71, 984, 32, 613, 
0, 551, 34, 247, 264, 114, 960, 
0, 777, 117, 4, 794, 990, 
0, 79, 66, 590, 836, 28, 
0, 934, 668, 726, 340, 
0, 107, 767, 169, 684, 752, 583, 
0, 948, 437, 149, 229, 
0, 720, 987, 573, 214, 478, 75, 
0, 957, 801, 55, 638, 74, 
0, 766, 815, 67, 318, 158, 
0, 554, 942, 759, 565, 24, 
0, 765, 295, 73, 161, 
0, 635, 941, 278, 622, 701, 
0, 570, 70, 404, 123, 865, 
0, 473, 337, 76, 395, 443, 
0, 929, 753, 698, 716, 991, 906, 
0, 208, 289, 718, 284, 185, 
0, 54, 115, 135, 730, 58, 631, 
0, 579, 870, 597, 811, 601, 784, 
0, 514, 678, 81, 771, 
0, 100, 192, 850, 372, 154, 
0, 915, 302, 854, 25, 587, 148, 
0, 486, 817, 178, 627, 36, 
0, 940, 19, 655, 12, 396, 112, 
0, 18, 72, 916, 796, 15, 808, 564, 
0, 955, 663, 921, 881, 334, 213, 
0, 495, 216, 787, 427, 190, 
0, 352, 118, 461, 575, 888, 
0, 917, 636, 534, 522, 932, 
0, 997, 699, 982, 584, 447, 
0, 425, 341, 712, 64, 672, 
0, 976, 769, 692, 673, 509, 
0, 682, 569, 860, 505, 409, 
0, 193, 370, 814, 628, 558, 
0, 840, 644, 414, 87, 91, 33, 
0, 458, 818, 43, 399, 834, 
0, 594, 291, 926, 863, 197, 
0, 335, 320, 457, 127, 950, 
0, 989, 400, 418, 388, 839, 920, 
0, 225, 207, 298, 652, 490, 
0, 188, 415, 802, 183, 412, 
0, 174, 750, 688, 711, 800, 985, 
0, 484, 261, 676, 907, 
0, 959, 329, 776, 585, 576, 233, 
0, 610, 397, 379, 8, 859, 
0, 348, 665, 938, 272, 237, 580, 
0, 961, 661, 962, 830, 199, 
0, 611, 770, 203, 290, 901, 
0, 420, 810, 964, 438, 550, 
0, 871, 194, 612, 89, 101, 175, 
0, 218, 243, 382, 98, 
0, 212, 419, 3, 306, 
0, 501, 543, 842, 262, 868, 
0, 925, 113, 643, 453, 533, 553, 
0, 360, 373, 392, 606, 566, 
0, 492, 592, 843, 719, 349, 
0, 951, 366, 913, 364, 623, 
0, 92, 367, 316, 234, 734, 
0, 705, 813, 377, 466, 232, 
0, 385, 406, 268, 721, 124, 
0, 63, 953, 442, 763, 332, 
0, 729, 520, 968, 217, 557, 
0, 346, 760, 436, 413, 483, 
0, 562, 781, 357, 537, 314, 136, 
0, 731, 303, 788, 181, 847, 324, 
0, 133, 279, 285, 103, 155, 
0, 94, 786, 937, 709, 342, 
0, 238, 510, 523, 152, 489, 
0, 23, 228, 783, 873, 908, 845, 
0, 459, 433, 710, 821, 
0, 122, 465, 837, 120, 142, 387, 
0, 69, 928, 390, 368, 445, 568, 
0, 401, 780, 547, 7, 
0, 735, 299, 609, 809, 807, 728, 
0, 182, 491, 608, 877, 211, 
0, 97, 270, 326, 887, 531, 307, 
0, 620, 365, 757, 455, 351, 945, 
0, 739, 963, 512, 744, 319, 257, 
0, 77, 827, 467, 511, 519, 
0, 516, 21, 903, 110, 93, 616, 
0, 639, 288, 778, 30, 393, 
0, 281, 179, 528, 353, 497, 
0, 109, 617, 578, 733, 517, 446, 
0, 853, 632, 255, 322, 798, 
0, 838, 441, 85, 350, 685, 
0, 150, 358, 249, 219, 498, 645, 
0, 666, 139, 605, 541, 
0, 741, 68, 221, 83, 
0, 119, 816, 521, 47, 180, 220, 
0, 894, 374, 398, 930, 10, 
0, 138, 475, 80, 841, 410, 162, 
0, 494, 975, 855, 965, 641, 209, 
0, 714, 271, 62, 476, 909, 
0, 394, 14, 141, 889, 173, 
0, 972, 713, 151, 137, 293, 
0, 581, 506, 362, 167, 
0, 540, 911, 13, 924, 
0, 380, 626, 11, 108, 361, 
0, 325, 690, 723, 675, 919, 61, 
0, 44, 31, 742, 986, 96, 
0, 241, 283, 292, 782, 
0, 508, 226, 128, 57, 560, 
0, 614, 696, 500, 861, 
0, 386, 275, 239, 
0, 198, 571, 819, 882, 90, 
0, 422, 792, 51, 305, 
0, 691, 600, 468, 260, 424, 
0, 589, 935, 918, 29, 104, 
0, 311, 829, 184, 389, 544, 
0, 20, 206, 356, 164, 658, 
0, 681, 451, 496, 429, 804, 
0, 254, 1, 258, 702, 646, 
0, 488, 549, 806, 629, 
0, 561, 697, 826, 248, 48, 885, 527, 
0, 456, 725, 687, 979, 758, 266, 
0, 625, 450, 263, 
0, 621, 674, 820, 539, 323, 
0, 463, 355, 657, 967, 607, 
0, 858, 831, 518, 487, 899, 954, 
0, 746, 121, 277, 988, 99, 898, 
0, 660, 751, 651, 555, 
0, 886, 330, 949, 49, 411, 910, 
0, 637, 480, 111, 805, 17, 970, 
0, 994, 545, 371, 423, 227, 
0, 5, 599, 679, 671, 131, 542, 
0, 532, 912, 236, 640, 416, 230, 
0, 145, 50, 999, 866, 593, 727, 
0, 856, 996, 474, 421, 160, 88, 704, 
0, 998, 717, 256, 
0, 689, 536, 768, 231, 274, 
0, 823, 844, 993, 259, 
0, 472, 615, 159, 308, 862, 
0, 223, 384, 789, 762, 317, 
0, 130, 634, 53, 572, 927, 952, 
0, 147, 6, 375, 896, 825, 481, 
0, 105, 2, 513, 250, 347, 667, 
0, 146, 832, 890, 95, 995, 
0, 633, 22, 134, 595, 102, 321, 
0, 78, 449, 201, 977, 548, 
0, 978, 166, 876, 369, 700, 
0, 168, 603, 426, 694, 897, 
0, 143, 848, 799, 529, 530, 
0, 872, 883, 273, 176, 301, 
0, 659, 648, 738, 300, 793, 
0, 276, 649, 946, 482, 
0, 884, 267, 156, 
0, 878, 586, 933, 38, 189, 
0, 432, 923, 695, 706, 
0, 740, 39, 163, 265, 642, 26, 
0, 470, 944, 974, 822, 464, 604, 
0, 956, 732, 452, 524, 507, 177, 
0, 165, 202, 331, 462, 35, 56, 
0, 902, 980, 502, 45, 703, 
0, 803, 187, 448, 656, 707, 835, 
0, 743, 287, 253, 296, 313, 
0, 647, 499, 431, 791, 65, 
0, 650, 186, 693, 327, 251, 
0, 598, 880, 359, 16, 795, 654, 
0, 460, 408, 669, 41, 222, 
0, 345, 106, 157, 312, 84, 
0, 242, 245, 304, 171, 
0, 577, 875, 619, 745, 82, 
0, 971, 939, 417, 469, 
0, 224, 790, 567, 428, 895, 
0, 748, 339, 116, 722, 125, 
0, 126, 378, 240, 338, 525, 
0, 828, 775, 849, 244, 
0, 294, 947, 864, 677, 852, 824, 
0, 833, 210, 630, 503, 
0, 812, 526, 867, 943, 144, 59, 
