Solution: 194 239994.496000 298194.496000

0, 200, 135, 811, 686, 695, 
0, 196, 370, 800, 625, 558, 
0, 637, 371, 75, 58, 180, 
0, 252, 117, 709, 127, 
0, 491, 687, 296, 384, 278, 243, 
0, 241, 516, 356, 844, 92, 
0, 447, 187, 466, 605, 545, 
0, 858, 816, 573, 886, 856, 
0, 987, 572, 398, 528, 481, 
0, 429, 721, 76, 160, 
0, 473, 621, 64, 963, 
0, 344, 108, 155, 316, 722, 
0, 290, 392, 266, 539, 
0, 314, 345, 460, 769, 626, 
0, 484, 820, 878, 996, 592, 
0, 952, 354, 280, 988, 885, 
0, 717, 798, 394, 11, 387, 795, 
0, 538, 900, 647, 240, 590, 
0, 968, 303, 120, 777, 123, 
0, 887, 374, 699, 148, 77, 
0, 846, 197, 610, 90, 179, 
0, 568, 975, 589, 125, 855, 
0, 918, 389, 482, 564, 653, 
0, 794, 859, 577, 584, 796, 771, 
0, 165, 298, 423, 367, 691, 
0, 657, 825, 97, 340, 704, 
0, 96, 742, 51, 652, 815, 936, 
0, 611, 898, 884, 998, 703, 259, 
0, 633, 933, 683, 517, 639, 
0, 81, 758, 215, 508, 326, 
0, 643, 210, 607, 175, 599, 
0, 71, 730, 677, 85, 445, 877, 
0, 13, 899, 12, 914, 719, 
0, 553, 835, 880, 735, 9, 
0, 650, 1, 261, 225, 226, 
0, 409, 585, 627, 907, 705, 
0, 827, 82, 440, 349, 
0, 930, 304, 56, 808, 874, 774, 
0, 328, 973, 124, 202, 272, 
0, 519, 671, 84, 760, 
0, 449, 549, 791, 427, 504, 
0, 560, 958, 565, 342, 908, 341, 
0, 249, 397, 138, 492, 747, 509, 
0, 715, 576, 596, 336, 896, 834, 
0, 498, 591, 922, 41, 190, 
0, 218, 503, 807, 551, 
0, 229, 227, 775, 419, 676, 
0, 797, 765, 929, 685, 438, 
0, 588, 925, 906, 320, 30, 
0, 943, 337, 870, 264, 670, 857, 895, 
0, 475, 334, 595, 170, 381, 239, 
0, 277, 872, 267, 965, 955, 
0, 37, 26, 258, 59, 199, 
0, 772, 448, 668, 514, 67, 
0, 891, 629, 455, 129, 897, 
0, 133, 430, 837, 34, 
0, 112, 368, 838, 757, 471, 
0, 474, 612, 157, 311, 851, 
0, 723, 299, 608, 655, 696, 824, 
0, 152, 284, 990, 702, 149, 646, 
0, 434, 582, 673, 740, 583, 
0, 729, 660, 79, 393, 441, 
0, 279, 4, 979, 338, 544, 
0, 109, 756, 168, 461, 331, 219, 
0, 674, 841, 849, 54, 701, 753, 
0, 598, 869, 359, 15, 421, 
0, 953, 821, 786, 601, 140, 
0, 635, 52, 274, 675, 231, 
0, 111, 951, 911, 256, 424, 132, 
0, 107, 541, 236, 372, 360, 
0, 115, 195, 276, 707, 
0, 457, 468, 432, 799, 867, 
0, 727, 768, 809, 426, 317, 
0, 147, 69, 739, 563, 23, 618, 
0, 640, 893, 511, 361, 166, 
0, 402, 490, 53, 306, 667, 613, 
0, 102, 65, 948, 55, 636, 581, 
0, 172, 288, 812, 839, 193, 
0, 501, 221, 773, 192, 552, 
0, 923, 602, 720, 61, 
0, 876, 630, 376, 944, 848, 153, 
0, 578, 836, 624, 176, 522, 
0, 383, 271, 335, 781, 260, 
0, 496, 242, 864, 751, 224, 
0, 121, 527, 254, 866, 216, 
0, 889, 980, 487, 505, 352, 
0, 593, 293, 916, 852, 323, 783, 
0, 324, 616, 910, 386, 828, 540, 
0, 452, 741, 689, 510, 462, 
0, 19, 209, 632, 163, 871, 
0, 257, 72, 403, 620, 86, 
0, 649, 39, 238, 174, 301, 533, 
0, 881, 373, 939, 307, 
0, 400, 767, 355, 300, 469, 
0, 167, 118, 416, 110, 931, 
0, 223, 932, 380, 100, 486, 778, 
0, 974, 268, 763, 976, 312, 
0, 500, 270, 154, 
0, 579, 543, 333, 443, 464, 604, 
0, 688, 253, 251, 158, 
0, 459, 408, 664, 151, 
0, 534, 603, 779, 201, 977, 
0, 946, 832, 957, 819, 989, 
0, 185, 159, 294, 909, 882, 
0, 378, 623, 991, 44, 453, 
0, 743, 634, 745, 892, 346, 
0, 144, 7, 790, 406, 495, 
0, 950, 615, 425, 536, 483, 47, 
0, 917, 700, 63, 479, 446, 
0, 813, 921, 366, 444, 566, 
0, 454, 42, 329, 665, 103, 587, 
0, 465, 412, 435, 926, 308, 
0, 764, 865, 617, 74, 
0, 273, 982, 391, 606, 656, 
0, 942, 436, 169, 234, 
0, 141, 711, 679, 66, 350, 938, 
0, 529, 569, 805, 716, 131, 
0, 194, 915, 535, 614, 353, 663, 
0, 31, 439, 363, 451, 550, 
0, 480, 873, 861, 854, 60, 
0, 956, 189, 901, 38, 762, 744, 
0, 554, 934, 32, 883, 546, 
0, 658, 506, 134, 247, 571, 101, 
0, 250, 407, 520, 305, 654, 
0, 431, 913, 993, 262, 
0, 128, 904, 780, 265, 793, 561, 
0, 645, 525, 845, 728, 894, 981, 
0, 493, 803, 784, 40, 693, 
0, 45, 710, 669, 681, 502, 62, 
0, 515, 178, 472, 489, 840, 814, 
0, 697, 286, 183, 
0, 22, 232, 770, 863, 377, 
0, 122, 339, 651, 555, 537, 310, 
0, 817, 281, 470, 692, 211, 
0, 706, 164, 327, 413, 171, 485, 
0, 682, 749, 375, 396, 920, 263, 
0, 332, 433, 213, 842, 597, 
0, 50, 162, 642, 575, 91, 
0, 954, 68, 782, 442, 414, 557, 
0, 244, 285, 119, 574, 488, 
0, 902, 678, 724, 1000, 868, 235, 
0, 903, 302, 970, 24, 586, 145, 
0, 847, 924, 833, 73, 984, 
0, 405, 961, 369, 792, 714, 
0, 860, 188, 787, 181, 628, 
0, 347, 928, 738, 214, 785, 985, 
0, 829, 978, 801, 507, 275, 
0, 526, 395, 994, 641, 25, 
0, 478, 33, 986, 708, 126, 161, 
0, 680, 204, 287, 233, 57, 
0, 17, 399, 410, 766, 830, 29, 
0, 315, 818, 182, 388, 362, 
0, 463, 726, 3, 8, 
0, 997, 690, 941, 570, 404, 947, 
0, 358, 325, 712, 207, 556, 
0, 382, 622, 87, 390, 
0, 776, 518, 357, 10, 694, 
0, 467, 291, 
0, 725, 567, 831, 348, 186, 
0, 919, 116, 969, 826, 343, 
0, 631, 21, 971, 594, 104, 322, 
0, 289, 999, 98, 156, 
0, 499, 146, 36, 208, 524, 
0, 143, 142, 927, 875, 106, 114, 
0, 788, 547, 983, 734, 321, 531, 
0, 80, 912, 401, 222, 
0, 853, 940, 46, 88, 93, 733, 
0, 228, 746, 542, 206, 136, 
0, 5, 94, 70, 437, 269, 
0, 732, 718, 666, 512, 530, 580, 
0, 905, 2, 476, 935, 105, 385, 
0, 379, 246, 212, 964, 850, 
0, 513, 661, 130, 752, 559, 49, 
0, 137, 731, 497, 83, 532, 638, 
0, 6, 600, 672, 450, 420, 43, 
0, 754, 992, 220, 48, 295, 
0, 843, 477, 418, 
0, 351, 428, 806, 761, 313, 945, 
0, 283, 494, 523, 967, 949, 
0, 521, 20, 890, 823, 748, 
0, 862, 562, 960, 
0, 99, 802, 659, 18, 810, 644, 
0, 456, 698, 282, 230, 411, 
0, 755, 14, 139, 
0, 417, 648, 959, 962, 789, 173, 
0, 245, 662, 415, 217, 
0, 297, 365, 318, 237, 28, 
0, 804, 937, 972, 191, 966, 330, 
0, 309, 203, 619, 248, 177, 
0, 422, 184, 684, 255, 822, 78, 
0, 736, 364, 150, 198, 27, 
0, 458, 879, 319, 95, 35, 89, 
0, 995, 548, 113, 750, 16, 713, 
0, 737, 609, 759, 205, 292, 888, 
