Solution: 196 237381.312000 296181.312000

0, 385, 406, 268, 986, 535, 
0, 516, 864, 944, 822, 464, 604, 
0, 450, 903, 21, 893, 834, 75, 
0, 978, 192, 417, 694, 897, 
0, 330, 397, 280, 745, 82, 
0, 940, 19, 847, 885, 560, 
0, 492, 592, 719, 933, 38, 764, 
0, 776, 875, 144, 943, 103, 576, 
0, 947, 643, 331, 101, 74, 
0, 18, 72, 722, 262, 868, 
0, 904, 618, 773, 965, 641, 
0, 241, 283, 675, 410, 162, 
0, 415, 713, 836, 73, 412, 
0, 182, 974, 502, 877, 180, 
0, 486, 848, 627, 36, 887, 
0, 635, 941, 775, 467, 701, 209, 
0, 951, 691, 466, 424, 
0, 212, 419, 810, 964, 804, 588, 
0, 561, 697, 826, 248, 301, 527, 
0, 902, 980, 444, 434, 865, 
0, 357, 963, 790, 567, 314, 136, 
0, 448, 187, 609, 656, 707, 835, 
0, 150, 749, 678, 81, 323, 
0, 105, 329, 811, 585, 601, 784, 
0, 532, 912, 648, 546, 793, 
0, 78, 831, 619, 155, 539, 
0, 948, 844, 368, 445, 568, 
0, 451, 549, 806, 429, 197, 175, 
0, 961, 777, 603, 108, 361, 
0, 147, 270, 651, 565, 313, 
0, 191, 470, 528, 353, 497, 
0, 955, 514, 680, 733, 517, 446, 
0, 929, 115, 135, 9, 936, 37, 
0, 552, 846, 892, 642, 26, 
0, 54, 753, 505, 716, 991, 698, 
0, 494, 886, 461, 855, 129, 
0, 138, 378, 240, 744, 319, 
0, 803, 666, 477, 761, 728, 
0, 42, 723, 736, 1000, 61, 33, 
0, 802, 66, 669, 41, 455, 
0, 325, 418, 236, 879, 591, 
0, 975, 271, 62, 373, 447, 
0, 869, 922, 235, 153, 383, 
0, 682, 966, 809, 605, 504, 
0, 168, 117, 426, 199, 990, 
0, 633, 22, 134, 25, 587, 148, 
0, 735, 299, 807, 409, 721, 906, 
0, 420, 649, 967, 762, 607, 
0, 146, 832, 890, 709, 104, 
0, 326, 668, 670, 60, 
0, 145, 50, 999, 937, 158, 
0, 551, 935, 918, 876, 91, 393, 
0, 741, 1, 83, 221, 222, 
0, 463, 355, 789, 317, 
0, 352, 118, 309, 950, 895, 
0, 714, 993, 849, 244, 
0, 31, 475, 80, 842, 96, 
0, 647, 858, 657, 3, 
0, 956, 894, 374, 946, 251, 
0, 133, 279, 285, 763, 328, 
0, 459, 589, 433, 114, 260, 
0, 634, 699, 982, 584, 476, 392, 
0, 294, 381, 973, 86, 391, 
0, 972, 449, 201, 622, 387, 
0, 989, 880, 359, 15, 808, 564, 
0, 650, 34, 247, 232, 
0, 878, 586, 843, 349, 124, 
0, 384, 333, 550, 252, 
0, 360, 259, 695, 606, 658, 
0, 460, 408, 11, 154, 
0, 579, 113, 92, 438, 758, 266, 
0, 377, 286, 900, 468, 930, 10, 
0, 998, 717, 256, 
0, 828, 278, 977, 32, 
0, 769, 363, 71, 984, 
0, 471, 624, 596, 754, 
0, 705, 813, 655, 12, 396, 
0, 594, 291, 926, 863, 782, 
0, 577, 870, 597, 233, 798, 
0, 345, 106, 157, 623, 84, 
0, 132, 673, 595, 102, 321, 
0, 246, 245, 139, 485, 189, 
0, 491, 302, 854, 544, 898, 
0, 454, 195, 282, 376, 344, 772, 
0, 976, 488, 292, 
0, 934, 602, 590, 123, 910, 
0, 637, 480, 111, 805, 17, 727, 
0, 812, 526, 518, 487, 899, 867, 
0, 348, 938, 750, 272, 237, 580, 
0, 559, 297, 992, 664, 439, 
0, 254, 68, 258, 702, 646, 
0, 20, 942, 554, 30, 889, 173, 
0, 917, 636, 250, 347, 667, 
0, 281, 538, 336, 453, 351, 945, 
0, 472, 615, 159, 308, 862, 
0, 122, 465, 837, 120, 142, 
0, 681, 496, 820, 305, 
0, 598, 400, 16, 841, 795, 654, 
0, 100, 63, 953, 55, 234, 734, 
0, 891, 797, 874, 217, 638, 
0, 109, 663, 921, 253, 296, 24, 
0, 823, 931, 440, 127, 631, 
0, 193, 370, 53, 572, 927, 952, 
0, 983, 520, 857, 968, 905, 981, 
0, 335, 610, 379, 8, 859, 
0, 386, 275, 239, 112, 
0, 508, 226, 128, 57, 710, 48, 
0, 994, 545, 140, 683, 95, 324, 
0, 238, 510, 819, 90, 
0, 432, 923, 149, 205, 653, 
0, 94, 755, 995, 342, 490, 
0, 493, 437, 170, 229, 909, 
0, 925, 513, 2, 534, 852, 824, 
0, 97, 207, 298, 652, 369, 700, 
0, 582, 435, 881, 334, 213, 
0, 838, 441, 85, 350, 685, 
0, 614, 696, 500, 861, 
0, 600, 765, 726, 204, 498, 137, 
0, 639, 288, 778, 227, 
0, 620, 365, 757, 462, 56, 
0, 884, 267, 156, 
0, 740, 708, 398, 160, 88, 704, 
0, 206, 747, 814, 628, 558, 
0, 198, 320, 457, 566, 706, 
0, 779, 315, 215, 47, 556, 
0, 872, 786, 29, 866, 593, 
0, 405, 515, 304, 541, 
0, 119, 816, 608, 759, 307, 177, 
0, 731, 303, 821, 788, 181, 
0, 856, 996, 474, 421, 
0, 358, 249, 219, 45, 703, 
0, 401, 780, 547, 7, 
0, 840, 186, 693, 327, 273, 
0, 871, 883, 176, 264, 970, 960, 
0, 5, 599, 679, 671, 131, 542, 
0, 971, 939, 4, 794, 
0, 689, 536, 768, 231, 274, 
0, 44, 116, 382, 98, 
0, 621, 632, 949, 49, 411, 
0, 456, 354, 277, 988, 99, 548, 
0, 473, 337, 76, 395, 443, 
0, 224, 760, 537, 575, 
0, 77, 692, 574, 511, 519, 
0, 957, 987, 573, 522, 478, 932, 
0, 143, 725, 687, 979, 35, 293, 
0, 242, 407, 125, 
0, 295, 367, 316, 630, 220, 
0, 732, 423, 452, 524, 507, 
0, 570, 70, 404, 312, 
0, 739, 781, 512, 428, 483, 
0, 958, 833, 801, 442, 771, 332, 
0, 110, 626, 850, 372, 469, 
0, 223, 625, 263, 533, 553, 
0, 425, 341, 712, 64, 672, 
0, 915, 194, 210, 151, 503, 
0, 914, 499, 431, 509, 65, 
0, 746, 121, 774, 172, 557, 
0, 430, 827, 402, 791, 613, 
0, 617, 578, 529, 479, 46, 
0, 501, 543, 742, 338, 525, 257, 
0, 729, 911, 13, 924, 28, 
0, 766, 815, 318, 67, 
0, 403, 6, 375, 896, 825, 481, 
0, 743, 371, 665, 851, 190, 
0, 79, 661, 962, 389, 756, 
0, 310, 686, 690, 200, 269, 
0, 311, 829, 184, 196, 27, 
0, 659, 366, 913, 830, 364, 
0, 959, 39, 163, 265, 954, 59, 
0, 785, 346, 413, 436, 888, 
0, 225, 422, 792, 51, 306, 
0, 23, 674, 783, 873, 908, 845, 
0, 276, 738, 300, 482, 
0, 188, 540, 183, 340, 211, 
0, 208, 289, 718, 284, 185, 
0, 737, 569, 724, 860, 52, 715, 
0, 394, 644, 414, 87, 616, 
0, 174, 287, 688, 711, 800, 985, 
0, 165, 202, 612, 89, 161, 645, 
0, 495, 216, 787, 427, 40, 
0, 107, 767, 169, 684, 752, 583, 
0, 660, 521, 751, 555, 531, 
0, 380, 817, 799, 178, 530, 
0, 69, 928, 390, 730, 58, 489, 
0, 563, 662, 343, 388, 839, 920, 
0, 458, 818, 43, 399, 214, 
0, 562, 130, 523, 152, 919, 
0, 484, 339, 261, 171, 907, 
0, 997, 571, 356, 164, 882, 
0, 218, 243, 969, 676, 
0, 720, 179, 677, 93, 
0, 581, 506, 362, 167, 
0, 748, 611, 770, 203, 290, 901, 
0, 166, 14, 141, 
0, 853, 228, 255, 322, 629, 
0, 126, 916, 796, 640, 416, 230, 
