Solution: 196 241525.200000 300325.200000

0, 568, 975, 589, 125, 719, 
0, 480, 436, 146, 234, 
0, 717, 375, 887, 396, 920, 183, 
0, 700, 273, 63, 479, 653, 
0, 141, 94, 679, 66, 
0, 987, 282, 287, 751, 326, 
0, 81, 758, 642, 517, 524, 
0, 428, 746, 488, 574, 313, 945, 
0, 952, 937, 572, 95, 613, 
0, 65, 948, 442, 222, 
0, 133, 971, 247, 571, 239, 
0, 827, 124, 861, 854, 639, 
0, 245, 662, 138, 759, 
0, 643, 14, 100, 
0, 968, 503, 807, 551, 
0, 52, 999, 156, 291, 
0, 297, 365, 318, 237, 722, 
0, 997, 690, 982, 391, 564, 
0, 452, 152, 284, 708, 321, 
0, 995, 548, 666, 773, 512, 580, 
0, 250, 407, 520, 305, 
0, 943, 337, 870, 264, 670, 895, 
0, 942, 924, 366, 444, 566, 
0, 31, 803, 784, 624, 176, 47, 
0, 17, 869, 359, 29, 217, 654, 
0, 950, 519, 720, 48, 330, 
0, 876, 159, 294, 909, 
0, 817, 837, 248, 984, 
0, 402, 543, 363, 665, 57, 308, 
0, 764, 865, 617, 74, 
0, 873, 816, 120, 777, 123, 
0, 881, 373, 939, 667, 263, 
0, 249, 397, 492, 907, 705, 190, 
0, 499, 913, 686, 446, 656, 
0, 736, 165, 691, 367, 171, 485, 
0, 111, 339, 325, 537, 599, 352, 
0, 429, 721, 441, 393, 
0, 645, 506, 430, 514, 885, 
0, 560, 958, 518, 342, 502, 136, 
0, 364, 280, 988, 101, 67, 
0, 953, 821, 786, 935, 856, 411, 
0, 611, 798, 394, 278, 243, 114, 
0, 440, 576, 770, 863, 377, 
0, 490, 184, 684, 507, 275, 
0, 112, 195, 838, 757, 471, 
0, 144, 7, 254, 866, 693, 
0, 607, 659, 18, 255, 
0, 238, 872, 174, 267, 301, 533, 
0, 188, 787, 712, 207, 556, 
0, 755, 801, 413, 88, 89, 
0, 725, 567, 841, 510, 186, 
0, 378, 623, 991, 40, 175, 
0, 143, 820, 878, 98, 56, 
0, 534, 603, 779, 201, 977, 
0, 97, 832, 416, 151, 
0, 732, 718, 530, 420, 495, 
0, 474, 496, 972, 191, 966, 224, 
0, 862, 39, 251, 158, 
0, 229, 847, 3, 8, 676, 
0, 737, 782, 523, 494, 886, 967, 
0, 898, 197, 215, 77, 855, 453, 
0, 82, 525, 845, 963, 414, 
0, 946, 682, 749, 467, 421, 
0, 19, 209, 632, 570, 404, 947, 
0, 521, 20, 890, 823, 748, 
0, 956, 660, 957, 819, 620, 
0, 633, 448, 281, 976, 34, 177, 
0, 439, 333, 443, 464, 810, 604, 
0, 228, 357, 542, 10, 259, 
0, 688, 253, 752, 808, 874, 11, 
0, 246, 212, 964, 390, 888, 
0, 598, 904, 780, 265, 793, 561, 
0, 128, 768, 809, 386, 828, 
0, 515, 178, 327, 306, 
0, 730, 71, 261, 225, 704, 
0, 279, 833, 993, 262, 
0, 711, 979, 596, 338, 544, 
0, 794, 22, 232, 852, 323, 626, 
0, 185, 355, 419, 53, 
0, 674, 961, 831, 348, 509, 
0, 829, 978, 906, 93, 35, 
0, 473, 621, 595, 198, 27, 
0, 347, 928, 738, 214, 785, 985, 
0, 491, 687, 296, 87, 850, 
0, 754, 992, 220, 505, 216, 
0, 547, 731, 497, 986, 462, 260, 
0, 593, 293, 916, 427, 199, 
0, 500, 973, 842, 944, 769, 
0, 223, 727, 776, 426, 317, 62, 
0, 917, 569, 529, 163, 871, 
0, 954, 334, 511, 361, 166, 
0, 729, 657, 914, 181, 340, 
0, 324, 681, 266, 539, 
0, 257, 72, 403, 110, 931, 
0, 513, 661, 130, 58, 559, 49, 
0, 137, 478, 83, 565, 908, 830, 
0, 650, 1, 677, 85, 
0, 797, 554, 934, 32, 652, 733, 
0, 501, 221, 256, 424, 75, 
0, 843, 477, 418, 
0, 706, 940, 46, 451, 350, 938, 
0, 109, 371, 750, 675, 16, 713, 
0, 115, 2, 472, 489, 840, 78, 
0, 447, 187, 466, 605, 545, 
0, 227, 382, 915, 535, 353, 663, 
0, 903, 68, 683, 728, 894, 981, 
0, 951, 911, 651, 23, 618, 
0, 244, 285, 669, 349, 
0, 122, 802, 555, 883, 815, 
0, 879, 242, 864, 154, 
0, 196, 370, 800, 149, 910, 
0, 5, 70, 329, 103, 346, 892, 
0, 358, 527, 739, 563, 310, 
0, 458, 775, 319, 486, 
0, 383, 369, 792, 655, 696, 824, 
0, 930, 304, 774, 180, 387, 795, 
0, 454, 42, 698, 55, 636, 581, 
0, 622, 302, 970, 762, 145, 
0, 374, 899, 12, 628, 28, 
0, 715, 859, 577, 584, 575, 771, 
0, 45, 902, 724, 766, 410, 161, 
0, 384, 286, 
0, 933, 203, 470, 692, 211, 
0, 400, 767, 726, 300, 590, 
0, 422, 210, 298, 423, 851, 
0, 121, 541, 276, 707, 
0, 172, 288, 812, 839, 193, 
0, 615, 368, 84, 760, 
0, 194, 853, 398, 528, 481, 
0, 102, 459, 408, 664, 44, 226, 
0, 164, 204, 610, 90, 160, 644, 
0, 107, 189, 901, 362, 989, 
0, 983, 33, 734, 335, 781, 
0, 409, 585, 627, 922, 41, 
0, 167, 118, 236, 372, 360, 
0, 399, 616, 15, 638, 415, 235, 
0, 609, 932, 380, 292, 205, 
0, 277, 649, 799, 965, 955, 
0, 846, 303, 573, 170, 668, 
0, 579, 549, 59, 202, 882, 
0, 457, 562, 432, 592, 867, 
0, 538, 900, 647, 240, 868, 341, 
0, 743, 4, 437, 550, 814, 
0, 379, 884, 998, 703, 857, 
0, 974, 268, 763, 619, 312, 
0, 345, 772, 761, 806, 469, 
0, 905, 634, 745, 614, 269, 
0, 96, 742, 51, 406, 996, 
0, 417, 648, 959, 504, 789, 173, 
0, 723, 299, 608, 747, 714, 531, 
0, 241, 516, 356, 844, 92, 
0, 553, 835, 880, 169, 
0, 344, 108, 155, 316, 86, 
0, 631, 21, 134, 594, 104, 322, 
0, 498, 591, 849, 54, 701, 753, 
0, 640, 697, 960, 
0, 588, 468, 925, 320, 30, 694, 
0, 37, 26, 258, 336, 896, 783, 
0, 860, 142, 927, 875, 106, 
0, 252, 117, 709, 127, 
0, 493, 425, 671, 331, 219, 
0, 680, 354, 401, 64, 949, 
0, 635, 484, 113, 790, 274, 43, 
0, 80, 912, 150, 381, 557, 
0, 637, 289, 231, 
0, 526, 395, 376, 9, 848, 
0, 919, 116, 969, 689, 826, 126, 
0, 332, 433, 213, 735, 834, 
0, 290, 392, 139, 307, 778, 
0, 314, 678, 710, 1000, 272, 
0, 465, 435, 412, 926, 587, 
0, 434, 582, 673, 740, 583, 
0, 6, 600, 672, 450, 132, 546, 
0, 889, 980, 487, 179, 
0, 813, 921, 811, 606, 941, 
0, 788, 741, 990, 702, 625, 558, 
0, 147, 69, 612, 157, 311, 936, 
0, 351, 119, 460, 206, 597, 
0, 578, 836, 536, 483, 
0, 315, 818, 182, 388, 38, 
0, 99, 756, 168, 461, 192, 552, 
0, 309, 162, 601, 140, 385, 
0, 218, 449, 791, 962, 822, 
0, 923, 602, 522, 61, 445, 877, 
0, 891, 629, 455, 129, 646, 
0, 405, 343, 271, 532, 540, 
0, 475, 765, 929, 685, 438, 
0, 200, 135, 805, 716, 131, 
0, 328, 630, 50, 796, 230, 91, 
0, 456, 804, 476, 233, 105, 153, 
0, 658, 893, 79, 24, 586, 744, 
0, 858, 283, 994, 25, 641, 60, 
0, 13, 699, 825, 76, 295, 
0, 463, 270, 148, 508, 
0, 918, 389, 482, 695, 
0, 431, 73, 36, 208, 897, 
