Solution: 197 241183.530000 300283.530000

0, 715, 22, 258, 336, 896, 
0, 723, 299, 608, 655, 696, 824, 
0, 983, 478, 83, 342, 908, 341, 
0, 133, 511, 361, 166, 
0, 730, 71, 261, 225, 677, 
0, 429, 344, 779, 201, 977, 
0, 109, 548, 420, 666, 512, 193, 
0, 640, 881, 238, 275, 920, 
0, 475, 297, 79, 24, 586, 145, 
0, 764, 865, 617, 74, 
0, 244, 285, 119, 909, 882, 
0, 513, 661, 130, 58, 559, 49, 
0, 953, 821, 948, 636, 338, 544, 
0, 526, 395, 376, 9, 848, 
0, 788, 741, 990, 702, 625, 558, 
0, 860, 887, 375, 467, 421, 
0, 829, 978, 210, 691, 93, 35, 
0, 729, 65, 864, 170, 414, 557, 
0, 107, 195, 838, 372, 360, 
0, 930, 304, 387, 180, 56, 533, 
0, 498, 591, 831, 922, 705, 
0, 499, 146, 36, 639, 25, 
0, 500, 268, 976, 312, 123, 
0, 889, 980, 487, 179, 644, 
0, 332, 433, 124, 842, 897, 
0, 456, 804, 810, 972, 191, 216, 
0, 706, 327, 413, 88, 778, 
0, 521, 20, 890, 112, 823, 
0, 223, 768, 809, 426, 317, 
0, 121, 358, 527, 48, 171, 485, 
0, 227, 622, 87, 486, 
0, 609, 932, 380, 292, 205, 759, 
0, 650, 602, 522, 61, 
0, 538, 900, 647, 240, 590, 
0, 347, 928, 738, 214, 785, 985, 
0, 632, 690, 941, 391, 695, 
0, 772, 428, 761, 806, 769, 
0, 547, 33, 734, 321, 531, 
0, 228, 776, 565, 1000, 502, 
0, 918, 389, 482, 208, 564, 
0, 480, 861, 854, 641, 153, 
0, 553, 213, 283, 735, 834, 
0, 946, 42, 365, 318, 237, 722, 
0, 384, 286, 
0, 315, 818, 182, 762, 744, 
0, 147, 69, 651, 555, 815, 
0, 454, 711, 679, 979, 353, 663, 
0, 952, 506, 430, 514, 67, 
0, 493, 578, 720, 877, 219, 
0, 229, 345, 435, 412, 926, 62, 
0, 250, 407, 520, 305, 747, 509, 
0, 515, 282, 287, 751, 57, 
0, 846, 197, 215, 90, 160, 330, 
0, 409, 585, 627, 41, 190, 
0, 465, 569, 805, 92, 
0, 218, 4, 770, 377, 626, 
0, 942, 436, 366, 444, 566, 
0, 6, 600, 672, 790, 867, 
0, 474, 612, 157, 311, 851, 
0, 241, 516, 529, 163, 871, 
0, 950, 951, 582, 483, 331, 
0, 50, 242, 148, 508, 
0, 697, 291, 301, 
0, 277, 373, 939, 307, 
0, 111, 339, 911, 563, 23, 618, 
0, 374, 914, 97, 825, 28, 
0, 631, 21, 134, 594, 104, 
0, 82, 162, 642, 601, 140, 385, 
0, 549, 630, 944, 59, 199, 
0, 392, 643, 450, 274, 839, 
0, 813, 921, 811, 597, 
0, 688, 253, 752, 808, 874, 774, 
0, 382, 775, 748, 306, 
0, 725, 567, 510, 369, 714, 
0, 873, 270, 154, 
0, 593, 94, 437, 550, 504, 
0, 378, 623, 991, 40, 175, 
0, 164, 204, 329, 326, 855, 
0, 649, 562, 960, 
0, 737, 765, 118, 236, 438, 
0, 141, 836, 784, 536, 47, 
0, 891, 629, 455, 129, 646, 
0, 899, 108, 155, 110, 931, 
0, 194, 472, 535, 489, 840, 814, 
0, 915, 115, 2, 614, 346, 892, 
0, 633, 448, 281, 837, 34, 177, 
0, 943, 337, 870, 264, 670, 895, 
0, 143, 820, 878, 98, 996, 
0, 449, 916, 791, 852, 323, 411, 
0, 588, 925, 906, 320, 30, 
0, 598, 399, 15, 830, 29, 114, 
0, 797, 189, 901, 362, 388, 38, 
0, 615, 803, 624, 176, 445, 
0, 279, 634, 66, 551, 
0, 542, 746, 488, 574, 313, 
0, 658, 912, 683, 150, 381, 
0, 5, 70, 577, 584, 575, 771, 
0, 968, 698, 55, 935, 856, 105, 
0, 463, 293, 807, 
0, 680, 541, 757, 276, 707, 
0, 902, 525, 845, 728, 894, 981, 
0, 490, 364, 970, 777, 239, 
0, 473, 621, 595, 198, 27, 
0, 26, 232, 796, 230, 91, 
0, 607, 937, 139, 255, 
0, 519, 671, 84, 760, 
0, 440, 700, 63, 479, 446, 
0, 257, 1, 712, 340, 704, 
0, 144, 7, 254, 883, 546, 
0, 749, 872, 174, 267, 965, 955, 
0, 898, 884, 998, 703, 259, 
0, 827, 354, 120, 517, 524, 
0, 400, 767, 726, 300, 469, 
0, 732, 718, 675, 750, 530, 580, 
0, 434, 673, 425, 740, 583, 
0, 674, 841, 849, 54, 701, 753, 
0, 876, 328, 460, 206, 
0, 905, 439, 665, 103, 451, 
0, 167, 603, 685, 151, 
0, 178, 46, 572, 822, 78, 
0, 743, 363, 745, 453, 350, 938, 
0, 417, 648, 962, 419, 676, 
0, 459, 408, 664, 44, 226, 
0, 324, 616, 910, 386, 828, 540, 
0, 379, 246, 212, 100, 
0, 974, 303, 573, 668, 322, 
0, 710, 724, 669, 766, 410, 161, 
0, 997, 844, 356, 686, 
0, 755, 801, 396, 183, 
0, 290, 266, 269, 539, 
0, 452, 152, 284, 826, 343, 945, 
0, 188, 787, 610, 77, 
0, 635, 96, 927, 875, 106, 592, 713, 
0, 645, 847, 3, 8, 
0, 742, 298, 423, 652, 367, 
0, 862, 39, 251, 158, 
0, 165, 14, 496, 693, 936, 
0, 383, 271, 335, 781, 260, 
0, 45, 786, 523, 494, 886, 
0, 923, 325, 739, 537, 310, 
0, 736, 987, 18, 866, 966, 224, 
0, 832, 929, 416, 471, 
0, 501, 221, 256, 773, 132, 
0, 579, 543, 333, 443, 464, 604, 
0, 534, 368, 85, 
0, 128, 904, 780, 638, 415, 654, 
0, 249, 397, 138, 265, 857, 
0, 245, 662, 907, 792, 532, 
0, 933, 763, 64, 963, 
0, 817, 203, 619, 248, 
0, 19, 209, 570, 404, 947, 
0, 172, 288, 812, 424, 43, 
0, 995, 554, 934, 32, 406, 231, 
0, 137, 731, 497, 708, 986, 462, 
0, 422, 184, 684, 507, 613, 
0, 919, 116, 969, 689, 10, 126, 
0, 302, 971, 247, 571, 101, 
0, 843, 477, 418, 
0, 954, 68, 782, 442, 222, 
0, 314, 678, 681, 202, 272, 
0, 80, 816, 470, 692, 211, 
0, 491, 687, 296, 964, 390, 888, 
0, 81, 758, 476, 233, 581, 
0, 903, 309, 994, 967, 949, 60, 
0, 13, 699, 181, 76, 295, 
0, 405, 961, 492, 348, 186, 
0, 727, 958, 357, 518, 868, 235, 
0, 431, 913, 993, 262, 653, 
0, 402, 940, 853, 398, 528, 481, 
0, 484, 113, 371, 16, 75, 11, 
0, 637, 289, 156, 
0, 99, 756, 168, 461, 192, 552, 
0, 458, 879, 319, 95, 89, 694, 
0, 956, 721, 403, 620, 316, 
0, 351, 159, 294, 349, 308, 
0, 196, 370, 800, 149, 136, 
0, 568, 72, 589, 125, 719, 
0, 142, 52, 999, 51, 495, 733, 
0, 17, 869, 359, 217, 793, 561, 
0, 973, 835, 880, 169, 234, 
0, 457, 468, 432, 799, 263, 
0, 447, 187, 466, 605, 545, 
0, 917, 273, 982, 606, 656, 
0, 858, 401, 280, 988, 885, 
0, 754, 220, 992, 207, 556, 
0, 122, 802, 659, 599, 505, 352, 
0, 102, 334, 893, 393, 441, 86, 
0, 560, 200, 135, 716, 131, 
0, 657, 975, 12, 628, 587, 
0, 37, 924, 833, 73, 984, 
0, 794, 959, 503, 427, 789, 173, 
0, 185, 355, 53, 667, 
0, 252, 117, 709, 127, 
0, 611, 682, 850, 278, 243, 
0, 717, 798, 795, 394, 
0, 31, 660, 957, 819, 989, 
0, 576, 859, 596, 863, 783, 
