Solution: 194 242229.652000 300429.652000

0, 568, 72, 261, 340, 704, 
0, 812, 434, 673, 720, 599, 
0, 194, 472, 20, 95, 613, 
0, 736, 302, 970, 586, 145, 
0, 609, 932, 380, 100, 
0, 17, 869, 359, 780, 415, 638, 
0, 452, 152, 284, 343, 532, 260, 
0, 946, 42, 365, 318, 628, 330, 
0, 250, 407, 520, 492, 190, 
0, 930, 304, 387, 180, 56, 533, 
0, 474, 612, 157, 311, 851, 
0, 662, 397, 138, 265, 857, 
0, 332, 433, 761, 806, 341, 
0, 697, 286, 183, 
0, 657, 975, 589, 125, 855, 
0, 500, 630, 944, 59, 199, 
0, 918, 389, 169, 234, 897, 
0, 223, 246, 212, 964, 205, 759, 
0, 743, 679, 66, 796, 771, 230, 
0, 374, 699, 76, 148, 508, 
0, 339, 651, 555, 537, 219, 
0, 144, 501, 256, 773, 424, 132, 
0, 141, 832, 929, 685, 360, 
0, 13, 108, 403, 620, 86, 
0, 829, 541, 416, 757, 471, 
0, 645, 816, 683, 170, 967, 
0, 943, 337, 870, 264, 670, 895, 
0, 228, 746, 435, 926, 62, 
0, 279, 549, 213, 842, 597, 
0, 458, 622, 748, 319, 
0, 133, 668, 594, 104, 322, 
0, 954, 303, 401, 64, 381, 239, 
0, 351, 345, 460, 206, 646, 
0, 717, 798, 394, 11, 795, 114, 
0, 121, 358, 254, 866, 966, 
0, 680, 204, 287, 233, 544, 
0, 109, 371, 113, 790, 274, 985, 
0, 889, 980, 18, 352, 693, 
0, 493, 836, 624, 40, 618, 
0, 218, 449, 791, 852, 323, 626, 
0, 137, 547, 983, 734, 321, 531, 
0, 273, 700, 686, 606, 564, 
0, 245, 249, 305, 369, 
0, 431, 833, 73, 984, 211, 
0, 706, 164, 327, 413, 481, 587, 
0, 181, 899, 12, 914, 719, 
0, 184, 978, 210, 691, 495, 
0, 257, 1, 712, 505, 644, 
0, 324, 616, 910, 386, 828, 29, 
0, 200, 924, 146, 36, 208, 
0, 172, 288, 675, 406, 485, 
0, 635, 165, 801, 799, 275, 
0, 658, 297, 215, 90, 160, 
0, 417, 648, 3, 8, 676, 
0, 817, 203, 619, 248, 
0, 122, 802, 659, 48, 171, 
0, 491, 687, 384, 278, 243, 
0, 650, 730, 677, 85, 
0, 490, 189, 901, 819, 989, 
0, 843, 477, 418, 850, 
0, 7, 325, 739, 815, 936, 
0, 447, 187, 466, 605, 545, 509, 
0, 96, 221, 666, 512, 75, 
0, 409, 585, 627, 907, 41, 54, 
0, 917, 569, 805, 149, 908, 
0, 876, 328, 119, 574, 313, 945, 
0, 456, 804, 810, 972, 191, 216, 
0, 593, 293, 916, 427, 789, 663, 
0, 853, 940, 46, 528, 822, 78, 
0, 903, 68, 523, 123, 140, 
0, 873, 270, 150, 224, 
0, 723, 299, 608, 655, 696, 824, 
0, 315, 818, 182, 198, 27, 
0, 968, 242, 864, 751, 
0, 229, 681, 724, 669, 868, 235, 
0, 754, 220, 992, 207, 556, 
0, 252, 117, 998, 703, 259, 
0, 244, 285, 240, 590, 
0, 515, 775, 726, 486, 
0, 188, 787, 97, 825, 28, 
0, 788, 497, 731, 792, 714, 747, 
0, 19, 934, 554, 32, 883, 546, 
0, 725, 567, 163, 871, 656, 
0, 143, 142, 927, 875, 156, 733, 
0, 147, 69, 527, 563, 310, 175, 
0, 498, 591, 705, 922, 701, 753, 
0, 862, 39, 251, 158, 
0, 405, 510, 708, 986, 462, 
0, 902, 399, 15, 830, 217, 654, 
0, 958, 518, 357, 292, 
0, 973, 124, 861, 639, 641, 
0, 364, 957, 362, 388, 38, 
0, 52, 999, 291, 301, 
0, 6, 600, 672, 450, 839, 43, 
0, 81, 758, 476, 856, 411, 
0, 459, 408, 225, 445, 877, 
0, 950, 951, 911, 331, 23, 
0, 378, 803, 784, 176, 707, 
0, 309, 162, 601, 105, 91, 
0, 847, 503, 807, 551, 
0, 891, 629, 455, 129, 295, 
0, 115, 623, 276, 151, 
0, 688, 253, 752, 808, 874, 774, 
0, 942, 436, 366, 444, 566, 
0, 102, 195, 838, 991, 44, 226, 
0, 463, 879, 266, 539, 
0, 674, 961, 831, 348, 186, 
0, 997, 690, 941, 391, 446, 
0, 422, 71, 671, 84, 326, 
0, 588, 925, 906, 30, 106, 
0, 392, 496, 607, 93, 694, 
0, 167, 603, 779, 201, 977, 
0, 633, 448, 281, 837, 34, 177, 
0, 128, 768, 809, 426, 502, 
0, 347, 928, 738, 214, 785, 580, 
0, 553, 835, 880, 735, 25, 
0, 615, 578, 425, 483, 47, 
0, 898, 698, 282, 336, 896, 
0, 116, 800, 529, 10, 540, 
0, 402, 526, 395, 376, 9, 848, 
0, 196, 370, 632, 570, 404, 947, 
0, 640, 80, 470, 854, 692, 60, 
0, 732, 718, 530, 750, 16, 713, 
0, 974, 268, 763, 976, 153, 
0, 82, 21, 24, 762, 744, 
0, 65, 948, 494, 886, 949, 
0, 923, 602, 522, 61, 
0, 881, 238, 174, 267, 955, 965, 
0, 111, 519, 582, 536, 740, 583, 
0, 209, 841, 849, 969, 826, 689, 
0, 987, 572, 398, 88, 89, 
0, 290, 2, 614, 353, 504, 
0, 534, 368, 664, 438, 
0, 576, 979, 596, 338, 834, 
0, 727, 776, 342, 766, 410, 161, 
0, 379, 884, 296, 87, 390, 888, 
0, 475, 660, 79, 511, 166, 
0, 598, 904, 709, 127, 793, 561, 
0, 185, 159, 294, 909, 882, 
0, 858, 283, 994, 50, 783, 
0, 611, 682, 749, 467, 421, 
0, 995, 548, 420, 51, 320, 
0, 729, 765, 118, 236, 372, 
0, 513, 661, 130, 58, 559, 49, 
0, 579, 543, 333, 443, 464, 604, 
0, 631, 134, 971, 247, 571, 885, 
0, 227, 382, 890, 112, 823, 
0, 22, 232, 770, 863, 377, 
0, 31, 525, 845, 728, 894, 981, 
0, 521, 786, 154, 442, 557, 
0, 742, 298, 423, 652, 367, 
0, 827, 921, 482, 811, 695, 
0, 846, 5, 70, 665, 346, 892, 
0, 915, 178, 535, 489, 840, 814, 
0, 241, 516, 356, 844, 92, 
0, 764, 865, 617, 74, 269, 
0, 905, 439, 329, 77, 
0, 454, 711, 94, 437, 550, 308, 
0, 473, 621, 595, 414, 
0, 99, 756, 168, 461, 192, 552, 
0, 933, 120, 777, 963, 
0, 560, 465, 135, 716, 131, 
0, 872, 937, 487, 760, 179, 
0, 484, 820, 878, 98, 996, 193, 
0, 821, 55, 935, 636, 581, 
0, 457, 468, 432, 592, 867, 
0, 715, 859, 577, 584, 575, 385, 
0, 480, 912, 573, 517, 524, 
0, 499, 913, 993, 262, 
0, 755, 684, 255, 507, 35, 
0, 429, 344, 931, 110, 57, 
0, 33, 478, 83, 565, 317, 136, 
0, 919, 741, 990, 702, 625, 558, 
0, 107, 363, 634, 745, 451, 453, 
0, 737, 354, 280, 988, 101, 67, 
0, 642, 782, 222, 237, 722, 
0, 45, 440, 349, 419, 469, 
0, 383, 271, 335, 781, 126, 
0, 952, 506, 430, 514, 312, 
0, 813, 982, 63, 479, 653, 
0, 277, 373, 939, 667, 
0, 400, 900, 647, 300, 778, 
0, 314, 678, 710, 1000, 272, 
0, 953, 334, 893, 361, 393, 
0, 772, 428, 542, 412, 488, 
0, 637, 289, 231, 
0, 643, 14, 139, 307, 
0, 860, 887, 375, 396, 920, 263, 
0, 538, 767, 355, 53, 306, 
0, 37, 26, 258, 202, 769, 
0, 794, 4, 959, 962, 173, 
0, 956, 721, 155, 441, 316, 
0, 649, 562, 960, 
0, 797, 197, 610, 103, 350, 938, 
