Solution: 192 235535.776000 293135.776000

0, 425, 987, 573, 87, 91, 33, 
0, 174, 750, 688, 711, 800, 985, 
0, 208, 289, 718, 284, 
0, 971, 939, 417, 469, 
0, 957, 399, 43, 534, 522, 
0, 236, 648, 355, 93, 616, 
0, 581, 506, 362, 167, 
0, 126, 297, 850, 11, 28, 
0, 620, 513, 250, 347, 478, 
0, 633, 22, 134, 25, 587, 148, 
0, 407, 666, 139, 262, 868, 
0, 872, 883, 264, 970, 960, 
0, 779, 315, 215, 47, 332, 
0, 107, 767, 169, 684, 752, 583, 
0, 838, 499, 431, 509, 613, 
0, 976, 797, 874, 754, 638, 
0, 720, 801, 55, 442, 763, 
0, 348, 665, 938, 272, 237, 580, 
0, 972, 367, 210, 89, 293, 
0, 105, 365, 636, 757, 758, 553, 
0, 242, 569, 724, 52, 841, 
0, 785, 346, 537, 483, 309, 950, 
0, 494, 520, 857, 905, 981, 
0, 975, 271, 62, 373, 259, 
0, 241, 283, 343, 919, 535, 
0, 582, 435, 881, 334, 307, 
0, 735, 299, 609, 605, 656, 504, 
0, 621, 632, 610, 949, 
0, 961, 661, 962, 830, 199, 
0, 484, 339, 261, 676, 
0, 463, 914, 690, 675, 879, 230, 
0, 925, 113, 643, 462, 56, 266, 
0, 577, 875, 619, 745, 82, 
0, 737, 747, 860, 505, 906, 
0, 386, 275, 239, 112, 
0, 337, 76, 196, 27, 519, 
0, 561, 303, 19, 468, 260, 185, 
0, 959, 329, 776, 144, 601, 576, 
0, 186, 746, 165, 414, 893, 588, 
0, 384, 625, 789, 762, 317, 
0, 79, 192, 372, 154, 
0, 878, 515, 304, 477, 761, 
0, 941, 201, 467, 701, 209, 
0, 917, 92, 783, 873, 908, 845, 
0, 894, 341, 693, 327, 273, 
0, 689, 536, 768, 231, 274, 
0, 940, 247, 398, 
0, 594, 291, 926, 438, 824, 
0, 254, 258, 702, 669, 439, 
0, 551, 374, 712, 64, 672, 
0, 358, 249, 219, 45, 393, 
0, 191, 470, 528, 353, 550, 
0, 121, 673, 595, 102, 321, 
0, 238, 571, 819, 730, 58, 489, 
0, 697, 826, 248, 821, 885, 788, 
0, 598, 916, 796, 15, 808, 564, 
0, 403, 179, 2, 453, 351, 945, 
0, 765, 1, 83, 221, 646, 
0, 501, 543, 742, 809, 807, 728, 
0, 78, 831, 837, 120, 217, 
0, 983, 449, 278, 622, 954, 
0, 853, 549, 133, 200, 782, 
0, 182, 944, 974, 822, 645, 
0, 570, 70, 590, 123, 865, 
0, 823, 931, 706, 127, 631, 
0, 132, 157, 623, 312, 84, 
0, 212, 419, 810, 964, 804, 175, 
0, 956, 732, 679, 452, 17, 727, 
0, 989, 116, 998, 717, 256, 
0, 508, 226, 128, 710, 57, 181, 
0, 929, 753, 991, 698, 344, 772, 
0, 130, 510, 523, 9, 936, 
0, 385, 406, 268, 721, 654, 
0, 639, 288, 778, 227, 
0, 360, 993, 849, 32, 
0, 345, 106, 13, 630, 328, 
0, 432, 923, 149, 205, 909, 
0, 869, 465, 574, 511, 265, 
0, 451, 870, 597, 585, 539, 
0, 486, 578, 799, 36, 667, 
0, 491, 302, 854, 774, 544, 
0, 145, 50, 999, 95, 560, 48, 
0, 994, 545, 140, 805, 114, 
0, 705, 813, 655, 12, 396, 847, 324, 
0, 563, 880, 359, 16, 424, 
0, 357, 963, 790, 567, 410, 162, 
0, 97, 166, 375, 896, 542, 40, 
0, 294, 381, 973, 969, 546, 591, 
0, 812, 526, 518, 487, 899, 867, 
0, 871, 194, 612, 434, 74, 
0, 295, 911, 316, 234, 734, 
0, 325, 723, 686, 1000, 269, 
0, 146, 832, 890, 709, 104, 
0, 579, 538, 336, 444, 464, 604, 
0, 473, 63, 404, 443, 395, 
0, 748, 611, 770, 203, 290, 901, 
0, 110, 668, 556, 204, 887, 222, 
0, 225, 207, 298, 369, 700, 
0, 68, 741, 726, 340, 703, 
0, 740, 777, 117, 4, 794, 990, 
0, 456, 39, 163, 943, 142, 387, 
0, 884, 267, 156, 
0, 803, 187, 448, 842, 96, 
0, 401, 780, 547, 7, 
0, 380, 626, 992, 664, 361, 
0, 955, 514, 680, 733, 517, 446, 
0, 100, 460, 66, 408, 41, 455, 
0, 5, 599, 216, 651, 313, 177, 
0, 635, 354, 277, 988, 99, 65, 
0, 335, 122, 292, 895, 
0, 188, 415, 802, 151, 503, 
0, 193, 370, 634, 952, 164, 
0, 904, 320, 457, 440, 566, 653, 
0, 6, 759, 608, 877, 211, 
0, 695, 714, 476, 606, 392, 
0, 951, 691, 466, 232, 
0, 589, 935, 918, 67, 
0, 681, 496, 820, 305, 
0, 109, 663, 921, 565, 531, 24, 
0, 281, 333, 21, 252, 
0, 559, 848, 529, 479, 46, 
0, 18, 72, 722, 125, 
0, 480, 111, 371, 423, 490, 
0, 617, 817, 627, 178, 530, 
0, 223, 891, 263, 533, 
0, 713, 836, 73, 161, 
0, 280, 397, 379, 8, 859, 
0, 183, 540, 924, 412, 137, 
0, 218, 243, 382, 98, 391, 
0, 900, 708, 86, 171, 907, 
0, 856, 996, 474, 421, 160, 88, 704, 
0, 743, 287, 683, 851, 190, 
0, 352, 118, 461, 575, 888, 
0, 562, 781, 760, 413, 436, 61, 
0, 644, 394, 141, 889, 173, 481, 
0, 958, 833, 953, 172, 968, 557, 
0, 997, 699, 982, 584, 447, 
0, 138, 378, 80, 795, 416, 640, 
0, 647, 657, 3, 967, 607, 
0, 682, 586, 719, 38, 189, 
0, 168, 603, 426, 694, 897, 
0, 276, 649, 806, 429, 497, 
0, 493, 437, 170, 229, 
0, 729, 23, 255, 49, 811, 784, 
0, 400, 662, 418, 388, 839, 920, 
0, 840, 978, 14, 306, 251, 
0, 552, 846, 892, 641, 59, 
0, 454, 195, 282, 376, 152, 37, 
0, 818, 279, 285, 103, 155, 
0, 458, 902, 980, 502, 771, 220, 
0, 143, 725, 687, 979, 411, 798, 
0, 77, 922, 153, 898, 756, 
0, 858, 886, 330, 863, 322, 910, 
0, 119, 816, 660, 498, 180, 
0, 54, 115, 814, 716, 628, 558, 
0, 150, 749, 678, 81, 323, 
0, 600, 366, 913, 108, 233, 
0, 637, 94, 786, 937, 342, 995, 
0, 650, 34, 433, 176, 301, 527, 
0, 69, 928, 390, 855, 129, 
0, 516, 947, 864, 677, 214, 932, 
0, 674, 228, 488, 197, 
0, 42, 441, 85, 350, 685, 
0, 934, 602, 670, 60, 
0, 224, 739, 240, 744, 319, 257, 
0, 147, 270, 671, 524, 507, 131, 
0, 459, 755, 29, 866, 593, 
0, 311, 829, 184, 389, 364, 
0, 471, 624, 596, 383, 235, 
0, 405, 966, 349, 409, 124, 
0, 827, 692, 402, 791, 548, 
0, 20, 206, 53, 572, 927, 658, 
0, 246, 245, 485, 541, 707, 835, 
0, 430, 618, 773, 965, 642, 26, 
0, 769, 363, 71, 984, 
0, 532, 912, 738, 300, 793, 
0, 614, 696, 500, 861, 
0, 198, 135, 356, 882, 90, 
0, 475, 31, 986, 338, 525, 136, 
0, 948, 844, 368, 445, 568, 
0, 472, 615, 159, 308, 862, 
0, 766, 815, 876, 318, 158, 
0, 731, 377, 286, 946, 930, 10, 
0, 44, 554, 942, 30, 652, 825, 
0, 420, 450, 903, 852, 834, 75, 
0, 492, 592, 843, 933, 715, 764, 
0, 828, 775, 977, 244, 
0, 310, 736, 512, 428, 314, 
0, 495, 296, 253, 787, 427, 
0, 915, 202, 331, 101, 35, 629, 
0, 521, 326, 751, 555, 213, 
0, 659, 422, 792, 51, 482, 
