Solution: 194 238811.944000 297011.944000

0, 351, 159, 294, 349, 308, 
0, 6, 600, 672, 790, 750, 43, 
0, 650, 602, 522, 61, 
0, 737, 898, 884, 998, 703, 259, 
0, 400, 767, 355, 53, 748, 
0, 609, 932, 380, 292, 205, 759, 
0, 141, 836, 784, 624, 176, 
0, 640, 80, 470, 692, 639, 211, 
0, 987, 572, 398, 528, 481, 
0, 995, 548, 420, 666, 424, 193, 
0, 431, 913, 993, 262, 653, 
0, 743, 363, 745, 453, 350, 938, 
0, 167, 603, 685, 151, 
0, 538, 900, 647, 240, 590, 
0, 956, 721, 403, 620, 316, 
0, 891, 629, 455, 129, 945, 
0, 50, 242, 148, 508, 
0, 588, 925, 906, 30, 156, 
0, 277, 799, 238, 174, 955, 
0, 499, 146, 36, 208, 897, 
0, 933, 683, 64, 123, 949, 
0, 645, 506, 430, 514, 67, 
0, 688, 253, 752, 808, 874, 774, 
0, 245, 662, 369, 792, 
0, 302, 971, 247, 571, 101, 
0, 457, 468, 432, 592, 867, 
0, 534, 368, 85, 173, 
0, 188, 787, 610, 326, 855, 
0, 196, 370, 632, 570, 404, 947, 
0, 730, 71, 261, 225, 677, 
0, 475, 297, 79, 24, 586, 145, 
0, 382, 622, 306, 486, 
0, 755, 801, 396, 
0, 727, 958, 357, 518, 868, 235, 
0, 26, 232, 796, 230, 91, 
0, 717, 375, 887, 87, 850, 
0, 143, 820, 878, 98, 106, 
0, 484, 113, 371, 16, 75, 11, 
0, 725, 567, 831, 348, 186, 
0, 513, 661, 130, 58, 559, 49, 
0, 832, 929, 416, 471, 
0, 983, 478, 83, 342, 908, 341, 
0, 409, 585, 627, 41, 190, 
0, 229, 227, 775, 419, 676, 
0, 813, 921, 686, 606, 656, 
0, 919, 116, 969, 689, 10, 126, 
0, 200, 529, 800, 625, 558, 
0, 459, 408, 664, 44, 226, 
0, 422, 184, 684, 507, 275, 
0, 405, 961, 492, 907, 705, 
0, 493, 578, 425, 536, 47, 
0, 99, 582, 673, 720, 445, 877, 
0, 417, 847, 3, 8, 
0, 794, 679, 66, 427, 323, 626, 
0, 579, 543, 333, 443, 464, 604, 
0, 228, 776, 565, 1000, 502, 
0, 314, 678, 681, 202, 272, 
0, 378, 623, 991, 40, 175, 
0, 549, 630, 944, 59, 199, 
0, 899, 108, 155, 110, 931, 
0, 953, 821, 948, 935, 105, 153, 
0, 185, 726, 300, 469, 778, 
0, 137, 731, 497, 708, 986, 462, 
0, 122, 802, 659, 599, 505, 352, 
0, 491, 687, 296, 964, 390, 888, 
0, 501, 221, 256, 773, 552, 
0, 553, 213, 283, 735, 834, 
0, 697, 562, 291, 301, 
0, 889, 980, 487, 179, 330, 
0, 723, 299, 608, 655, 696, 824, 
0, 637, 999, 675, 274, 580, 
0, 164, 204, 329, 103, 346, 892, 
0, 736, 14, 139, 307, 
0, 829, 978, 210, 691, 93, 35, 
0, 633, 448, 281, 837, 34, 177, 
0, 463, 345, 435, 412, 926, 62, 
0, 111, 339, 911, 563, 23, 618, 
0, 52, 289, 231, 
0, 279, 634, 979, 338, 544, 
0, 797, 189, 901, 362, 388, 38, 
0, 19, 934, 554, 32, 406, 495, 
0, 374, 699, 181, 914, 719, 
0, 347, 928, 738, 214, 785, 985, 
0, 860, 42, 365, 318, 237, 722, 
0, 631, 21, 134, 594, 104, 885, 
0, 17, 869, 359, 217, 793, 561, 
0, 674, 841, 849, 510, 714, 
0, 568, 72, 589, 125, 28, 
0, 952, 354, 280, 988, 967, 
0, 147, 69, 651, 555, 815, 
0, 942, 436, 366, 444, 566, 
0, 257, 1, 712, 340, 704, 
0, 45, 786, 523, 494, 886, 
0, 107, 195, 838, 372, 360, 
0, 876, 328, 460, 206, 
0, 379, 246, 212, 100, 
0, 843, 477, 418, 920, 421, 
0, 915, 115, 2, 614, 353, 663, 
0, 905, 439, 665, 451, 269, 
0, 498, 591, 922, 54, 701, 753, 
0, 218, 503, 807, 551, 
0, 383, 271, 335, 781, 260, 
0, 480, 861, 854, 517, 524, 
0, 615, 803, 483, 740, 583, 
0, 858, 303, 573, 668, 322, 
0, 846, 197, 215, 90, 160, 644, 
0, 764, 865, 617, 74, 
0, 649, 39, 251, 158, 
0, 754, 220, 992, 207, 556, 
0, 593, 4, 959, 962, 789, 
0, 165, 298, 423, 652, 367, 
0, 490, 364, 970, 777, 239, 
0, 973, 835, 880, 169, 234, 
0, 923, 325, 739, 537, 310, 
0, 788, 741, 990, 702, 149, 646, 
0, 465, 569, 805, 92, 
0, 440, 700, 63, 479, 446, 
0, 500, 816, 120, 963, 856, 
0, 526, 395, 376, 9, 848, 
0, 458, 879, 319, 95, 89, 694, 
0, 729, 65, 864, 170, 414, 557, 
0, 772, 428, 761, 806, 769, 
0, 902, 525, 845, 728, 894, 981, 
0, 521, 20, 890, 112, 823, 
0, 454, 711, 94, 437, 550, 
0, 474, 612, 157, 311, 851, 
0, 648, 293, 770, 377, 411, 
0, 547, 33, 734, 321, 532, 531, 
0, 332, 433, 124, 842, 597, 
0, 635, 142, 927, 875, 996, 
0, 102, 334, 893, 393, 441, 86, 
0, 144, 7, 254, 883, 546, 
0, 241, 516, 135, 716, 131, 
0, 643, 607, 18, 866, 966, 216, 
0, 710, 724, 669, 766, 410, 161, 
0, 968, 698, 55, 636, 77, 
0, 249, 397, 138, 265, 857, 
0, 315, 818, 182, 762, 744, 
0, 706, 940, 46, 255, 822, 78, 
0, 930, 304, 960, 183, 
0, 429, 344, 779, 201, 977, 
0, 873, 270, 154, 
0, 657, 975, 12, 628, 587, 
0, 252, 117, 709, 127, 
0, 946, 682, 749, 467, 278, 243, 
0, 715, 22, 258, 336, 896, 
0, 997, 844, 356, 811, 
0, 250, 407, 520, 305, 747, 509, 
0, 560, 542, 746, 488, 574, 313, 
0, 194, 472, 535, 489, 840, 814, 
0, 817, 203, 619, 248, 
0, 452, 152, 284, 826, 343, 136, 
0, 82, 162, 642, 601, 140, 385, 
0, 244, 285, 119, 909, 882, 
0, 515, 282, 287, 751, 57, 
0, 5, 70, 577, 584, 575, 771, 
0, 732, 718, 450, 530, 512, 132, 
0, 950, 951, 434, 331, 219, 
0, 519, 671, 84, 760, 
0, 917, 273, 982, 391, 564, 
0, 324, 616, 910, 386, 828, 540, 
0, 943, 337, 870, 264, 670, 895, 
0, 903, 309, 994, 25, 641, 60, 
0, 658, 765, 118, 236, 438, 
0, 121, 358, 527, 48, 171, 485, 
0, 598, 399, 15, 830, 29, 114, 
0, 128, 904, 780, 638, 415, 654, 
0, 81, 758, 476, 233, 581, 
0, 456, 804, 810, 972, 191, 224, 
0, 576, 859, 596, 863, 783, 
0, 384, 286, 
0, 402, 853, 937, 496, 693, 936, 
0, 223, 768, 809, 426, 317, 
0, 680, 541, 757, 276, 707, 
0, 109, 756, 168, 461, 192, 
0, 974, 268, 763, 976, 312, 
0, 881, 373, 939, 667, 263, 
0, 178, 327, 413, 88, 613, 
0, 31, 660, 957, 819, 989, 
0, 862, 872, 267, 965, 56, 533, 
0, 611, 798, 394, 795, 387, 180, 
0, 447, 187, 466, 605, 545, 
0, 13, 97, 825, 76, 295, 
0, 918, 389, 482, 695, 
0, 96, 742, 51, 320, 733, 
0, 449, 916, 791, 852, 504, 
0, 37, 924, 833, 73, 984, 
0, 473, 621, 595, 198, 27, 
0, 133, 511, 361, 166, 
0, 290, 392, 266, 539, 
0, 954, 68, 782, 442, 222, 
0, 209, 690, 941, 163, 871, 
0, 827, 912, 401, 150, 381, 
0, 172, 288, 812, 839, 713, 
