Solution: 194 238826.308000 297026.308000

0, 33, 625, 841, 367, 356, 
0, 918, 117, 639, 447, 60, 304, 
0, 435, 929, 363, 442, 902, 
0, 877, 818, 576, 899, 562, 
0, 355, 982, 584, 390, 650, 
0, 748, 4, 961, 499, 
0, 928, 666, 668, 65, 
0, 688, 373, 963, 227, 
0, 100, 776, 220, 51, 878, 778, 
0, 399, 906, 350, 54, 
0, 392, 101, 14, 917, 413, 
0, 944, 358, 80, 36, 
0, 646, 41, 432, 386, 804, 632, 
0, 405, 863, 857, 951, 383, 
0, 656, 659, 416, 232, 591, 
0, 155, 190, 372, 991, 359, 693, 
0, 630, 694, 56, 575, 921, 949, 
0, 381, 406, 409, 986, 457, 
0, 125, 807, 657, 560, 538, 208, 
0, 285, 336, 710, 705, 286, 
0, 618, 518, 535, 342, 896, 558, 
0, 983, 1000, 289, 913, 773, 
0, 835, 933, 415, 467, 
0, 273, 329, 324, 321, 858, 
0, 735, 724, 794, 753, 17, 719, 
0, 489, 553, 795, 555, 
0, 217, 380, 894, 20, 886, 391, 
0, 884, 235, 866, 157, 
0, 908, 497, 292, 250, 777, 134, 
0, 181, 979, 15, 320, 37, 
0, 370, 706, 826, 84, 448, 
0, 514, 653, 3, 9, 
0, 793, 607, 460, 652, 700, 825, 
0, 207, 417, 595, 865, 375, 
0, 647, 1, 684, 91, 
0, 956, 823, 791, 438, 754, 581, 
0, 449, 717, 97, 980, 318, 904, 
0, 291, 362, 313, 229, 728, 
0, 564, 293, 992, 661, 713, 
0, 283, 743, 685, 204, 985, 
0, 512, 817, 246, 755, 839, 800, 
0, 952, 519, 678, 536, 480, 
0, 239, 664, 141, 763, 
0, 769, 121, 5, 783, 990, 
0, 103, 759, 682, 456, 186, 556, 
0, 21, 974, 24, 587, 149, 
0, 458, 761, 123, 780, 610, 
0, 48, 715, 673, 687, 498, 138, 
0, 488, 640, 335, 695, 201, 
0, 284, 999, 102, 297, 
0, 819, 195, 977, 242, 
0, 278, 943, 856, 528, 824, 86, 
0, 7, 602, 742, 215, 334, 
0, 619, 160, 135, 265, 
0, 87, 461, 827, 126, 64, 
0, 19, 937, 559, 34, 649, 404, 726, 
0, 758, 879, 806, 502, 249, 613, 
0, 243, 407, 520, 301, 344, 184, 
0, 418, 501, 430, 796, 513, 
0, 164, 371, 888, 547, 481, 
0, 799, 288, 919, 348, 843, 815, 
0, 521, 940, 975, 185, 968, 926, 
0, 831, 658, 959, 194, 978, 
0, 958, 897, 393, 439, 309, 
0, 851, 444, 275, 621, 307, 
0, 611, 692, 290, 382, 272, 236, 
0, 934, 300, 462, 394, 
0, 739, 298, 846, 973, 749, 
0, 8, 319, 718, 500, 641, 
0, 895, 617, 766, 197, 66, 
0, 655, 545, 792, 85, 
0, 954, 330, 594, 440, 414, 
0, 188, 326, 484, 314, 
0, 39, 22, 672, 774, 333, 412, 
0, 271, 568, 262, 118, 967, 534, 
0, 957, 322, 867, 82, 219, 228, 
0, 446, 222, 252, 331, 901, 
0, 114, 660, 211, 426, 187, 
0, 203, 976, 277, 52, 173, 
0, 953, 915, 569, 23, 620, 
0, 470, 612, 158, 306, 854, 
0, 230, 876, 269, 945, 385, 177, 
0, 140, 295, 798, 365, 720, 
0, 133, 925, 479, 812, 699, 
0, 701, 244, 396, 180, 
0, 266, 527, 305, 750, 939, 
0, 829, 525, 849, 732, 966, 
0, 870, 572, 845, 509, 900, 
0, 554, 369, 174, 810, 59, 13, 
0, 148, 822, 883, 702, 110, 
0, 920, 707, 67, 368, 257, 
0, 733, 28, 136, 593, 108, 671, 
0, 589, 911, 868, 364, 491, 
0, 494, 592, 711, 927, 45, 
0, 471, 200, 422, 71, 670, 258, 
0, 124, 353, 247, 214, 598, 347, 
0, 453, 781, 942, 303, 
0, 328, 317, 450, 131, 628, 
0, 485, 332, 873, 259, 674, 
0, 504, 548, 734, 737, 316, 531, 
0, 452, 463, 315, 76, 421, 
0, 151, 74, 648, 744, 310, 175, 
0, 814, 150, 168, 224, 
0, 166, 603, 424, 690, 890, 
0, 476, 787, 212, 892, 969, 
0, 850, 189, 609, 627, 507, 
0, 410, 586, 834, 605, 898, 
0, 864, 635, 32, 859, 871, 
0, 251, 77, 256, 696, 642, 
0, 443, 935, 378, 287, 196, 254, 
0, 429, 340, 12, 154, 
0, 721, 299, 400, 241, 891, 
0, 924, 119, 972, 828, 339, 765, 
0, 238, 280, 92, 482, 
0, 539, 505, 551, 420, 683, 
0, 679, 703, 714, 96, 161, 
0, 167, 433, 44, 745, 537, 
0, 401, 757, 993, 198, 561, 709, 
0, 377, 240, 202, 104, 550, 465, 
0, 112, 549, 142, 681, 221, 
0, 638, 183, 907, 360, 387, 40, 
0, 989, 398, 16, 832, 912, 337, 
0, 308, 820, 179, 767, 552, 
0, 644, 616, 914, 384, 830, 542, 
0, 645, 965, 115, 98, 95, 697, 
0, 599, 677, 669, 530, 511, 
0, 437, 730, 296, 302, 
0, 577, 861, 578, 585, 775, 
0, 998, 281, 
0, 492, 606, 143, 882, 171, 
0, 495, 916, 994, 984, 
0, 573, 79, 590, 903, 29, 
0, 127, 768, 263, 516, 524, 
0, 245, 120, 909, 785, 636, 206, 
0, 847, 996, 473, 419, 389, 
0, 469, 623, 170, 191, 27, 
0, 680, 740, 852, 55, 708, 756, 
0, 633, 747, 294, 425, 816, 736, 
0, 172, 253, 813, 704, 790, 83, 
0, 69, 950, 152, 176, 
0, 723, 663, 923, 61, 565, 
0, 893, 981, 441, 459, 604, 
0, 145, 840, 427, 522, 216, 
0, 88, 762, 472, 223, 423, 
0, 78, 922, 388, 962, 738, 10, 
0, 574, 716, 351, 848, 875, 654, 
0, 712, 323, 675, 94, 782, 
0, 997, 267, 475, 691, 570, 
0, 729, 182, 833, 546, 
0, 526, 395, 608, 946, 156, 
0, 557, 838, 885, 637, 90, 
0, 624, 445, 261, 
0, 193, 629, 436, 62, 588, 
0, 26, 821, 523, 487, 634, 
0, 218, 571, 517, 428, 311, 
0, 615, 582, 874, 327, 583, 
0, 686, 543, 760, 226, 270, 
0, 580, 510, 357, 165, 
0, 106, 454, 73, 408, 113, 139, 
0, 147, 53, 931, 880, 995, 47, 
0, 376, 676, 89, 764, 
0, 346, 341, 947, 881, 887, 
0, 130, 374, 338, 771, 411, 162, 
0, 178, 506, 49, 869, 205, 
0, 862, 600, 282, 466, 159, 
0, 698, 803, 651, 503, 853, 
0, 631, 936, 689, 68, 379, 231, 
0, 403, 964, 477, 752, 508, 
0, 566, 772, 751, 544, 483, 
0, 746, 279, 529, 153, 490, 
0, 474, 35, 493, 786, 128, 
0, 234, 515, 137, 722, 132, 
0, 597, 872, 354, 784, 31, 116, 
0, 579, 844, 63, 855, 192, 
0, 343, 662, 932, 268, 233, 842, 
0, 955, 987, 397, 209, 478, 
0, 910, 361, 70, 455, 107, 42, 
0, 111, 727, 402, 622, 725, 
0, 770, 312, 210, 50, 325, 
0, 741, 349, 274, 988, 105, 72, 
0, 464, 276, 58, 801, 788, 
0, 18, 81, 129, 260, 797, 567, 
0, 57, 960, 352, 11, 930, 225, 
0, 486, 808, 789, 43, 665, 
0, 213, 731, 779, 237, 532, 255, 
0, 948, 46, 163, 601, 144, 
0, 199, 366, 805, 626, 563, 
0, 970, 468, 248, 541, 
0, 496, 122, 811, 434, 596, 643, 
0, 905, 889, 971, 93, 169, 860, 
0, 6, 75, 667, 30, 345, 941, 
0, 802, 533, 938, 146, 109, 837, 
0, 431, 836, 38, 99, 25, 
0, 451, 809, 2, 614, 264, 540, 
