Solution: 194 236885.614000 295085.614000

0, 649, 435, 671, 903, 344, 
0, 558, 295, 993, 665, 434, 
0, 116, 538, 410, 692, 895, 
0, 884, 326, 123, 949, 892, 
0, 765, 77, 91, 885, 713, 
0, 868, 926, 135, 61, 559, 
0, 454, 427, 28, 864, 589, 
0, 888, 942, 974, 48, 822, 643, 
0, 86, 770, 641, 639, 539, 
0, 381, 281, 
0, 154, 354, 252, 225, 596, 349, 
0, 148, 847, 421, 39, 669, 
0, 969, 18, 901, 834, 605, 
0, 150, 149, 883, 110, 874, 
0, 446, 922, 803, 499, 802, 
0, 652, 750, 227, 533, 305, 
0, 742, 843, 935, 418, 470, 
0, 273, 564, 236, 633, 272, 
0, 209, 631, 56, 945, 604, 387, 
0, 902, 318, 452, 134, 62, 
0, 197, 365, 812, 624, 557, 
0, 359, 634, 756, 757, 553, 
0, 360, 853, 972, 245, 319, 
0, 375, 623, 717, 44, 450, 
0, 164, 160, 397, 310, 92, 
0, 119, 516, 261, 535, 
0, 449, 158, 370, 333, 795, 131, 
0, 201, 629, 817, 97, 
0, 243, 668, 145, 771, 
0, 744, 117, 887, 705, 161, 
0, 106, 68, 520, 67, 964, 
0, 151, 269, 21, 294, 420, 138, 
0, 766, 882, 813, 886, 175, 481, 
0, 229, 505, 648, 544, 588, 
0, 957, 72, 796, 223, 636, 417, 
0, 873, 517, 300, 478, 
0, 530, 73, 8, 157, 
0, 518, 800, 58, 437, 763, 
0, 29, 816, 483, 429, 324, 863, 
0, 749, 609, 288, 206, 899, 
0, 611, 950, 689, 465, 946, 118, 
0, 999, 285, 779, 340, 
0, 577, 35, 720, 83, 462, 602, 
0, 955, 393, 46, 536, 523, 585, 
0, 617, 1, 253, 613, 548, 
0, 169, 204, 327, 448, 347, 943, 
0, 662, 522, 752, 565, 219, 
0, 921, 832, 857, 741, 906, 982, 
0, 956, 139, 870, 439, 407, 
0, 47, 664, 411, 237, 875, 339, 
0, 777, 871, 593, 335, 235, 
0, 549, 367, 211, 70, 673, 
0, 385, 432, 153, 208, 628, 
0, 321, 685, 688, 1000, 268, 
0, 275, 590, 289, 423, 550, 
0, 769, 973, 591, 108, 896, 
0, 255, 743, 257, 700, 644, 
0, 727, 675, 784, 869, 374, 404, 
0, 975, 464, 837, 127, 147, 
0, 111, 325, 576, 582, 809, 785, 
0, 445, 498, 819, 833, 
0, 199, 280, 838, 508, 364, 188, 
0, 953, 954, 40, 787, 193, 
0, 126, 336, 679, 732, 618, 
0, 398, 342, 267, 497, 142, 
0, 640, 332, 440, 772, 182, 
0, 144, 31, 650, 988, 460, 773, 
0, 78, 925, 213, 961, 637, 212, 
0, 230, 566, 241, 422, 312, 41, 
0, 947, 121, 877, 260, 677, 
0, 463, 524, 168, 924, 951, 
0, 630, 19, 571, 22, 584, 152, 
0, 521, 608, 994, 81, 
0, 250, 394, 13, 205, 27, 656, 
0, 15, 80, 719, 132, 
0, 810, 298, 264, 977, 307, 
0, 510, 299, 59, 788, 383, 9, 
0, 936, 667, 231, 706, 820, 183, 
0, 540, 293, 314, 735, 143, 
0, 368, 408, 801, 500, 216, 
0, 710, 270, 66, 476, 655, 
0, 113, 940, 554, 52, 654, 745, 
0, 865, 776, 203, 619, 952, 
0, 495, 929, 823, 703, 436, 
0, 426, 356, 361, 441, 567, 
0, 786, 616, 774, 818, 783, 
0, 635, 53, 415, 672, 525, 43, 
0, 17, 170, 210, 419, 362, 733, 
0, 20, 232, 256, 334, 845, 
0, 348, 424, 457, 207, 65, 
0, 443, 938, 377, 104, 
0, 57, 120, 971, 992, 155, 491, 
0, 504, 542, 985, 842, 102, 
0, 754, 686, 69, 458, 107, 797, 
0, 218, 412, 807, 433, 265, 
0, 642, 12, 406, 95, 890, 84, 
0, 430, 173, 459, 330, 551, 
0, 345, 666, 934, 214, 14, 726, 
0, 939, 690, 396, 790, 546, 
0, 172, 601, 202, 114, 937, 
0, 911, 976, 10, 920, 26, 
0, 195, 329, 485, 482, 
0, 638, 828, 124, 156, 378, 
0, 191, 313, 221, 50, 328, 
0, 958, 904, 85, 509, 171, 
0, 645, 501, 425, 805, 610, 
0, 562, 782, 821, 431, 308, 
0, 3, 112, 620, 438, 
0, 891, 880, 178, 262, 297, 320, 
0, 87, 196, 767, 234, 355, 
0, 840, 979, 916, 76, 316, 
0, 512, 278, 282, 60, 
0, 736, 296, 607, 806, 804, 907, 
0, 304, 338, 468, 699, 263, 
0, 914, 737, 341, 841, 793, 
0, 931, 600, 681, 480, 49, 
0, 487, 815, 798, 180, 532, 
0, 284, 751, 687, 707, 799, 987, 
0, 286, 254, 714, 708, 287, 
0, 927, 189, 603, 541, 905, 835, 
0, 486, 694, 503, 274, 240, 
0, 729, 371, 283, 391, 928, 7, 
0, 247, 392, 962, 346, 711, 764, 
0, 23, 390, 373, 747, 90, 
0, 279, 181, 531, 963, 177, 
0, 140, 490, 290, 684, 
0, 343, 734, 185, 405, 731, 
0, 997, 697, 983, 581, 442, 
0, 379, 622, 791, 414, 760, 
0, 137, 722, 693, 366, 258, 
0, 661, 187, 691, 323, 502, 388, 
0, 968, 959, 384, 186, 36, 
0, 456, 363, 89, 337, 
0, 125, 74, 653, 555, 311, 
0, 829, 848, 246, 986, 
0, 322, 670, 725, 228, 556, 
0, 309, 830, 543, 775, 755, 
0, 376, 970, 894, 292, 413, 
0, 778, 122, 2, 792, 991, 
0, 45, 721, 676, 780, 403, 166, 
0, 995, 730, 680, 447, 849, 194, 
0, 547, 851, 63, 948, 5, 859, 
0, 561, 515, 759, 484, 574, 
0, 494, 748, 723, 930, 42, 55, 
0, 560, 695, 827, 251, 51, 881, 529, 
0, 569, 79, 587, 130, 909, 
0, 915, 866, 980, 38, 625, 
0, 115, 614, 580, 64, 
0, 552, 846, 889, 233, 908, 
0, 248, 400, 444, 658, 507, 
0, 472, 612, 162, 306, 826, 
0, 910, 198, 215, 627, 165, 
0, 855, 996, 475, 94, 860, 
0, 923, 570, 352, 856, 879, 660, 
0, 716, 944, 861, 678, 850, 825, 
0, 740, 960, 353, 6, 933, 303, 
0, 331, 428, 129, 854, 594, 646, 
0, 632, 350, 276, 990, 105, 71, 
0, 586, 466, 872, 698, 98, 33, 
0, 647, 615, 918, 382, 839, 537, 
0, 704, 249, 190, 163, 
0, 184, 493, 16, 100, 96, 
0, 534, 912, 739, 659, 
0, 496, 266, 159, 
0, 395, 781, 545, 54, 301, 
0, 4, 369, 893, 30, 492, 
0, 489, 167, 488, 897, 967, 
0, 461, 351, 789, 315, 
0, 380, 399, 401, 718, 317, 
0, 998, 712, 
0, 11, 709, 836, 82, 291, 
0, 858, 932, 844, 34, 101, 
0, 471, 621, 592, 200, 24, 
0, 402, 583, 626, 917, 715, 192, 
0, 224, 244, 965, 386, 
0, 761, 598, 898, 469, 259, 416, 
0, 455, 919, 573, 514, 519, 
0, 239, 513, 141, 728, 136, 
0, 477, 862, 277, 32, 579, 
0, 651, 37, 146, 682, 762, 768, 
0, 453, 900, 981, 506, 966, 226, 
0, 133, 372, 88, 746, 527, 526, 
0, 738, 568, 852, 357, 696, 
0, 867, 528, 474, 575, 599, 109, 
0, 984, 242, 93, 302, 701, 
0, 595, 876, 794, 409, 217, 563, 
0, 473, 663, 913, 831, 358, 978, 
0, 103, 814, 758, 606, 179, 941, 
0, 597, 222, 271, 238, 578, 
0, 467, 989, 572, 220, 479, 
0, 702, 811, 657, 808, 389, 
0, 128, 25, 174, 674, 511, 
0, 176, 824, 683, 878, 753, 
0, 451, 724, 99, 75, 
