Solution: 194 237064.548000 295264.548000

0, 97, 767, 678, 81, 154, 
0, 486, 817, 178, 41, 56, 
0, 682, 569, 860, 505, 906, 
0, 100, 460, 66, 590, 123, 553, 
0, 955, 514, 680, 733, 517, 446, 
0, 107, 545, 140, 778, 652, 490, 
0, 681, 451, 210, 89, 161, 
0, 691, 951, 386, 275, 239, 
0, 294, 381, 973, 969, 546, 591, 
0, 54, 195, 282, 376, 344, 950, 
0, 929, 115, 814, 628, 558, 
0, 146, 832, 890, 709, 995, 
0, 823, 931, 706, 127, 631, 
0, 44, 816, 660, 24, 531, 
0, 150, 358, 249, 219, 498, 645, 
0, 289, 263, 533, 347, 
0, 729, 354, 402, 791, 235, 
0, 871, 900, 286, 86, 171, 868, 907, 
0, 109, 617, 582, 881, 334, 307, 
0, 450, 674, 820, 539, 
0, 352, 346, 537, 575, 309, 
0, 812, 765, 726, 340, 771, 
0, 740, 777, 117, 4, 794, 990, 
0, 598, 916, 796, 262, 808, 564, 
0, 492, 592, 843, 724, 715, 764, 
0, 484, 339, 261, 676, 
0, 174, 750, 688, 711, 800, 985, 
0, 994, 732, 423, 452, 524, 507, 
0, 310, 736, 675, 388, 920, 136, 
0, 650, 374, 398, 930, 10, 
0, 766, 918, 876, 318, 158, 
0, 20, 663, 921, 787, 313, 530, 
0, 182, 491, 608, 759, 703, 
0, 942, 554, 671, 131, 542, 
0, 224, 357, 512, 428, 314, 
0, 454, 753, 698, 716, 991, 772, 
0, 133, 279, 285, 763, 328, 
0, 532, 912, 648, 300, 793, 
0, 225, 207, 298, 369, 825, 481, 
0, 884, 827, 775, 511, 519, 
0, 126, 116, 203, 290, 901, 
0, 878, 586, 933, 38, 189, 
0, 138, 475, 80, 795, 839, 230, 
0, 130, 523, 356, 152, 489, 
0, 501, 543, 656, 541, 707, 835, 
0, 725, 577, 783, 873, 845, 
0, 940, 19, 226, 821, 301, 
0, 614, 696, 500, 861, 
0, 902, 980, 502, 180, 220, 
0, 168, 603, 426, 694, 897, 
0, 647, 831, 518, 487, 899, 954, 
0, 143, 92, 687, 979, 323, 175, 
0, 384, 333, 21, 252, 
0, 105, 2, 513, 250, 353, 588, 
0, 959, 329, 875, 811, 601, 784, 
0, 348, 665, 938, 272, 237, 580, 
0, 957, 922, 277, 988, 99, 65, 
0, 119, 297, 850, 992, 664, 
0, 401, 780, 547, 51, 305, 
0, 705, 813, 655, 12, 396, 847, 788, 
0, 276, 549, 806, 429, 197, 
0, 110, 713, 836, 73, 865, 
0, 620, 365, 757, 455, 351, 945, 
0, 218, 243, 998, 391, 
0, 737, 747, 53, 572, 927, 952, 
0, 145, 50, 999, 937, 342, 
0, 295, 367, 316, 630, 28, 
0, 625, 267, 151, 503, 
0, 473, 337, 167, 362, 443, 
0, 925, 113, 643, 453, 758, 266, 
0, 633, 22, 134, 595, 102, 898, 
0, 621, 632, 610, 949, 
0, 589, 166, 700, 889, 173, 
0, 948, 363, 71, 32, 
0, 989, 880, 359, 15, 416, 640, 
0, 917, 636, 438, 550, 
0, 779, 315, 215, 47, 211, 
0, 803, 187, 605, 842, 96, 
0, 635, 941, 278, 467, 701, 
0, 594, 291, 926, 863, 607, 
0, 563, 400, 16, 717, 256, 
0, 869, 280, 745, 965, 859, 155, 
0, 540, 911, 13, 924, 222, 
0, 894, 755, 935, 67, 424, 
0, 864, 947, 522, 534, 852, 824, 
0, 739, 790, 240, 744, 319, 257, 
0, 562, 781, 567, 343, 919, 61, 
0, 208, 712, 718, 284, 
0, 448, 407, 515, 349, 761, 504, 
0, 380, 626, 372, 11, 
0, 602, 749, 670, 60, 
0, 188, 415, 802, 183, 412, 
0, 856, 996, 474, 421, 
0, 206, 699, 392, 606, 658, 
0, 69, 928, 437, 170, 229, 
0, 818, 944, 877, 45, 704, 
0, 976, 441, 85, 350, 685, 
0, 639, 288, 227, 
0, 241, 283, 118, 888, 895, 
0, 79, 797, 156, 754, 867, 
0, 6, 375, 896, 30, 393, 
0, 325, 723, 686, 1000, 269, 
0, 335, 618, 773, 58, 629, 
0, 689, 536, 768, 231, 274, 
0, 366, 913, 395, 312, 
0, 708, 883, 176, 114, 560, 324, 
0, 246, 245, 485, 719, 409, 
0, 420, 499, 431, 509, 613, 
0, 891, 903, 470, 93, 88, 
0, 270, 679, 805, 17, 970, 
0, 378, 742, 986, 338, 525, 
0, 494, 461, 292, 782, 
0, 132, 383, 153, 217, 638, 
0, 551, 34, 247, 264, 185, 
0, 193, 370, 634, 164, 52, 
0, 971, 939, 417, 469, 
0, 223, 987, 573, 214, 478, 932, 
0, 963, 760, 413, 436, 483, 
0, 746, 644, 414, 893, 834, 75, 
0, 743, 287, 683, 851, 190, 
0, 165, 202, 331, 462, 101, 35, 
0, 858, 738, 657, 7, 
0, 495, 296, 651, 565, 177, 
0, 94, 786, 128, 710, 57, 181, 
0, 31, 520, 857, 968, 905, 981, 
0, 463, 355, 789, 317, 
0, 435, 169, 684, 752, 583, 
0, 360, 373, 993, 259, 
0, 958, 833, 801, 442, 234, 734, 
0, 191, 528, 967, 762, 
0, 212, 419, 3, 482, 
0, 695, 714, 62, 476, 909, 
0, 77, 692, 574, 142, 
0, 508, 303, 466, 232, 
0, 961, 661, 962, 830, 199, 
0, 581, 76, 506, 557, 
0, 405, 966, 304, 477, 654, 
0, 42, 914, 690, 841, 410, 162, 
0, 496, 853, 488, 200, 
0, 611, 382, 98, 
0, 972, 465, 837, 120, 642, 
0, 904, 320, 457, 440, 566, 653, 
0, 579, 538, 336, 444, 464, 604, 
0, 23, 228, 255, 49, 411, 
0, 975, 390, 122, 855, 293, 
0, 561, 697, 826, 248, 48, 885, 527, 
0, 983, 785, 430, 9, 936, 37, 
0, 748, 194, 612, 434, 74, 
0, 432, 844, 368, 445, 568, 
0, 5, 599, 216, 253, 427, 40, 
0, 458, 121, 25, 587, 148, 756, 
0, 516, 399, 43, 974, 822, 332, 
0, 198, 571, 819, 882, 90, 
0, 559, 848, 529, 479, 46, 
0, 254, 68, 258, 702, 646, 
0, 425, 186, 693, 327, 273, 
0, 394, 14, 141, 306, 
0, 741, 1, 83, 221, 439, 
0, 18, 72, 722, 125, 
0, 238, 510, 135, 730, 129, 
0, 735, 299, 609, 809, 807, 728, 
0, 828, 849, 244, 984, 
0, 997, 271, 982, 584, 447, 
0, 956, 526, 776, 585, 144, 387, 
0, 385, 406, 268, 721, 124, 
0, 147, 578, 799, 627, 36, 887, 
0, 472, 615, 159, 308, 862, 
0, 330, 397, 379, 8, 667, 
0, 281, 179, 677, 87, 616, 
0, 63, 874, 172, 673, 321, 
0, 637, 459, 433, 29, 866, 593, 727, 
0, 649, 810, 964, 497, 804, 
0, 720, 953, 55, 943, 103, 576, 
0, 521, 326, 751, 555, 213, 
0, 242, 666, 139, 770, 
0, 659, 662, 418, 236, 879, 535, 
0, 493, 923, 149, 205, 265, 
0, 471, 624, 596, 196, 27, 
0, 480, 111, 371, 95, 104, 112, 
0, 311, 829, 184, 389, 364, 
0, 570, 70, 404, 623, 84, 
0, 731, 600, 377, 468, 260, 960, 
0, 886, 769, 977, 209, 26, 
0, 302, 854, 544, 774, 548, 
0, 934, 668, 556, 204, 137, 
0, 838, 163, 619, 908, 798, 
0, 552, 846, 892, 641, 82, 
0, 78, 449, 201, 622, 59, 
0, 345, 106, 157, 108, 233, 
0, 840, 978, 815, 91, 33, 
0, 403, 422, 792, 946, 160, 
0, 456, 39, 870, 597, 322, 910, 
0, 915, 192, 408, 669, 361, 
0, 872, 341, 64, 672, 251, 
