Solution: 43 53045.076000 65945.076000

0, 32, 131, 49, 65, 196, 
0, 66, 150, 176, 115, 125, 64, 
0, 133, 77, 54, 107, 87, 
0, 188, 153, 191, 135, 182, 
0, 20, 14, 180, 105, 63, 
0, 195, 73, 62, 8, 138, 
0, 186, 190, 33, 178, 171, 
0, 58, 13, 51, 149, 136, 
0, 81, 47, 34, 29, 69, 
0, 168, 55, 114, 142, 
0, 76, 175, 7, 189, 83, 
0, 169, 96, 46, 10, 118, 
0, 90, 130, 24, 21, 17, 
0, 35, 109, 167, 40, 50, 98, 
0, 93, 161, 31, 100, 101, 
0, 155, 132, 74, 199, 123, 
0, 156, 89, 70, 154, 
0, 113, 99, 86, 120, 48, 
0, 112, 184, 15, 95, 
0, 119, 158, 152, 129, 25, 
0, 26, 117, 165, 111, 84, 
0, 181, 94, 53, 134, 147, 
0, 187, 159, 43, 183, 148, 160, 
0, 28, 56, 85, 2, 
0, 4, 3, 27, 173, 
0, 36, 79, 67, 44, 88, 
0, 151, 198, 12, 146, 52, 
0, 82, 174, 157, 
0, 102, 179, 
0, 78, 126, 103, 41, 140, 
0, 30, 37, 104, 6, 
0, 177, 163, 172, 127, 
0, 194, 91, 22, 5, 97, 
0, 60, 16, 68, 72, 139, 
0, 116, 110, 61, 166, 19, 
0, 122, 92, 11, 18, 108, 162, 
0, 106, 128, 192, 164, 
0, 137, 9, 42, 200, 124, 
0, 185, 141, 23, 59, 1, 
0, 121, 193, 39, 
0, 144, 80, 143, 170, 
0, 145, 71, 57, 197, 45, 
0, 75, 38, 
