Solution: 40 52179.764000 64179.764000

0, 121, 14, 180, 105, 63, 
0, 112, 184, 193, 15, 142, 
0, 169, 79, 33, 178, 
0, 32, 179, 70, 154, 
0, 187, 159, 43, 183, 148, 160, 
0, 30, 37, 31, 6, 42, 
0, 58, 94, 53, 134, 147, 
0, 156, 110, 61, 166, 19, 
0, 90, 80, 143, 170, 
0, 4, 3, 27, 173, 
0, 155, 132, 74, 199, 123, 
0, 195, 73, 62, 21, 8, 17, 
0, 106, 128, 192, 164, 
0, 92, 181, 152, 129, 59, 
0, 194, 91, 57, 197, 45, 
0, 20, 55, 114, 95, 39, 
0, 26, 117, 165, 111, 84, 
0, 66, 133, 77, 115, 125, 64, 
0, 89, 150, 176, 157, 149, 48, 
0, 28, 130, 24, 101, 124, 
0, 145, 175, 198, 7, 52, 
0, 151, 71, 22, 5, 41, 
0, 168, 96, 46, 10, 118, 
0, 93, 161, 104, 100, 162, 
0, 116, 163, 172, 127, 
0, 188, 153, 191, 135, 182, 
0, 144, 36, 23, 189, 1, 
0, 76, 158, 25, 171, 
0, 137, 9, 200, 67, 44, 88, 
0, 38, 174, 13, 51, 108, 
0, 185, 141, 119, 12, 146, 83, 
0, 186, 190, 56, 85, 138, 
0, 60, 49, 72, 65, 196, 
0, 82, 54, 122, 107, 87, 120, 
0, 75, 11, 18, 2, 
0, 35, 109, 167, 40, 50, 98, 
0, 177, 78, 126, 103, 140, 
0, 81, 47, 34, 29, 69, 
0, 113, 99, 86, 97, 136, 
0, 102, 131, 68, 16, 139, 
