Solution: 40 53288.648000 65288.648000

0, 25, 9, 30, 170, 117, 
0, 94, 161, 8, 86, 78, 195, 
0, 148, 119, 193, 68, 93, 
0, 167, 107, 17, 14, 194, 67, 
0, 124, 102, 46, 3, 57, 
0, 112, 160, 59, 41, 126, 
0, 135, 26, 190, 64, 178, 
0, 129, 33, 140, 159, 79, 
0, 38, 76, 98, 91, 143, 
0, 162, 45, 154, 2, 32, 
0, 114, 196, 88, 29, 61, 
0, 6, 121, 130, 72, 155, 164, 
0, 19, 74, 4, 80, 24, 
0, 182, 10, 183, 198, 132, 
0, 35, 13, 96, 28, 75, 152, 
0, 103, 149, 186, 166, 118, 
0, 100, 53, 82, 165, 42, 1, 
0, 99, 21, 20, 163, 109, 
0, 65, 22, 138, 139, 187, 
0, 85, 15, 128, 151, 
0, 60, 77, 127, 23, 83, 168, 
0, 153, 108, 145, 34, 
0, 54, 185, 49, 192, 
0, 134, 146, 50, 56, 180, 
0, 122, 44, 173, 48, 
0, 37, 191, 11, 158, 169, 
0, 70, 87, 141, 73, 27, 
0, 137, 105, 106, 136, 157, 
0, 176, 62, 175, 71, 
0, 16, 156, 123, 174, 104, 
0, 120, 110, 115, 113, 197, 
0, 147, 184, 200, 84, 144, 
0, 189, 188, 52, 199, 40, 
0, 97, 171, 181, 179, 101, 142, 
0, 47, 18, 5, 95, 116, 
0, 36, 39, 69, 125, 
0, 133, 90, 55, 12, 7, 
0, 66, 51, 31, 81, 63, 
0, 172, 43, 58, 111, 177, 
0, 150, 131, 89, 92, 
