Solution: 41 53100.852000 65400.852000

0, 112, 160, 59, 41, 126, 
0, 150, 46, 140, 164, 
0, 25, 9, 30, 116, 117, 
0, 66, 185, 49, 192, 
0, 120, 110, 115, 113, 
0, 133, 90, 55, 12, 152, 
0, 107, 21, 20, 104, 174, 118, 
0, 114, 196, 88, 29, 61, 
0, 167, 15, 128, 68, 92, 
0, 36, 51, 31, 81, 63, 
0, 37, 191, 11, 158, 169, 
0, 47, 162, 190, 64, 178, 
0, 147, 184, 200, 84, 144, 
0, 65, 22, 138, 139, 187, 
0, 16, 156, 123, 32, 
0, 38, 76, 98, 91, 143, 
0, 153, 108, 145, 34, 
0, 189, 188, 52, 199, 40, 
0, 103, 149, 186, 166, 197, 
0, 135, 74, 4, 80, 24, 
0, 172, 43, 58, 111, 177, 
0, 54, 141, 73, 27, 
0, 154, 45, 95, 170, 
0, 100, 53, 82, 42, 165, 7, 
0, 18, 33, 79, 159, 5, 
0, 129, 131, 89, 3, 57, 
0, 85, 148, 119, 151, 
0, 122, 44, 173, 
0, 70, 121, 130, 72, 155, 
0, 134, 146, 50, 93, 48, 
0, 26, 17, 14, 194, 67, 168, 
0, 97, 171, 181, 179, 101, 142, 
0, 124, 102, 106, 136, 157, 
0, 87, 6, 99, 2, 163, 109, 
0, 35, 77, 127, 125, 
0, 94, 161, 8, 86, 78, 195, 
0, 39, 23, 69, 83, 75, 
0, 176, 62, 175, 71, 
0, 19, 60, 13, 96, 28, 1, 
0, 137, 105, 193, 56, 180, 
0, 182, 10, 183, 198, 132, 
