Solution: 41 51694.832000 63994.832000

0, 147, 100, 31, 184, 139, 
0, 98, 148, 84, 171, 124, 170, 
0, 39, 173, 34, 119, 194, 
0, 128, 115, 73, 64, 
0, 26, 86, 51, 136, 
0, 192, 36, 87, 189, 38, 
0, 152, 121, 56, 146, 
0, 57, 52, 153, 137, 67, 
0, 81, 129, 80, 112, 54, 
0, 125, 179, 59, 130, 158, 
0, 30, 188, 75, 142, 111, 
0, 154, 174, 109, 116, 166, 
0, 82, 190, 91, 28, 
0, 77, 55, 126, 149, 
0, 113, 182, 63, 41, 193, 
0, 140, 14, 85, 164, 
0, 42, 172, 19, 21, 18, 
0, 191, 180, 157, 131, 47, 
0, 8, 66, 25, 65, 32, 
0, 175, 183, 20, 68, 24, 90, 
0, 101, 108, 9, 46, 45, 
0, 160, 74, 134, 88, 145, 
0, 89, 132, 11, 2, 40, 
0, 143, 92, 141, 72, 156, 144, 
0, 97, 83, 127, 29, 186, 
0, 155, 60, 4, 93, 181, 
0, 185, 12, 199, 6, 102, 
0, 76, 95, 103, 22, 122, 
0, 53, 94, 
0, 165, 162, 177, 61, 167, 
0, 187, 37, 123, 3, 197, 
0, 16, 120, 161, 79, 178, 
0, 48, 1, 118, 200, 69, 
0, 7, 13, 176, 163, 49, 
0, 44, 133, 159, 135, 96, 
0, 43, 168, 5, 106, 151, 
0, 99, 138, 198, 70, 169, 33, 
0, 17, 117, 10, 104, 23, 
0, 105, 107, 71, 78, 196, 
0, 110, 27, 50, 62, 195, 15, 
0, 35, 58, 150, 114, 
