Solution: 40 53397.876000 65397.876000

0, 103, 149, 186, 11, 158, 169, 
0, 148, 119, 128, 198, 168, 
0, 133, 90, 55, 12, 7, 
0, 120, 110, 115, 113, 197, 
0, 107, 21, 20, 104, 174, 118, 
0, 135, 26, 190, 64, 178, 
0, 25, 9, 30, 170, 117, 
0, 39, 100, 82, 42, 165, 132, 
0, 70, 131, 89, 3, 93, 
0, 16, 156, 123, 166, 
0, 36, 77, 28, 125, 
0, 35, 69, 53, 23, 34, 
0, 114, 22, 141, 73, 
0, 37, 191, 88, 29, 61, 
0, 87, 6, 99, 2, 163, 109, 
0, 153, 108, 52, 40, 199, 
0, 182, 10, 183, 151, 
0, 19, 74, 4, 80, 24, 
0, 137, 105, 193, 56, 180, 
0, 94, 161, 59, 81, 63, 
0, 124, 102, 106, 136, 157, 
0, 122, 44, 173, 
0, 167, 154, 45, 164, 32, 
0, 47, 18, 5, 95, 116, 
0, 176, 62, 127, 83, 67, 
0, 150, 14, 17, 72, 155, 57, 
0, 85, 121, 130, 194, 48, 
0, 134, 146, 50, 15, 145, 
0, 189, 188, 86, 8, 78, 195, 
0, 172, 43, 58, 111, 177, 
0, 129, 33, 140, 159, 79, 
0, 60, 13, 96, 1, 75, 152, 
0, 112, 160, 31, 71, 126, 
0, 54, 185, 49, 192, 
0, 98, 46, 68, 92, 
0, 65, 138, 196, 139, 187, 
0, 38, 76, 162, 91, 143, 
0, 147, 184, 200, 84, 144, 
0, 66, 51, 181, 179, 101, 142, 
0, 97, 171, 41, 175, 27, 
