Solution: 40 53240.418000 65240.418000

0, 47, 18, 5, 30, 116, 
0, 103, 149, 123, 32, 118, 
0, 153, 108, 52, 40, 199, 
0, 182, 10, 183, 151, 
0, 148, 119, 128, 198, 132, 
0, 19, 74, 4, 80, 24, 
0, 25, 9, 20, 170, 117, 
0, 122, 44, 173, 
0, 66, 94, 185, 73, 27, 
0, 124, 102, 106, 136, 157, 
0, 172, 160, 31, 81, 63, 
0, 150, 76, 162, 91, 174, 
0, 60, 107, 17, 14, 67, 152, 
0, 147, 184, 200, 84, 144, 
0, 37, 191, 11, 158, 169, 
0, 39, 23, 165, 42, 34, 
0, 114, 196, 88, 29, 61, 
0, 133, 90, 55, 12, 7, 
0, 54, 49, 141, 192, 
0, 85, 121, 130, 194, 48, 
0, 36, 51, 127, 125, 75, 
0, 100, 53, 82, 69, 83, 168, 
0, 137, 105, 193, 56, 180, 
0, 154, 45, 95, 164, 
0, 189, 188, 58, 86, 78, 195, 
0, 161, 43, 8, 111, 177, 
0, 176, 62, 175, 71, 
0, 38, 131, 89, 3, 93, 
0, 129, 33, 140, 159, 79, 
0, 98, 46, 68, 92, 
0, 120, 110, 115, 113, 197, 
0, 134, 146, 50, 15, 145, 
0, 35, 77, 13, 96, 28, 1, 
0, 97, 171, 181, 179, 101, 142, 
0, 167, 112, 41, 59, 126, 
0, 70, 21, 104, 72, 155, 57, 
0, 65, 22, 138, 139, 187, 
0, 87, 6, 99, 2, 163, 109, 
0, 16, 156, 186, 166, 143, 
0, 135, 26, 190, 64, 178, 
