Solution: 42 51803.682000 64403.682000

0, 29, 116, 2, 72, 199, 
0, 115, 119, 157, 39, 34, 
0, 93, 190, 69, 118, 143, 
0, 68, 74, 70, 182, 
0, 110, 117, 27, 3, 147, 
0, 164, 195, 94, 8, 162, 
0, 75, 48, 5, 84, 
0, 142, 54, 55, 73, 187, 
0, 111, 64, 112, 134, 181, 
0, 20, 105, 171, 123, 89, 
0, 58, 52, 175, 114, 151, 
0, 49, 65, 100, 
0, 19, 144, 85, 6, 46, 
0, 35, 169, 191, 36, 160, 
0, 50, 47, 97, 150, 109, 
0, 184, 71, 86, 177, 
0, 67, 87, 30, 43, 
0, 57, 185, 154, 28, 139, 
0, 12, 133, 170, 9, 22, 
0, 186, 91, 98, 129, 136, 
0, 53, 161, 176, 51, 192, 
0, 146, 16, 156, 59, 95, 
0, 173, 149, 141, 200, 113, 
0, 198, 101, 197, 179, 
0, 174, 122, 41, 127, 194, 
0, 108, 13, 96, 44, 
0, 37, 137, 63, 92, 130, 
0, 32, 103, 83, 166, 102, 
0, 26, 77, 132, 180, 
0, 124, 82, 56, 45, 106, 
0, 4, 183, 80, 81, 88, 
0, 18, 104, 107, 11, 10, 
0, 168, 152, 90, 155, 121, 128, 
0, 61, 159, 188, 165, 178, 
0, 196, 38, 25, 60, 148, 
0, 145, 172, 21, 131, 76, 
0, 189, 42, 140, 163, 78, 
0, 126, 138, 125, 33, 62, 
0, 193, 15, 120, 66, 31, 
0, 153, 17, 79, 158, 24, 
0, 40, 1, 14, 135, 
0, 23, 167, 7, 99, 
