Solution: 40 53293.618000 65293.618000

0, 70, 131, 89, 3, 93, 
0, 37, 191, 11, 158, 169, 
0, 47, 18, 5, 95, 116, 
0, 74, 185, 49, 192, 
0, 107, 17, 14, 194, 67, 168, 
0, 133, 90, 55, 12, 7, 
0, 36, 77, 96, 28, 75, 152, 
0, 25, 9, 20, 30, 117, 
0, 35, 69, 127, 125, 83, 
0, 66, 51, 31, 81, 63, 
0, 167, 112, 160, 111, 126, 
0, 153, 108, 52, 40, 199, 
0, 176, 62, 4, 80, 24, 
0, 60, 6, 21, 104, 174, 118, 
0, 129, 33, 140, 159, 79, 
0, 114, 196, 88, 29, 61, 
0, 189, 188, 86, 8, 78, 195, 
0, 120, 110, 115, 113, 48, 
0, 148, 119, 128, 198, 1, 
0, 65, 22, 138, 139, 187, 
0, 97, 171, 181, 179, 101, 142, 
0, 124, 102, 106, 136, 157, 
0, 54, 141, 73, 27, 
0, 85, 100, 53, 23, 34, 
0, 121, 46, 68, 92, 
0, 94, 161, 59, 175, 71, 
0, 182, 10, 183, 151, 
0, 19, 87, 99, 2, 163, 109, 
0, 134, 146, 50, 15, 145, 
0, 147, 184, 200, 84, 144, 
0, 16, 156, 123, 32, 
0, 172, 43, 58, 177, 41, 
0, 135, 26, 190, 64, 178, 
0, 13, 39, 82, 42, 165, 132, 
0, 38, 76, 98, 91, 143, 
0, 137, 105, 193, 56, 180, 
0, 150, 130, 72, 155, 57, 
0, 162, 45, 154, 170, 164, 
0, 122, 44, 173, 
0, 103, 149, 186, 166, 197, 
