Solution: 75 92848.392000 115348.392000

0, 381, 378, 211, 396, 264, 
0, 181, 271, 29, 194, 89, 
0, 203, 337, 302, 110, 281, 277, 
0, 170, 251, 228, 41, 287, 
0, 366, 188, 201, 247, 127, 377, 
0, 316, 243, 96, 26, 344, 
0, 363, 312, 17, 340, 76, 288, 
0, 279, 394, 37, 27, 397, 44, 
0, 33, 45, 176, 350, 
0, 82, 130, 112, 214, 294, 
0, 149, 296, 266, 123, 164, 
0, 175, 158, 156, 237, 179, 
0, 300, 325, 230, 134, 183, 66, 
0, 273, 94, 318, 249, 242, 125, 
0, 200, 202, 85, 138, 335, 193, 
0, 369, 69, 356, 274, 8, 166, 
0, 313, 163, 51, 118, 60, 
0, 157, 173, 18, 169, 131, 
0, 144, 102, 343, 368, 317, 
0, 283, 12, 64, 275, 333, 
0, 192, 196, 133, 145, 253, 
0, 395, 172, 190, 42, 231, 
0, 209, 116, 311, 120, 73, 348, 
0, 115, 165, 20, 278, 239, 205, 
0, 186, 370, 383, 43, 191, 387, 
0, 323, 218, 3, 187, 88, 
0, 375, 84, 55, 5, 36, 
0, 139, 257, 399, 197, 221, 390, 
0, 98, 354, 1, 56, 269, 
0, 71, 159, 263, 21, 234, 
0, 108, 204, 86, 4, 346, 
0, 261, 391, 207, 59, 280, 90, 
0, 210, 398, 184, 57, 367, 379, 
0, 282, 2, 124, 177, 129, 10, 
0, 226, 162, 240, 360, 364, 
0, 79, 213, 136, 349, 
0, 24, 152, 250, 142, 320, 
0, 78, 229, 106, 39, 272, 
0, 389, 248, 151, 95, 373, 262, 
0, 6, 87, 155, 189, 319, 299, 
0, 23, 97, 75, 388, 
0, 304, 107, 365, 303, 331, 62, 
0, 185, 198, 16, 83, 212, 
0, 34, 284, 232, 11, 293, 
0, 217, 258, 7, 113, 309, 
0, 28, 308, 330, 295, 100, 
0, 358, 347, 178, 376, 362, 
0, 153, 105, 252, 117, 
0, 292, 182, 81, 244, 150, 
0, 339, 63, 40, 126, 341, 
0, 52, 161, 195, 109, 
0, 58, 53, 374, 322, 
0, 371, 236, 310, 167, 140, 32, 
0, 74, 255, 135, 137, 306, 352, 
0, 235, 359, 327, 48, 154, 345, 
0, 286, 206, 9, 77, 50, 
0, 80, 47, 68, 259, 372, 70, 
0, 49, 119, 220, 267, 174, 
0, 384, 355, 357, 19, 147, 225, 
0, 329, 143, 31, 386, 224, 393, 
0, 38, 65, 314, 298, 215, 
0, 104, 99, 301, 270, 121, 
0, 93, 289, 361, 351, 400, 15, 
0, 321, 13, 14, 103, 291, 
0, 180, 380, 328, 305, 91, 238, 
0, 268, 25, 171, 233, 208, 101, 
0, 342, 223, 307, 254, 324, 22, 
0, 30, 265, 245, 326, 260, 
0, 385, 227, 146, 160, 35, 
0, 246, 216, 46, 54, 353, 128, 
0, 256, 168, 276, 336, 61, 334, 
0, 141, 332, 114, 132, 241, 
0, 382, 315, 219, 111, 290, 92, 
0, 67, 199, 338, 222, 297, 
0, 122, 392, 148, 285, 72, 
