Solution: 75 93329.250000 115829.250000

0, 381, 99, 211, 270, 262, 
0, 273, 354, 110, 249, 242, 10, 
0, 235, 98, 327, 48, 309, 
0, 104, 378, 184, 57, 367, 264, 
0, 339, 63, 40, 126, 341, 
0, 209, 116, 398, 208, 171, 
0, 170, 251, 228, 41, 306, 
0, 358, 347, 178, 376, 362, 
0, 80, 47, 68, 379, 95, 
0, 283, 12, 64, 148, 285, 373, 
0, 384, 355, 357, 27, 397, 212, 
0, 371, 312, 17, 114, 132, 125, 
0, 181, 271, 29, 194, 326, 334, 
0, 200, 202, 85, 138, 335, 101, 
0, 258, 94, 318, 8, 91, 238, 
0, 180, 380, 328, 305, 166, 131, 
0, 321, 365, 303, 61, 331, 
0, 316, 243, 96, 26, 344, 
0, 38, 65, 122, 333, 215, 
0, 279, 394, 370, 383, 44, 225, 
0, 13, 119, 220, 267, 174, 
0, 175, 158, 156, 237, 297, 299, 
0, 226, 162, 343, 368, 317, 70, 
0, 52, 289, 109, 42, 154, 345, 
0, 323, 218, 399, 36, 390, 
0, 6, 336, 87, 155, 319, 272, 
0, 363, 236, 197, 340, 76, 288, 
0, 369, 23, 55, 5, 221, 
0, 366, 188, 201, 247, 127, 377, 
0, 141, 332, 310, 167, 140, 
0, 217, 359, 24, 195, 349, 205, 
0, 34, 7, 3, 187, 88, 
0, 304, 268, 240, 360, 364, 
0, 149, 296, 266, 123, 164, 
0, 246, 216, 46, 54, 241, 
0, 115, 165, 20, 4, 346, 
0, 292, 182, 81, 244, 280, 
0, 49, 325, 230, 134, 183, 66, 
0, 82, 130, 112, 214, 294, 
0, 30, 265, 245, 89, 
0, 286, 9, 77, 206, 352, 
0, 389, 248, 151, 120, 73, 121, 
0, 284, 69, 232, 274, 32, 
0, 300, 229, 14, 103, 291, 
0, 74, 255, 276, 137, 135, 
0, 395, 189, 172, 190, 231, 
0, 203, 337, 302, 113, 177, 277, 
0, 139, 97, 75, 388, 
0, 375, 84, 257, 11, 293, 
0, 261, 391, 207, 59, 147, 43, 
0, 33, 227, 176, 90, 83, 
0, 313, 163, 51, 118, 60, 
0, 157, 173, 18, 169, 356, 
0, 185, 198, 16, 50, 150, 
0, 342, 223, 307, 254, 324, 22, 
0, 282, 2, 386, 224, 15, 393, 
0, 210, 392, 311, 301, 396, 348, 
0, 186, 45, 146, 160, 35, 
0, 71, 159, 263, 21, 234, 
0, 79, 213, 136, 281, 287, 
0, 329, 143, 31, 351, 400, 129, 
0, 153, 152, 250, 278, 239, 
0, 192, 196, 133, 145, 
0, 256, 168, 361, 298, 
0, 58, 53, 374, 322, 253, 353, 128, 
0, 102, 78, 259, 372, 62, 
0, 385, 37, 350, 19, 191, 387, 
0, 108, 314, 204, 142, 320, 
0, 93, 124, 1, 56, 269, 
0, 161, 105, 252, 117, 193, 
0, 86, 25, 233, 275, 72, 
0, 28, 308, 330, 295, 100, 
0, 67, 199, 338, 222, 179, 
0, 382, 315, 219, 111, 290, 92, 
0, 144, 107, 106, 39, 260, 
