Solution: 75 93574.362000 116074.362000

0, 74, 168, 338, 216, 318, 290, 
0, 89, 166, 106, 84, 190, 
0, 348, 117, 30, 264, 257, 
0, 118, 29, 384, 280, 83, 
0, 184, 188, 34, 2, 177, 100, 
0, 147, 270, 33, 13, 345, 
0, 314, 165, 15, 250, 272, 26, 
0, 46, 18, 139, 203, 116, 
0, 204, 311, 169, 126, 341, 
0, 9, 367, 5, 64, 69, 98, 
0, 378, 196, 97, 19, 104, 320, 
0, 297, 182, 157, 213, 107, 
0, 199, 56, 160, 192, 22, 
0, 393, 155, 38, 47, 143, 207, 
0, 125, 289, 224, 39, 385, 173, 
0, 382, 31, 293, 329, 380, 327, 
0, 226, 274, 185, 322, 
0, 158, 130, 16, 37, 225, 
0, 186, 217, 233, 208, 288, 389, 
0, 111, 227, 36, 230, 174, 
0, 77, 260, 48, 11, 286, 
0, 91, 99, 247, 61, 370, 42, 
0, 85, 241, 222, 134, 259, 
0, 232, 24, 156, 249, 238, 271, 
0, 337, 366, 374, 153, 355, 
0, 189, 291, 51, 308, 67, 299, 
0, 240, 228, 129, 45, 386, 
0, 86, 3, 110, 305, 254, 
0, 135, 303, 360, 237, 258, 132, 
0, 234, 164, 206, 300, 105, 201, 
0, 96, 358, 176, 58, 301, 261, 
0, 149, 171, 253, 219, 399, 296, 
0, 282, 17, 400, 321, 333, 244, 
0, 172, 20, 41, 124, 
0, 211, 127, 248, 209, 
0, 231, 391, 88, 372, 101, 
0, 252, 195, 375, 32, 81, 
0, 285, 287, 115, 27, 268, 
0, 269, 145, 53, 193, 350, 
0, 150, 40, 197, 243, 365, 
0, 390, 304, 35, 63, 23, 
0, 361, 331, 340, 152, 94, 255, 
0, 76, 218, 343, 215, 131, 
0, 342, 397, 179, 21, 298, 6, 
0, 43, 79, 214, 95, 205, 
0, 72, 256, 144, 114, 312, 
0, 315, 324, 295, 263, 194, 54, 
0, 245, 371, 292, 162, 102, 
0, 202, 336, 394, 356, 347, 
0, 122, 251, 12, 335, 277, 281, 
0, 161, 359, 246, 316, 142, 
0, 377, 10, 49, 354, 
0, 381, 310, 388, 346, 279, 368, 
0, 307, 309, 265, 146, 1, 
0, 376, 242, 210, 57, 159, 357, 
0, 212, 200, 120, 65, 373, 
0, 364, 128, 28, 352, 141, 284, 
0, 326, 387, 109, 50, 221, 330, 
0, 294, 187, 112, 276, 351, 
0, 180, 80, 339, 332, 
0, 392, 151, 369, 396, 93, 121, 
0, 236, 302, 75, 70, 7, 
0, 44, 59, 90, 25, 198, 
0, 170, 119, 103, 148, 133, 395, 
0, 123, 275, 163, 273, 344, 
0, 278, 191, 108, 229, 220, 
0, 379, 325, 138, 140, 82, 353, 
0, 317, 323, 73, 362, 68, 
0, 363, 137, 154, 71, 235, 383, 
0, 262, 349, 167, 136, 92, 178, 
0, 313, 328, 66, 87, 14, 
0, 60, 113, 175, 4, 
0, 62, 78, 239, 306, 283, 
0, 55, 52, 334, 319, 183, 
0, 181, 266, 223, 398, 8, 267, 
