Solution: 76 95092.522000 117892.522000

0, 376, 242, 210, 57, 159, 357, 
0, 379, 325, 138, 140, 82, 353, 
0, 44, 109, 222, 134, 207, 
0, 145, 269, 388, 346, 344, 
0, 189, 328, 19, 97, 104, 320, 
0, 317, 326, 113, 175, 50, 330, 
0, 314, 165, 15, 250, 272, 26, 
0, 282, 79, 66, 400, 174, 
0, 172, 285, 219, 399, 177, 296, 
0, 236, 302, 75, 254, 
0, 337, 366, 374, 153, 355, 
0, 72, 256, 144, 114, 312, 
0, 89, 166, 176, 238, 100, 
0, 211, 303, 360, 273, 258, 132, 
0, 241, 56, 160, 192, 22, 
0, 122, 251, 12, 106, 84, 
0, 96, 358, 156, 70, 7, 347, 
0, 342, 397, 179, 21, 298, 6, 
0, 297, 182, 157, 213, 107, 
0, 363, 137, 154, 71, 235, 383, 
0, 184, 188, 34, 41, 225, 
0, 212, 367, 390, 133, 148, 395, 
0, 74, 168, 338, 216, 288, 
0, 228, 129, 384, 280, 83, 
0, 60, 187, 263, 194, 54, 
0, 9, 103, 5, 127, 301, 261, 
0, 226, 248, 237, 209, 
0, 62, 18, 95, 203, 308, 
0, 186, 217, 233, 208, 290, 389, 
0, 118, 311, 27, 126, 259, 
0, 234, 371, 206, 380, 105, 201, 
0, 46, 111, 218, 215, 131, 
0, 91, 99, 247, 61, 370, 42, 
0, 287, 115, 169, 25, 271, 
0, 364, 128, 28, 352, 141, 284, 
0, 348, 31, 293, 329, 116, 
0, 204, 48, 11, 190, 286, 
0, 86, 110, 20, 4, 277, 281, 
0, 55, 52, 334, 230, 
0, 117, 30, 292, 264, 300, 327, 
0, 361, 331, 340, 152, 94, 255, 
0, 387, 59, 90, 268, 
0, 378, 180, 53, 193, 350, 
0, 170, 119, 356, 64, 69, 98, 
0, 125, 289, 224, 39, 385, 173, 
0, 382, 291, 51, 205, 333, 244, 
0, 149, 171, 253, 305, 
0, 377, 10, 49, 354, 341, 
0, 77, 309, 265, 295, 
0, 381, 245, 164, 102, 368, 
0, 181, 262, 375, 32, 81, 
0, 315, 274, 185, 322, 
0, 278, 191, 108, 276, 351, 
0, 392, 151, 369, 396, 93, 121, 
0, 167, 196, 199, 68, 220, 
0, 240, 200, 120, 65, 373, 
0, 147, 270, 33, 13, 345, 
0, 202, 336, 394, 58, 198, 249, 
0, 232, 24, 2, 335, 221, 
0, 231, 195, 162, 279, 257, 
0, 135, 80, 3, 124, 183, 
0, 304, 35, 63, 23, 
0, 76, 227, 343, 36, 318, 
0, 158, 130, 143, 16, 37, 283, 
0, 393, 155, 319, 38, 47, 299, 
0, 313, 139, 214, 14, 87, 
0, 85, 266, 239, 136, 92, 178, 
0, 252, 310, 391, 88, 372, 101, 
0, 161, 359, 246, 316, 142, 
0, 123, 275, 163, 339, 332, 
0, 324, 323, 229, 146, 1, 
0, 150, 40, 197, 243, 365, 
0, 307, 260, 29, 45, 386, 
0, 349, 73, 112, 362, 
0, 294, 78, 223, 398, 8, 267, 
0, 43, 17, 321, 306, 67, 
