Solution: 75 92984.346000 115484.346000

0, 170, 251, 228, 41, 35, 
0, 104, 99, 301, 270, 121, 
0, 38, 65, 122, 298, 215, 
0, 71, 159, 263, 21, 234, 
0, 141, 332, 252, 48, 309, 
0, 6, 87, 155, 189, 319, 299, 
0, 149, 296, 266, 123, 241, 
0, 152, 105, 26, 164, 344, 
0, 271, 365, 9, 77, 118, 
0, 282, 143, 361, 276, 306, 352, 
0, 227, 45, 146, 89, 
0, 395, 107, 338, 222, 297, 
0, 382, 315, 219, 111, 290, 92, 
0, 300, 134, 13, 103, 291, 
0, 355, 328, 383, 147, 212, 
0, 210, 208, 233, 275, 101, 
0, 78, 229, 14, 183, 379, 
0, 192, 196, 322, 145, 253, 
0, 389, 392, 148, 285, 72, 
0, 273, 94, 318, 249, 242, 125, 
0, 157, 173, 18, 169, 131, 
0, 354, 110, 98, 349, 
0, 200, 202, 85, 133, 353, 128, 
0, 153, 250, 142, 320, 
0, 313, 220, 51, 163, 267, 
0, 261, 391, 207, 59, 280, 90, 
0, 342, 223, 307, 254, 324, 22, 
0, 366, 188, 201, 368, 317, 66, 
0, 185, 198, 16, 50, 150, 
0, 28, 308, 330, 295, 100, 
0, 384, 246, 216, 46, 117, 193, 
0, 248, 209, 151, 95, 373, 
0, 292, 182, 81, 244, 83, 
0, 93, 124, 1, 56, 269, 
0, 203, 337, 218, 3, 187, 88, 
0, 398, 378, 211, 396, 264, 
0, 115, 165, 20, 278, 239, 205, 
0, 67, 199, 162, 247, 127, 377, 
0, 304, 102, 240, 360, 364, 
0, 139, 257, 399, 197, 388, 
0, 358, 347, 178, 376, 362, 
0, 23, 97, 75, 36, 390, 
0, 381, 311, 116, 120, 73, 348, 
0, 369, 69, 232, 274, 32, 
0, 108, 314, 31, 351, 400, 15, 10, 
0, 385, 30, 160, 137, 135, 
0, 371, 312, 55, 5, 11, 293, 
0, 180, 34, 8, 27, 397, 44, 
0, 226, 343, 184, 57, 367, 
0, 79, 213, 136, 281, 287, 
0, 49, 325, 106, 39, 272, 
0, 256, 168, 172, 190, 129, 277, 
0, 181, 268, 86, 4, 346, 
0, 33, 130, 112, 214, 294, 
0, 82, 265, 245, 326, 260, 
0, 316, 243, 96, 114, 76, 221, 
0, 74, 255, 336, 61, 331, 62, 
0, 329, 37, 370, 191, 43, 225, 
0, 80, 47, 68, 259, 372, 70, 
0, 286, 29, 194, 206, 334, 
0, 217, 258, 7, 113, 177, 
0, 58, 53, 374, 138, 335, 54, 
0, 339, 63, 40, 126, 341, 
0, 283, 12, 64, 25, 171, 262, 
0, 323, 284, 356, 238, 91, 
0, 375, 84, 17, 340, 132, 288, 
0, 302, 380, 357, 305, 166, 387, 
0, 235, 359, 24, 195, 154, 393, 
0, 175, 158, 156, 237, 179, 
0, 363, 236, 310, 167, 140, 
0, 279, 394, 176, 19, 350, 
0, 144, 289, 109, 333, 
0, 204, 186, 2, 386, 224, 345, 
0, 52, 161, 327, 42, 231, 
0, 321, 119, 60, 303, 230, 174, 
