Solution: 76 95452.280000 118252.280000

0, 62, 18, 51, 333, 244, 
0, 118, 394, 356, 64, 
0, 96, 285, 219, 399, 277, 281, 
0, 172, 274, 185, 322, 
0, 226, 248, 237, 209, 
0, 189, 328, 43, 66, 14, 
0, 17, 167, 112, 146, 1, 
0, 381, 245, 164, 102, 368, 
0, 307, 359, 179, 298, 107, 
0, 204, 311, 6, 27, 126, 
0, 170, 119, 103, 98, 133, 395, 
0, 236, 302, 29, 247, 142, 
0, 287, 115, 169, 25, 198, 
0, 376, 242, 210, 57, 69, 357, 
0, 89, 166, 213, 93, 83, 
0, 364, 304, 63, 255, 
0, 181, 262, 391, 32, 81, 
0, 382, 291, 52, 319, 8, 267, 
0, 161, 21, 397, 250, 316, 26, 
0, 253, 188, 34, 41, 4, 207, 
0, 149, 218, 215, 343, 389, 
0, 326, 387, 73, 362, 276, 351, 
0, 60, 187, 229, 54, 220, 
0, 232, 24, 2, 335, 100, 
0, 55, 241, 38, 47, 143, 283, 
0, 349, 196, 97, 19, 104, 
0, 76, 227, 36, 216, 318, 
0, 117, 30, 292, 264, 300, 327, 
0, 150, 40, 197, 243, 131, 
0, 282, 79, 214, 95, 205, 
0, 91, 358, 176, 70, 7, 347, 
0, 379, 325, 138, 140, 82, 353, 
0, 252, 310, 388, 346, 279, 257, 
0, 212, 200, 120, 65, 373, 
0, 378, 180, 123, 344, 
0, 393, 155, 334, 136, 92, 178, 
0, 377, 10, 49, 192, 22, 
0, 74, 168, 338, 230, 174, 296, 
0, 77, 260, 384, 190, 286, 
0, 46, 31, 293, 329, 365, 116, 
0, 137, 367, 390, 148, 159, 
0, 211, 303, 360, 273, 258, 132, 
0, 337, 366, 374, 153, 355, 
0, 313, 139, 203, 400, 87, 
0, 246, 323, 263, 268, 
0, 135, 80, 3, 124, 183, 
0, 348, 111, 88, 372, 101, 290, 
0, 269, 145, 53, 193, 350, 
0, 122, 251, 12, 106, 84, 
0, 158, 130, 16, 37, 225, 
0, 315, 20, 113, 175, 221, 271, 
0, 231, 195, 375, 162, 
0, 72, 363, 256, 154, 71, 235, 383, 
0, 86, 163, 339, 332, 
0, 147, 270, 33, 13, 345, 
0, 202, 336, 58, 61, 370, 42, 
0, 234, 371, 206, 380, 105, 201, 
0, 125, 289, 224, 39, 341, 
0, 9, 240, 5, 127, 301, 261, 
0, 294, 78, 239, 306, 321, 299, 
0, 342, 309, 265, 295, 385, 173, 
0, 186, 217, 233, 208, 288, 
0, 278, 171, 110, 305, 254, 
0, 44, 109, 222, 134, 259, 
0, 324, 191, 108, 194, 272, 
0, 199, 56, 160, 68, 320, 
0, 317, 275, 144, 114, 312, 
0, 361, 331, 340, 152, 94, 284, 
0, 314, 165, 15, 354, 
0, 99, 75, 156, 177, 238, 249, 
0, 85, 266, 223, 398, 308, 67, 
0, 392, 182, 157, 369, 396, 121, 
0, 184, 90, 59, 50, 330, 
0, 297, 151, 48, 11, 280, 
0, 128, 28, 141, 352, 35, 
0, 228, 129, 23, 45, 386, 
