Solution: 78 95445.042000 118845.042000

0, 142, 231, 19, 179, 
0, 377, 163, 28, 355, 139, 
0, 303, 276, 52, 183, 23, 
0, 215, 84, 335, 294, 368, 
0, 326, 218, 103, 6, 50, 
0, 315, 137, 255, 94, 
0, 299, 334, 329, 224, 293, 
0, 323, 272, 72, 345, 
0, 331, 78, 37, 1, 
0, 107, 328, 237, 153, 124, 
0, 352, 206, 197, 287, 217, 
0, 321, 284, 2, 385, 118, 
0, 68, 242, 169, 373, 380, 192, 
0, 366, 305, 187, 100, 356, 
0, 170, 18, 364, 246, 312, 
0, 301, 388, 376, 33, 4, 
0, 249, 108, 173, 176, 338, 
0, 383, 174, 35, 42, 324, 290, 
0, 369, 359, 238, 280, 227, 
0, 15, 134, 91, 300, 336, 
0, 131, 58, 158, 115, 263, 
0, 274, 38, 213, 148, 254, 
0, 367, 132, 365, 151, 59, 25, 
0, 175, 85, 223, 260, 256, 13, 
0, 66, 67, 138, 
0, 126, 160, 240, 105, 
0, 189, 7, 379, 221, 96, 225, 
0, 314, 398, 327, 51, 298, 349, 
0, 230, 82, 235, 342, 125, 
0, 140, 120, 351, 121, 74, 
0, 190, 358, 111, 27, 171, 386, 
0, 112, 8, 177, 47, 208, 
0, 382, 201, 114, 133, 266, 
0, 5, 375, 80, 157, 340, 156, 
0, 75, 269, 207, 185, 392, 109, 
0, 395, 154, 210, 341, 267, 333, 
0, 310, 71, 41, 194, 261, 
0, 320, 90, 302, 322, 12, 
0, 247, 149, 77, 195, 
0, 181, 337, 264, 350, 
0, 245, 97, 278, 253, 307, 289, 
0, 92, 239, 34, 277, 
0, 31, 102, 30, 14, 292, 
0, 79, 400, 343, 83, 64, 251, 
0, 130, 285, 162, 203, 357, 
0, 10, 372, 3, 214, 147, 146, 
0, 39, 104, 48, 127, 22, 
0, 116, 270, 93, 26, 16, 
0, 393, 244, 182, 49, 
0, 62, 81, 268, 29, 319, 279, 
0, 184, 45, 250, 353, 204, 
0, 347, 262, 46, 150, 354, 
0, 391, 381, 220, 21, 306, 
0, 387, 399, 32, 396, 271, 384, 
0, 360, 11, 129, 202, 54, 152, 
0, 70, 330, 295, 24, 199, 
0, 232, 110, 180, 229, 65, 291, 
0, 390, 167, 106, 316, 56, 87, 
0, 370, 76, 257, 311, 193, 258, 
0, 188, 89, 318, 95, 101, 
0, 236, 259, 166, 135, 73, 211, 
0, 219, 317, 389, 98, 374, 
0, 362, 200, 43, 186, 198, 
0, 55, 346, 44, 57, 161, 
0, 252, 308, 63, 172, 159, 
0, 36, 234, 209, 99, 164, 
0, 53, 281, 286, 348, 
0, 361, 40, 394, 141, 304, 86, 
0, 145, 113, 265, 123, 
0, 117, 313, 344, 212, 191, 
0, 228, 168, 20, 222, 297, 
0, 241, 363, 283, 248, 
0, 273, 196, 371, 122, 397, 144, 
0, 296, 309, 17, 128, 378, 275, 
0, 88, 155, 243, 60, 178, 325, 
0, 233, 332, 69, 61, 216, 136, 
0, 119, 143, 288, 339, 
0, 226, 282, 9, 165, 205, 
