Solution: 75 93713.578000 116213.578000

0, 381, 117, 206, 264, 300, 327, 
0, 211, 360, 248, 237, 132, 
0, 5, 200, 120, 65, 373, 
0, 310, 371, 30, 292, 105, 201, 
0, 379, 325, 138, 140, 82, 353, 
0, 185, 10, 49, 192, 259, 
0, 44, 199, 112, 362, 
0, 226, 170, 356, 64, 69, 98, 
0, 236, 302, 75, 127, 100, 
0, 378, 196, 97, 19, 104, 320, 
0, 74, 168, 338, 230, 288, 
0, 307, 359, 384, 280, 340, 
0, 363, 137, 154, 71, 235, 383, 
0, 285, 287, 115, 27, 268, 
0, 231, 391, 88, 372, 101, 
0, 337, 366, 374, 229, 355, 
0, 392, 151, 369, 396, 93, 121, 
0, 149, 110, 3, 124, 
0, 297, 182, 157, 213, 83, 
0, 361, 331, 61, 370, 42, 255, 
0, 77, 260, 48, 11, 286, 
0, 303, 309, 265, 39, 146, 1, 
0, 135, 80, 339, 332, 
0, 9, 367, 103, 148, 133, 395, 
0, 252, 195, 375, 32, 81, 257, 
0, 189, 291, 51, 47, 143, 
0, 118, 176, 322, 70, 7, 
0, 278, 171, 253, 219, 4, 
0, 161, 246, 263, 385, 173, 
0, 282, 17, 400, 321, 333, 244, 
0, 294, 187, 73, 276, 351, 
0, 315, 20, 113, 175, 221, 271, 
0, 317, 180, 53, 193, 350, 
0, 125, 289, 224, 354, 
0, 232, 24, 156, 177, 238, 249, 
0, 89, 166, 190, 247, 142, 
0, 122, 251, 12, 106, 301, 281, 
0, 390, 304, 35, 352, 141, 
0, 184, 188, 34, 41, 225, 
0, 150, 40, 197, 243, 365, 
0, 172, 59, 90, 50, 330, 
0, 212, 270, 33, 13, 345, 
0, 382, 111, 36, 216, 318, 
0, 72, 256, 144, 114, 312, 
0, 123, 275, 163, 258, 209, 
0, 43, 79, 214, 95, 205, 
0, 313, 328, 66, 87, 14, 
0, 240, 228, 129, 63, 23, 
0, 85, 266, 223, 398, 308, 174, 
0, 46, 18, 139, 203, 116, 
0, 158, 130, 305, 183, 347, 296, 
0, 364, 128, 28, 152, 94, 284, 
0, 204, 311, 169, 126, 341, 
0, 186, 217, 233, 208, 290, 389, 
0, 377, 387, 109, 22, 67, 299, 
0, 96, 358, 25, 335, 277, 261, 
0, 202, 336, 394, 29, 45, 386, 
0, 145, 269, 388, 346, 279, 102, 
0, 234, 245, 164, 162, 368, 
0, 55, 56, 160, 68, 220, 
0, 348, 31, 293, 329, 380, 
0, 262, 349, 167, 136, 92, 178, 
0, 242, 210, 57, 159, 357, 
0, 147, 119, 273, 344, 
0, 376, 323, 324, 295, 316, 107, 
0, 314, 165, 15, 250, 272, 26, 
0, 326, 191, 108, 153, 194, 54, 
0, 393, 155, 52, 38, 16, 37, 
0, 76, 218, 334, 319, 8, 267, 
0, 99, 91, 58, 198, 84, 
0, 62, 78, 239, 306, 283, 
0, 181, 227, 343, 215, 131, 
0, 86, 274, 2, 399, 254, 
0, 342, 397, 179, 21, 298, 6, 
0, 60, 241, 222, 134, 207, 
