Solution: 78 95685.226000 119085.226000

0, 92, 155, 243, 60, 178, 
0, 79, 234, 209, 99, 164, 
0, 15, 134, 91, 300, 291, 
0, 66, 184, 20, 353, 204, 
0, 112, 8, 177, 121, 74, 
0, 62, 81, 268, 319, 109, 
0, 219, 317, 389, 98, 374, 
0, 383, 36, 257, 311, 193, 50, 
0, 88, 346, 44, 57, 161, 289, 
0, 323, 272, 72, 191, 
0, 10, 372, 3, 214, 147, 146, 
0, 232, 110, 180, 229, 
0, 249, 108, 173, 176, 22, 
0, 310, 71, 129, 336, 65, 
0, 331, 388, 104, 127, 33, 
0, 175, 85, 223, 260, 256, 13, 
0, 387, 399, 195, 187, 100, 356, 
0, 236, 259, 166, 135, 73, 211, 
0, 39, 400, 83, 267, 217, 258, 
0, 131, 58, 186, 115, 263, 
0, 347, 231, 46, 24, 199, 
0, 126, 78, 35, 29, 290, 
0, 296, 309, 52, 14, 292, 
0, 299, 334, 237, 153, 124, 
0, 53, 45, 286, 348, 
0, 252, 308, 63, 172, 159, 
0, 70, 327, 358, 122, 225, 
0, 303, 276, 19, 179, 12, 
0, 90, 330, 295, 150, 6, 
0, 130, 285, 162, 345, 
0, 189, 7, 379, 51, 298, 349, 
0, 241, 97, 278, 47, 307, 
0, 5, 375, 80, 157, 340, 156, 
0, 245, 264, 203, 357, 
0, 168, 360, 11, 202, 329, 251, 
0, 188, 89, 318, 95, 101, 208, 
0, 362, 200, 43, 183, 23, 
0, 367, 132, 143, 339, 
0, 281, 32, 294, 105, 
0, 369, 359, 238, 280, 253, 
0, 377, 163, 28, 355, 139, 
0, 75, 269, 207, 185, 368, 
0, 230, 48, 82, 342, 125, 
0, 31, 102, 30, 198, 86, 
0, 395, 76, 213, 224, 293, 
0, 314, 398, 262, 302, 322, 
0, 274, 38, 152, 54, 148, 
0, 382, 140, 120, 351, 397, 325, 
0, 239, 196, 235, 277, 
0, 361, 371, 218, 103, 354, 
0, 226, 365, 151, 59, 266, 
0, 215, 84, 335, 396, 271, 384, 
0, 366, 305, 41, 194, 261, 
0, 145, 282, 9, 94, 25, 
0, 326, 154, 210, 341, 324, 4, 
0, 181, 337, 128, 378, 182, 275, 
0, 273, 394, 40, 141, 144, 386, 
0, 67, 138, 313, 117, 
0, 393, 244, 17, 49, 
0, 391, 381, 220, 21, 306, 
0, 201, 113, 265, 123, 248, 
0, 352, 206, 197, 287, 338, 
0, 107, 328, 370, 343, 64, 254, 
0, 390, 167, 106, 316, 56, 87, 
0, 116, 270, 93, 26, 16, 
0, 170, 160, 37, 246, 312, 
0, 315, 137, 255, 165, 205, 
0, 301, 174, 376, 42, 279, 333, 
0, 247, 149, 77, 240, 392, 
0, 233, 332, 69, 61, 216, 136, 
0, 68, 242, 169, 373, 380, 192, 
0, 321, 284, 2, 385, 118, 
0, 142, 158, 227, 304, 171, 
0, 344, 18, 364, 34, 1, 
0, 119, 114, 133, 288, 
0, 320, 27, 111, 96, 221, 
0, 190, 55, 363, 283, 350, 
0, 212, 228, 250, 222, 297, 
