Solution: 79 98508.942000 122208.942000

0, 303, 125, 15, 49, 54, 
0, 320, 268, 130, 299, 
0, 251, 89, 53, 46, 389, 
0, 328, 148, 209, 194, 259, 
0, 215, 261, 189, 323, 272, 
0, 384, 99, 307, 175, 274, 
0, 370, 288, 35, 315, 236, 5, 
0, 196, 101, 57, 166, 154, 
0, 210, 21, 149, 254, 13, 
0, 353, 333, 79, 182, 121, 
0, 349, 332, 302, 143, 195, 385, 
0, 7, 221, 20, 30, 40, 176, 
0, 364, 360, 104, 398, 371, 
0, 14, 124, 85, 180, 341, 
0, 70, 128, 139, 208, 
0, 355, 359, 280, 83, 246, 
0, 378, 317, 265, 111, 34, 80, 
0, 387, 24, 340, 301, 376, 
0, 247, 22, 110, 300, 206, 
0, 181, 335, 232, 321, 3, 4, 
0, 309, 9, 112, 23, 131, 28, 
0, 33, 312, 207, 228, 82, 
0, 135, 193, 55, 144, 382, 129, 
0, 132, 152, 141, 174, 356, 
0, 319, 339, 52, 165, 278, 
0, 71, 87, 281, 44, 211, 
0, 366, 283, 39, 102, 213, 346, 260, 
0, 2, 222, 318, 199, 161, 
0, 95, 373, 220, 238, 60, 
0, 11, 90, 324, 310, 97, 
0, 230, 279, 248, 245, 306, 393, 
0, 240, 76, 151, 156, 
0, 225, 287, 253, 347, 250, 
0, 43, 94, 73, 
0, 352, 98, 133, 297, 
0, 284, 32, 119, 198, 187, 
0, 285, 291, 184, 107, 269, 
0, 256, 8, 86, 169, 327, 
0, 305, 374, 239, 267, 379, 294, 
0, 116, 96, 381, 150, 147, 
0, 56, 64, 192, 345, 12, 19, 
0, 158, 204, 336, 27, 66, 
0, 167, 219, 106, 168, 252, 
0, 375, 304, 62, 361, 26, 
0, 68, 258, 344, 117, 343, 
0, 351, 186, 377, 115, 362, 
0, 205, 201, 372, 325, 263, 367, 
0, 368, 18, 369, 311, 
0, 134, 200, 91, 243, 172, 
0, 45, 329, 212, 308, 298, 
0, 391, 316, 217, 313, 334, 
0, 69, 223, 322, 331, 
0, 293, 383, 363, 29, 397, 289, 
0, 65, 77, 264, 105, 
0, 295, 17, 31, 348, 237, 
0, 164, 231, 171, 234, 178, 
0, 120, 286, 276, 388, 
0, 137, 292, 127, 1, 241, 
0, 337, 190, 188, 146, 114, 
0, 48, 41, 394, 358, 
0, 67, 350, 173, 390, 273, 
0, 365, 162, 59, 400, 51, 145, 
0, 61, 36, 136, 126, 357, 
0, 155, 342, 138, 118, 142, 226, 
0, 100, 396, 399, 262, 84, 
0, 179, 6, 38, 42, 354, 
0, 395, 92, 255, 122, 81, 
0, 271, 159, 277, 160, 202, 
0, 216, 140, 214, 296, 380, 
0, 109, 50, 123, 197, 
0, 113, 227, 282, 78, 58, 249, 
0, 153, 224, 47, 386, 
0, 177, 242, 25, 235, 392, 
0, 74, 275, 330, 16, 75, 
0, 183, 103, 10, 37, 326, 338, 
0, 72, 93, 63, 233, 185, 
0, 163, 290, 88, 218, 191, 
0, 257, 244, 314, 203, 270, 
0, 266, 157, 108, 229, 170, 
