Solution: 79 97843.396000 121543.396000

0, 153, 89, 111, 345, 356, 
0, 355, 359, 110, 107, 273, 
0, 79, 24, 340, 182, 66, 121, 
0, 116, 17, 31, 348, 237, 343, 
0, 48, 41, 394, 189, 323, 272, 
0, 183, 284, 373, 308, 58, 213, 
0, 109, 201, 372, 325, 
0, 295, 112, 9, 23, 131, 
0, 135, 193, 151, 347, 263, 
0, 205, 98, 133, 50, 123, 197, 
0, 33, 162, 207, 187, 338, 
0, 320, 360, 174, 152, 371, 
0, 103, 39, 10, 326, 28, 
0, 158, 2, 222, 318, 
0, 216, 261, 358, 296, 380, 
0, 68, 258, 344, 117, 
0, 74, 119, 59, 400, 51, 145, 
0, 132, 104, 398, 83, 246, 
0, 349, 18, 195, 143, 362, 
0, 155, 342, 138, 253, 250, 
0, 100, 256, 86, 206, 129, 
0, 120, 141, 47, 46, 19, 
0, 70, 128, 49, 
0, 240, 76, 139, 156, 367, 
0, 69, 223, 199, 322, 161, 
0, 305, 14, 124, 85, 188, 
0, 285, 291, 184, 300, 252, 
0, 309, 186, 390, 5, 42, 385, 
0, 137, 292, 127, 1, 169, 392, 
0, 337, 374, 239, 267, 379, 
0, 378, 317, 265, 399, 34, 389, 
0, 384, 99, 333, 301, 376, 274, 
0, 11, 90, 324, 241, 
0, 134, 200, 91, 243, 172, 
0, 7, 221, 20, 30, 40, 176, 
0, 190, 63, 233, 185, 
0, 215, 316, 217, 313, 334, 
0, 370, 377, 350, 38, 354, 
0, 164, 231, 171, 234, 60, 298, 
0, 364, 224, 286, 388, 
0, 196, 101, 57, 166, 154, 
0, 65, 77, 264, 105, 
0, 177, 96, 282, 78, 310, 
0, 395, 148, 209, 194, 37, 
0, 179, 6, 88, 191, 97, 
0, 293, 383, 363, 29, 397, 289, 
0, 368, 332, 302, 311, 
0, 181, 335, 275, 122, 81, 
0, 319, 339, 52, 165, 278, 
0, 366, 288, 115, 228, 3, 
0, 251, 314, 203, 118, 382, 270, 
0, 247, 21, 331, 
0, 225, 287, 208, 160, 202, 
0, 159, 303, 277, 15, 54, 
0, 352, 232, 173, 321, 4, 82, 
0, 71, 87, 396, 262, 80, 84, 
0, 387, 204, 336, 27, 294, 393, 
0, 353, 140, 306, 297, 
0, 391, 307, 175, 214, 259, 
0, 157, 268, 229, 108, 130, 
0, 67, 35, 315, 236, 218, 
0, 43, 94, 73, 
0, 375, 304, 62, 361, 26, 
0, 167, 219, 281, 44, 211, 
0, 351, 242, 25, 235, 327, 
0, 95, 32, 212, 180, 114, 
0, 61, 36, 136, 126, 357, 
0, 328, 312, 255, 198, 330, 249, 
0, 163, 290, 369, 280, 170, 
0, 230, 279, 92, 16, 75, 
0, 210, 106, 168, 149, 254, 13, 
0, 257, 244, 12, 53, 386, 
0, 56, 266, 8, 22, 269, 
0, 64, 276, 192, 299, 
0, 271, 125, 55, 144, 142, 226, 
0, 72, 93, 248, 245, 178, 
0, 113, 227, 381, 150, 147, 
0, 45, 329, 146, 102, 346, 260, 
0, 283, 365, 238, 220, 341, 
