Solution: 78 97725.040000 121125.040000

0, 205, 98, 133, 50, 123, 197, 
0, 135, 193, 151, 347, 263, 
0, 337, 24, 340, 301, 376, 274, 
0, 251, 399, 265, 345, 12, 
0, 137, 292, 127, 1, 169, 392, 
0, 43, 94, 73, 
0, 328, 103, 39, 102, 346, 393, 
0, 349, 332, 143, 195, 83, 246, 
0, 216, 140, 358, 296, 380, 
0, 320, 360, 104, 398, 371, 
0, 247, 21, 149, 235, 327, 
0, 293, 210, 106, 168, 206, 13, 
0, 355, 359, 280, 369, 170, 
0, 387, 204, 336, 27, 30, 
0, 285, 291, 184, 300, 252, 
0, 69, 2, 318, 331, 
0, 113, 227, 381, 37, 131, 
0, 65, 77, 264, 105, 
0, 364, 224, 47, 46, 19, 
0, 167, 219, 281, 44, 211, 
0, 61, 36, 136, 126, 357, 
0, 222, 232, 173, 390, 5, 273, 
0, 100, 256, 110, 107, 385, 
0, 45, 14, 85, 180, 114, 
0, 157, 268, 229, 108, 130, 
0, 391, 99, 175, 214, 259, 
0, 395, 92, 255, 330, 58, 249, 
0, 177, 96, 282, 78, 310, 
0, 70, 128, 49, 
0, 257, 244, 53, 144, 386, 
0, 370, 186, 288, 115, 362, 
0, 179, 6, 88, 191, 97, 
0, 266, 8, 86, 22, 269, 
0, 352, 335, 117, 150, 147, 
0, 309, 377, 363, 29, 397, 42, 
0, 215, 261, 189, 323, 272, 
0, 68, 258, 344, 194, 260, 298, 
0, 319, 339, 52, 165, 278, 
0, 33, 162, 207, 187, 338, 
0, 384, 316, 217, 307, 313, 334, 
0, 353, 333, 79, 182, 66, 
0, 225, 287, 208, 160, 202, 
0, 72, 93, 63, 233, 185, 
0, 221, 275, 312, 122, 81, 
0, 155, 342, 314, 203, 382, 270, 
0, 56, 64, 192, 299, 80, 84, 
0, 134, 200, 91, 243, 172, 
0, 109, 201, 372, 325, 
0, 230, 164, 171, 234, 178, 
0, 48, 41, 394, 297, 
0, 120, 286, 276, 388, 
0, 74, 119, 59, 400, 51, 145, 
0, 271, 125, 138, 253, 250, 
0, 183, 284, 373, 308, 341, 60, 
0, 153, 89, 111, 34, 389, 
0, 7, 351, 242, 25, 254, 289, 
0, 196, 101, 57, 166, 154, 
0, 95, 365, 16, 321, 4, 82, 
0, 368, 18, 302, 311, 
0, 159, 303, 277, 15, 54, 
0, 366, 209, 283, 238, 220, 213, 
0, 295, 112, 9, 40, 176, 
0, 116, 17, 31, 348, 237, 343, 
0, 67, 350, 228, 3, 75, 
0, 279, 148, 10, 326, 23, 28, 
0, 378, 317, 55, 118, 142, 226, 
0, 71, 87, 396, 262, 129, 
0, 240, 76, 139, 156, 367, 
0, 163, 290, 38, 354, 
0, 132, 152, 141, 174, 356, 
0, 20, 231, 248, 245, 
0, 190, 124, 146, 188, 121, 
0, 329, 32, 212, 198, 306, 
0, 375, 304, 62, 361, 26, 
0, 181, 383, 35, 315, 236, 218, 
0, 305, 374, 239, 267, 379, 294, 
0, 11, 90, 324, 241, 
0, 158, 223, 199, 322, 161, 
