Solution: 75 93225.146000 115725.146000

0, 284, 69, 8, 254, 324, 22, 
0, 181, 271, 29, 206, 50, 150, 
0, 28, 308, 330, 295, 100, 
0, 323, 218, 3, 187, 88, 
0, 389, 392, 148, 285, 72, 
0, 258, 94, 318, 113, 177, 277, 
0, 24, 152, 250, 142, 320, 
0, 279, 394, 370, 19, 147, 280, 
0, 204, 186, 2, 386, 224, 345, 
0, 58, 53, 374, 322, 253, 353, 128, 
0, 286, 9, 77, 194, 299, 
0, 33, 130, 112, 214, 294, 
0, 175, 268, 240, 237, 179, 
0, 157, 173, 18, 169, 131, 
0, 375, 84, 17, 114, 76, 
0, 273, 7, 351, 400, 15, 10, 
0, 34, 232, 274, 11, 293, 
0, 313, 51, 163, 118, 103, 
0, 342, 223, 307, 357, 166, 
0, 381, 311, 211, 270, 373, 262, 
0, 80, 47, 68, 379, 95, 
0, 366, 188, 201, 247, 127, 377, 
0, 115, 165, 20, 195, 349, 
0, 78, 229, 14, 259, 372, 
0, 283, 12, 64, 25, 275, 101, 
0, 371, 312, 257, 399, 36, 390, 
0, 82, 265, 245, 326, 260, 
0, 139, 97, 75, 388, 221, 
0, 210, 378, 301, 396, 348, 
0, 363, 236, 197, 340, 132, 288, 
0, 246, 216, 46, 54, 241, 
0, 200, 202, 85, 138, 335, 32, 
0, 226, 162, 343, 368, 317, 70, 
0, 185, 198, 16, 89, 83, 
0, 74, 255, 336, 106, 334, 291, 
0, 71, 159, 263, 21, 234, 
0, 382, 315, 219, 111, 290, 92, 
0, 38, 65, 122, 298, 215, 
0, 168, 172, 190, 42, 
0, 141, 332, 310, 167, 140, 
0, 235, 354, 110, 249, 242, 125, 
0, 192, 196, 133, 145, 
0, 217, 359, 278, 239, 205, 
0, 79, 213, 136, 281, 287, 
0, 6, 155, 39, 189, 319, 272, 
0, 358, 347, 178, 376, 362, 
0, 385, 81, 176, 244, 90, 
0, 369, 23, 55, 5, 356, 
0, 151, 398, 208, 233, 171, 
0, 108, 300, 325, 134, 183, 66, 
0, 67, 199, 338, 222, 297, 
0, 384, 355, 328, 305, 91, 238, 
0, 304, 107, 365, 61, 331, 62, 
0, 144, 289, 109, 333, 
0, 149, 296, 266, 123, 164, 
0, 93, 124, 1, 56, 269, 
0, 256, 30, 160, 126, 341, 
0, 153, 105, 252, 117, 193, 
0, 170, 251, 228, 41, 129, 
0, 314, 339, 86, 4, 346, 
0, 292, 182, 63, 225, 212, 
0, 104, 99, 184, 57, 367, 264, 
0, 395, 87, 276, 137, 135, 35, 
0, 329, 37, 40, 27, 397, 44, 
0, 49, 13, 60, 303, 230, 
0, 227, 45, 146, 306, 352, 
0, 52, 161, 327, 48, 309, 
0, 316, 243, 96, 26, 344, 
0, 321, 119, 220, 267, 174, 
0, 158, 102, 156, 360, 364, 
0, 248, 209, 116, 120, 73, 121, 
0, 282, 143, 361, 31, 231, 
0, 203, 337, 302, 98, 154, 393, 
0, 180, 380, 383, 43, 191, 387, 
0, 261, 391, 207, 59, 350, 
