Solution: 78 95436.376000 118836.376000

0, 170, 196, 34, 60, 178, 325, 
0, 383, 76, 213, 224, 293, 
0, 247, 149, 77, 240, 
0, 175, 85, 223, 260, 256, 13, 
0, 303, 200, 43, 186, 198, 
0, 131, 227, 158, 115, 263, 
0, 62, 81, 35, 42, 319, 279, 
0, 126, 18, 364, 246, 312, 
0, 272, 388, 104, 48, 33, 
0, 352, 206, 197, 287, 338, 
0, 273, 160, 78, 29, 290, 
0, 245, 97, 49, 378, 182, 275, 
0, 331, 108, 176, 173, 277, 
0, 274, 38, 152, 54, 148, 
0, 116, 270, 93, 26, 16, 
0, 233, 332, 69, 61, 216, 136, 
0, 390, 167, 106, 316, 56, 87, 
0, 366, 305, 41, 194, 261, 
0, 310, 71, 129, 336, 65, 
0, 142, 231, 304, 86, 
0, 314, 398, 327, 19, 179, 
0, 326, 218, 103, 6, 50, 
0, 367, 132, 365, 151, 59, 
0, 70, 330, 295, 24, 199, 
0, 75, 269, 207, 185, 368, 
0, 201, 114, 133, 288, 266, 
0, 130, 285, 162, 345, 
0, 112, 8, 95, 101, 
0, 226, 282, 9, 165, 205, 
0, 31, 102, 30, 14, 292, 
0, 296, 309, 52, 183, 23, 
0, 321, 284, 2, 385, 118, 
0, 230, 82, 235, 342, 125, 
0, 184, 72, 20, 353, 
0, 377, 163, 28, 355, 139, 
0, 382, 140, 120, 111, 171, 225, 
0, 181, 337, 264, 350, 
0, 362, 58, 276, 27, 386, 
0, 188, 89, 318, 351, 248, 289, 
0, 301, 174, 376, 127, 22, 
0, 79, 234, 209, 99, 164, 
0, 53, 45, 286, 348, 
0, 145, 113, 265, 123, 
0, 119, 143, 283, 204, 
0, 190, 88, 155, 57, 357, 
0, 66, 67, 138, 
0, 107, 328, 370, 343, 64, 254, 
0, 236, 259, 166, 135, 73, 211, 
0, 68, 242, 169, 373, 380, 192, 
0, 281, 32, 294, 105, 
0, 361, 371, 358, 122, 397, 144, 
0, 219, 317, 389, 98, 374, 
0, 189, 7, 379, 51, 96, 221, 
0, 347, 262, 46, 150, 354, 
0, 215, 84, 335, 396, 271, 384, 
0, 391, 381, 220, 21, 306, 
0, 249, 243, 177, 121, 74, 
0, 393, 244, 17, 128, 156, 
0, 320, 90, 302, 322, 12, 
0, 10, 372, 3, 214, 147, 146, 
0, 117, 313, 344, 191, 339, 
0, 232, 110, 180, 229, 297, 
0, 315, 137, 255, 94, 
0, 55, 346, 203, 307, 161, 
0, 92, 239, 37, 1, 
0, 395, 154, 210, 341, 324, 4, 
0, 299, 334, 237, 153, 124, 
0, 268, 36, 257, 311, 193, 333, 
0, 323, 40, 394, 141, 298, 349, 
0, 241, 363, 44, 278, 47, 208, 
0, 39, 400, 83, 267, 217, 258, 
0, 5, 375, 80, 157, 340, 25, 
0, 15, 134, 91, 300, 291, 
0, 212, 228, 250, 222, 392, 109, 
0, 252, 308, 63, 172, 159, 
0, 369, 359, 238, 280, 253, 
0, 168, 360, 11, 202, 329, 251, 
0, 387, 399, 195, 187, 100, 356, 
