Solution: 75 93644.852000 116144.852000

0, 60, 241, 222, 134, 259, 
0, 9, 367, 103, 148, 357, 
0, 86, 3, 110, 305, 254, 
0, 180, 80, 339, 209, 
0, 123, 46, 325, 88, 372, 
0, 392, 182, 48, 11, 280, 
0, 326, 387, 109, 59, 22, 330, 
0, 310, 371, 30, 292, 101, 
0, 294, 78, 239, 306, 321, 333, 
0, 20, 113, 175, 50, 221, 
0, 240, 228, 340, 152, 94, 284, 
0, 150, 40, 197, 243, 365, 
0, 76, 227, 343, 216, 318, 
0, 282, 17, 400, 203, 116, 
0, 232, 24, 156, 238, 177, 271, 
0, 99, 91, 58, 198, 84, 
0, 348, 111, 36, 230, 290, 
0, 363, 137, 154, 71, 235, 133, 
0, 89, 166, 129, 45, 386, 
0, 342, 397, 179, 21, 298, 6, 
0, 181, 338, 218, 215, 131, 
0, 72, 256, 144, 114, 312, 
0, 376, 287, 115, 224, 354, 341, 
0, 184, 188, 90, 25, 268, 
0, 186, 217, 233, 208, 288, 389, 
0, 297, 151, 157, 369, 396, 121, 
0, 55, 56, 160, 68, 192, 
0, 158, 130, 16, 37, 183, 347, 
0, 74, 168, 124, 332, 
0, 170, 248, 237, 258, 132, 
0, 85, 266, 223, 398, 308, 174, 
0, 62, 18, 51, 67, 299, 
0, 44, 199, 112, 362, 
0, 234, 388, 138, 140, 82, 105, 201, 
0, 189, 328, 43, 87, 283, 
0, 378, 196, 97, 19, 104, 320, 
0, 125, 289, 213, 93, 83, 
0, 278, 191, 73, 276, 351, 
0, 317, 323, 108, 229, 355, 
0, 314, 165, 15, 250, 272, 26, 
0, 118, 324, 263, 194, 54, 
0, 147, 119, 75, 64, 395, 
0, 204, 311, 169, 27, 126, 
0, 364, 128, 28, 352, 141, 383, 
0, 149, 171, 253, 219, 399, 296, 
0, 164, 245, 102, 162, 368, 
0, 202, 336, 394, 176, 249, 100, 
0, 313, 139, 214, 95, 244, 
0, 379, 31, 293, 329, 380, 353, 
0, 269, 145, 53, 193, 350, 
0, 212, 270, 33, 13, 345, 
0, 135, 275, 163, 273, 344, 
0, 390, 304, 35, 63, 23, 
0, 122, 251, 12, 106, 301, 281, 
0, 381, 117, 206, 264, 300, 327, 
0, 236, 302, 29, 247, 142, 
0, 242, 210, 57, 159, 69, 98, 
0, 291, 52, 334, 319, 8, 267, 
0, 382, 79, 66, 14, 205, 
0, 361, 331, 61, 370, 42, 255, 
0, 226, 274, 185, 322, 
0, 231, 391, 346, 279, 257, 
0, 393, 155, 38, 47, 143, 207, 
0, 285, 187, 374, 153, 220, 
0, 252, 195, 375, 32, 81, 
0, 307, 359, 246, 316, 107, 
0, 303, 77, 260, 384, 190, 286, 
0, 262, 349, 167, 136, 92, 178, 
0, 96, 358, 2, 335, 277, 261, 
0, 161, 309, 265, 295, 
0, 377, 10, 49, 146, 1, 
0, 211, 360, 127, 356, 70, 7, 
0, 172, 34, 41, 4, 225, 
0, 315, 366, 337, 39, 385, 173, 
0, 5, 200, 120, 65, 373, 
