Solution: 75 93429.924000 115929.924000

0, 212, 200, 120, 65, 373, 
0, 123, 344, 
0, 111, 325, 88, 372, 102, 
0, 363, 137, 154, 71, 235, 133, 
0, 278, 191, 73, 276, 299, 
0, 170, 119, 103, 148, 395, 
0, 274, 4, 41, 175, 221, 330, 
0, 282, 79, 214, 95, 244, 
0, 150, 40, 197, 343, 101, 
0, 60, 241, 38, 319, 8, 267, 
0, 326, 337, 366, 194, 54, 220, 
0, 99, 91, 58, 198, 84, 
0, 377, 387, 224, 39, 146, 1, 
0, 74, 168, 338, 230, 183, 347, 
0, 55, 199, 112, 362, 
0, 231, 375, 391, 32, 257, 
0, 393, 155, 130, 16, 225, 
0, 252, 310, 164, 140, 82, 353, 
0, 76, 218, 215, 243, 365, 
0, 180, 80, 339, 332, 
0, 211, 360, 127, 356, 247, 142, 
0, 285, 287, 115, 27, 268, 
0, 382, 291, 51, 205, 333, 131, 
0, 232, 24, 156, 177, 238, 249, 
0, 378, 196, 97, 19, 104, 320, 
0, 204, 311, 169, 126, 341, 
0, 297, 151, 157, 369, 396, 121, 
0, 145, 269, 388, 346, 279, 81, 
0, 189, 328, 43, 400, 321, 67, 
0, 303, 77, 260, 384, 190, 286, 
0, 361, 331, 94, 340, 370, 255, 
0, 381, 195, 53, 193, 350, 
0, 113, 109, 222, 134, 259, 
0, 236, 302, 75, 61, 42, 
0, 161, 359, 246, 316, 107, 
0, 392, 182, 48, 11, 280, 
0, 185, 10, 49, 192, 271, 
0, 118, 176, 322, 70, 7, 
0, 342, 397, 179, 21, 298, 6, 
0, 72, 256, 144, 114, 312, 
0, 85, 266, 223, 398, 308, 174, 
0, 294, 187, 374, 153, 351, 
0, 317, 323, 108, 229, 355, 
0, 313, 17, 66, 14, 87, 
0, 262, 349, 167, 136, 92, 178, 
0, 245, 371, 292, 162, 368, 
0, 86, 3, 110, 305, 254, 
0, 147, 270, 33, 13, 345, 
0, 96, 358, 20, 124, 
0, 240, 228, 129, 63, 23, 
0, 122, 251, 12, 106, 301, 281, 
0, 315, 324, 309, 263, 385, 173, 
0, 135, 275, 163, 273, 258, 132, 
0, 158, 52, 334, 47, 143, 37, 
0, 44, 56, 160, 68, 22, 
0, 390, 304, 35, 352, 383, 
0, 172, 59, 90, 50, 207, 
0, 348, 117, 30, 264, 300, 327, 
0, 364, 128, 28, 141, 152, 284, 
0, 181, 227, 36, 216, 318, 
0, 125, 289, 213, 93, 83, 
0, 184, 188, 34, 2, 277, 261, 
0, 9, 367, 5, 64, 69, 98, 
0, 46, 18, 139, 203, 116, 
0, 314, 165, 25, 335, 100, 
0, 379, 31, 293, 329, 288, 
0, 149, 171, 253, 219, 399, 296, 
0, 376, 242, 210, 57, 159, 357, 
0, 186, 217, 233, 208, 290, 389, 
0, 202, 336, 394, 29, 45, 386, 
0, 89, 166, 15, 250, 26, 272, 
0, 62, 78, 239, 306, 283, 
0, 307, 354, 265, 295, 
0, 234, 138, 206, 380, 105, 201, 
0, 226, 248, 237, 209, 
