Solution: 79 97936.650000 121636.650000

0, 70, 101, 57, 49, 
0, 295, 112, 9, 40, 176, 
0, 216, 261, 189, 323, 272, 
0, 11, 350, 38, 354, 
0, 43, 94, 73, 
0, 113, 227, 381, 324, 
0, 74, 119, 212, 180, 298, 
0, 56, 64, 276, 388, 34, 389, 
0, 164, 231, 171, 234, 178, 
0, 134, 200, 91, 243, 172, 
0, 239, 190, 233, 267, 379, 185, 
0, 132, 18, 143, 195, 385, 
0, 319, 339, 52, 165, 51, 
0, 374, 32, 59, 400, 294, 
0, 68, 258, 344, 150, 310, 343, 
0, 67, 35, 315, 236, 218, 
0, 364, 224, 286, 83, 246, 
0, 69, 223, 199, 322, 161, 
0, 320, 360, 174, 152, 371, 
0, 205, 201, 372, 325, 
0, 61, 36, 136, 126, 
0, 158, 128, 151, 347, 250, 
0, 230, 279, 92, 198, 330, 249, 
0, 221, 366, 20, 30, 357, 
0, 355, 290, 192, 299, 
0, 375, 304, 62, 361, 26, 
0, 135, 193, 253, 15, 54, 
0, 100, 256, 86, 206, 13, 
0, 275, 162, 321, 228, 3, 
0, 271, 125, 55, 144, 386, 
0, 215, 316, 217, 313, 334, 
0, 155, 342, 138, 118, 142, 226, 
0, 48, 41, 394, 358, 
0, 72, 93, 248, 245, 306, 
0, 391, 307, 175, 214, 259, 
0, 120, 141, 47, 104, 398, 
0, 337, 24, 79, 182, 393, 
0, 328, 103, 326, 23, 131, 28, 
0, 95, 365, 238, 220, 58, 
0, 181, 335, 90, 117, 147, 
0, 378, 317, 265, 399, 203, 270, 
0, 116, 96, 282, 78, 213, 
0, 370, 186, 288, 115, 4, 82, 
0, 196, 76, 139, 156, 263, 
0, 247, 21, 149, 254, 289, 
0, 157, 268, 229, 108, 130, 
0, 153, 89, 111, 345, 356, 
0, 305, 14, 124, 85, 278, 145, 
0, 293, 210, 106, 168, 252, 129, 
0, 45, 329, 146, 188, 114, 
0, 349, 383, 110, 107, 269, 
0, 159, 303, 277, 160, 202, 
0, 240, 133, 98, 297, 
0, 387, 204, 336, 27, 66, 121, 
0, 140, 63, 340, 301, 376, 274, 
0, 109, 50, 123, 197, 
0, 395, 148, 209, 194, 37, 338, 
0, 183, 284, 373, 308, 341, 60, 
0, 266, 8, 22, 348, 237, 
0, 177, 242, 25, 235, 327, 
0, 384, 99, 333, 296, 380, 
0, 222, 232, 173, 390, 5, 273, 
0, 65, 77, 264, 105, 
0, 71, 87, 396, 262, 80, 84, 
0, 179, 6, 88, 191, 97, 
0, 353, 312, 255, 187, 81, 
0, 167, 219, 281, 44, 211, 
0, 368, 332, 302, 311, 
0, 251, 314, 382, 166, 154, 
0, 7, 352, 17, 31, 241, 
0, 137, 292, 127, 1, 169, 392, 
0, 257, 244, 12, 53, 46, 19, 
0, 351, 2, 318, 331, 
0, 285, 291, 184, 300, 170, 
0, 33, 122, 207, 16, 75, 
0, 10, 283, 39, 102, 346, 260, 
0, 225, 287, 208, 367, 
0, 309, 377, 363, 29, 397, 42, 
0, 163, 359, 280, 369, 362, 
