Solution: 78 96548.186000 119948.186000

0, 199, 56, 160, 67, 299, 
0, 53, 195, 391, 162, 368, 257, 
0, 189, 328, 43, 66, 14, 
0, 232, 202, 2, 254, 
0, 231, 375, 32, 332, 
0, 18, 139, 214, 95, 205, 
0, 77, 260, 213, 107, 286, 
0, 20, 113, 175, 4, 
0, 86, 110, 305, 322, 301, 281, 
0, 74, 168, 338, 216, 288, 
0, 242, 210, 57, 69, 357, 
0, 304, 23, 11, 280, 83, 
0, 181, 167, 112, 68, 259, 
0, 275, 163, 273, 344, 
0, 314, 165, 25, 268, 
0, 381, 245, 138, 140, 105, 201, 
0, 307, 289, 224, 354, 341, 
0, 282, 79, 87, 400, 283, 
0, 226, 248, 237, 258, 132, 
0, 378, 196, 97, 19, 104, 320, 
0, 211, 360, 127, 356, 70, 347, 
0, 172, 274, 3, 124, 183, 
0, 147, 103, 33, 13, 383, 
0, 342, 397, 179, 21, 298, 6, 
0, 303, 125, 15, 250, 316, 26, 
0, 392, 182, 369, 396, 93, 
0, 297, 151, 48, 384, 
0, 212, 367, 390, 148, 159, 
0, 376, 287, 115, 49, 192, 22, 
0, 135, 80, 339, 209, 
0, 158, 180, 193, 350, 
0, 246, 323, 229, 355, 
0, 393, 155, 130, 16, 225, 
0, 313, 17, 203, 116, 
0, 204, 311, 169, 27, 126, 
0, 170, 119, 75, 64, 
0, 317, 39, 265, 194, 54, 272, 
0, 184, 188, 34, 41, 277, 261, 
0, 364, 128, 35, 352, 345, 
0, 96, 24, 90, 50, 330, 
0, 278, 191, 108, 295, 
0, 348, 117, 30, 264, 300, 327, 
0, 285, 187, 374, 153, 220, 
0, 185, 324, 309, 263, 385, 173, 
0, 149, 171, 253, 219, 399, 271, 
0, 256, 144, 114, 312, 
0, 150, 40, 197, 243, 365, 
0, 9, 200, 5, 98, 133, 395, 
0, 326, 387, 109, 59, 221, 
0, 315, 366, 337, 146, 1, 
0, 122, 251, 12, 335, 177, 296, 
0, 72, 270, 28, 141, 152, 284, 
0, 363, 137, 154, 71, 235, 
0, 161, 359, 157, 121, 190, 
0, 55, 52, 334, 47, 143, 37, 
0, 262, 349, 73, 362, 276, 351, 
0, 46, 111, 218, 215, 131, 
0, 76, 227, 343, 36, 318, 
0, 379, 325, 88, 372, 102, 
0, 236, 302, 61, 247, 142, 
0, 99, 336, 58, 198, 84, 
0, 60, 241, 38, 319, 8, 267, 
0, 294, 31, 293, 329, 380, 
0, 361, 331, 340, 370, 42, 255, 
0, 85, 266, 223, 398, 308, 174, 
0, 240, 228, 129, 63, 94, 
0, 62, 78, 136, 92, 178, 
0, 91, 358, 156, 238, 7, 100, 
0, 44, 306, 239, 321, 333, 244, 
0, 186, 217, 233, 208, 290, 389, 
0, 89, 166, 29, 45, 386, 
0, 123, 120, 65, 373, 
0, 382, 291, 51, 230, 
0, 252, 310, 164, 292, 101, 
0, 118, 394, 176, 106, 249, 
0, 145, 269, 388, 346, 279, 81, 
0, 234, 371, 206, 82, 353, 
0, 377, 10, 222, 134, 207, 
