Solution: 78 97965.126000 121365.126000

0, 109, 50, 123, 197, 
0, 387, 204, 336, 27, 30, 
0, 266, 256, 86, 22, 206, 
0, 69, 223, 2, 331, 
0, 378, 317, 265, 111, 34, 389, 
0, 305, 14, 124, 85, 185, 
0, 134, 200, 91, 243, 172, 
0, 71, 87, 396, 262, 80, 84, 
0, 120, 141, 47, 356, 
0, 183, 284, 373, 308, 341, 259, 
0, 33, 275, 16, 3, 4, 
0, 179, 6, 88, 218, 191, 
0, 285, 291, 184, 300, 170, 
0, 395, 92, 255, 198, 330, 249, 
0, 95, 32, 212, 180, 114, 
0, 159, 303, 277, 160, 202, 
0, 271, 125, 55, 253, 15, 
0, 196, 201, 372, 325, 263, 
0, 43, 264, 73, 23, 241, 
0, 132, 104, 398, 83, 246, 
0, 135, 193, 76, 139, 367, 
0, 221, 20, 318, 199, 161, 392, 
0, 45, 329, 146, 188, 346, 260, 
0, 283, 365, 238, 220, 58, 
0, 364, 224, 276, 286, 299, 
0, 205, 101, 44, 49, 54, 
0, 67, 8, 348, 237, 343, 
0, 222, 232, 173, 321, 228, 82, 
0, 368, 18, 369, 311, 
0, 158, 128, 151, 347, 250, 
0, 137, 292, 127, 1, 169, 289, 
0, 293, 383, 110, 107, 269, 
0, 240, 133, 98, 297, 
0, 337, 374, 175, 214, 97, 
0, 247, 21, 149, 254, 13, 
0, 320, 360, 174, 152, 371, 
0, 384, 99, 316, 307, 274, 
0, 74, 162, 207, 187, 298, 
0, 48, 41, 394, 189, 323, 272, 
0, 7, 77, 65, 105, 
0, 258, 227, 381, 78, 310, 
0, 309, 17, 31, 324, 
0, 295, 112, 9, 40, 176, 
0, 239, 190, 233, 267, 379, 66, 
0, 353, 333, 79, 182, 393, 
0, 375, 304, 62, 361, 26, 
0, 177, 242, 25, 235, 327, 
0, 257, 244, 203, 382, 270, 
0, 366, 148, 10, 37, 326, 338, 
0, 157, 268, 229, 108, 130, 
0, 349, 332, 302, 143, 195, 385, 
0, 230, 279, 248, 245, 178, 
0, 355, 359, 280, 29, 354, 
0, 261, 215, 217, 313, 334, 
0, 164, 231, 171, 234, 294, 306, 
0, 351, 186, 377, 115, 362, 
0, 70, 219, 281, 322, 211, 
0, 11, 350, 38, 236, 5, 
0, 328, 103, 39, 102, 213, 60, 
0, 216, 140, 358, 296, 380, 
0, 61, 36, 136, 126, 357, 
0, 163, 290, 363, 397, 42, 
0, 116, 96, 344, 150, 147, 
0, 319, 339, 52, 165, 278, 
0, 100, 399, 12, 53, 46, 19, 
0, 153, 89, 345, 144, 386, 
0, 56, 64, 192, 388, 
0, 225, 287, 208, 156, 
0, 370, 288, 35, 315, 390, 75, 
0, 113, 119, 59, 400, 51, 145, 
0, 251, 314, 57, 166, 154, 
0, 68, 282, 312, 122, 81, 
0, 155, 342, 138, 118, 142, 226, 
0, 391, 24, 340, 301, 376, 
0, 352, 94, 209, 194, 131, 28, 
0, 167, 210, 106, 168, 252, 129, 
0, 72, 93, 63, 121, 
0, 181, 335, 90, 117, 273, 
