Solution: 75 93562.980000 116062.980000

0, 382, 79, 66, 400, 14, 
0, 20, 113, 41, 4, 207, 
0, 161, 359, 246, 316, 142, 
0, 378, 387, 109, 175, 221, 330, 
0, 9, 367, 5, 64, 69, 98, 
0, 317, 323, 194, 229, 355, 
0, 181, 338, 218, 215, 131, 
0, 342, 397, 179, 21, 298, 6, 
0, 242, 210, 57, 159, 357, 
0, 232, 24, 156, 177, 238, 249, 
0, 135, 248, 237, 258, 132, 
0, 91, 99, 247, 61, 42, 
0, 348, 31, 293, 329, 116, 
0, 44, 199, 112, 362, 
0, 294, 78, 19, 97, 104, 320, 
0, 314, 165, 15, 250, 272, 26, 
0, 60, 241, 38, 319, 8, 267, 
0, 125, 289, 224, 39, 385, 173, 
0, 118, 176, 222, 134, 259, 
0, 150, 40, 197, 243, 365, 
0, 226, 274, 185, 322, 
0, 307, 121, 157, 213, 107, 
0, 189, 328, 43, 203, 333, 244, 
0, 76, 227, 343, 216, 318, 
0, 364, 128, 28, 141, 152, 284, 
0, 72, 256, 144, 114, 312, 
0, 85, 266, 223, 398, 308, 67, 
0, 393, 155, 130, 16, 225, 
0, 326, 337, 366, 68, 146, 1, 
0, 392, 151, 48, 11, 280, 83, 
0, 74, 168, 124, 332, 
0, 240, 228, 129, 63, 23, 
0, 315, 324, 309, 263, 268, 
0, 164, 245, 102, 162, 
0, 149, 171, 253, 219, 399, 296, 
0, 262, 349, 167, 136, 92, 
0, 89, 166, 29, 45, 386, 
0, 172, 59, 90, 50, 22, 
0, 96, 358, 25, 335, 100, 347, 
0, 46, 111, 36, 230, 174, 283, 
0, 211, 360, 127, 356, 70, 7, 
0, 234, 388, 138, 140, 82, 105, 201, 
0, 363, 137, 154, 71, 235, 133, 
0, 86, 3, 110, 305, 183, 
0, 379, 325, 88, 372, 101, 290, 
0, 186, 217, 233, 208, 288, 389, 
0, 55, 56, 160, 192, 271, 
0, 310, 371, 30, 292, 380, 353, 
0, 291, 196, 374, 153, 351, 
0, 278, 191, 108, 295, 
0, 285, 187, 73, 276, 299, 
0, 313, 139, 214, 95, 87, 
0, 204, 311, 169, 27, 126, 
0, 62, 18, 51, 205, 257, 
0, 147, 270, 33, 13, 345, 
0, 123, 275, 163, 273, 344, 
0, 212, 200, 120, 65, 373, 
0, 377, 10, 49, 354, 341, 
0, 297, 369, 182, 396, 93, 
0, 202, 336, 394, 58, 84, 198, 
0, 122, 251, 12, 106, 301, 281, 
0, 282, 17, 239, 306, 321, 178, 
0, 252, 195, 375, 32, 81, 
0, 170, 119, 103, 148, 395, 
0, 390, 304, 35, 352, 383, 
0, 381, 117, 206, 264, 300, 327, 
0, 158, 52, 334, 47, 143, 37, 
0, 269, 145, 53, 193, 350, 
0, 236, 302, 75, 254, 
0, 231, 391, 346, 279, 368, 
0, 376, 287, 115, 265, 54, 220, 
0, 303, 77, 260, 384, 190, 286, 
0, 180, 80, 339, 209, 
0, 184, 188, 34, 2, 277, 261, 
0, 361, 331, 94, 340, 370, 255, 
