Solution: 77 95638.508000 118738.508000

0, 304, 35, 63, 255, 
0, 76, 218, 215, 343, 290, 
0, 202, 336, 394, 356, 142, 
0, 172, 285, 219, 399, 277, 281, 
0, 55, 52, 334, 319, 8, 37, 
0, 311, 309, 265, 295, 385, 173, 
0, 199, 56, 160, 68, 220, 
0, 337, 366, 374, 153, 355, 
0, 91, 99, 247, 61, 370, 42, 
0, 89, 166, 15, 250, 26, 272, 
0, 379, 227, 36, 216, 318, 
0, 149, 109, 222, 134, 259, 
0, 378, 180, 53, 193, 350, 
0, 161, 359, 21, 397, 298, 
0, 253, 188, 34, 41, 4, 
0, 145, 269, 144, 114, 312, 
0, 72, 363, 256, 154, 71, 235, 
0, 118, 176, 58, 198, 249, 
0, 392, 182, 157, 369, 
0, 125, 289, 179, 213, 107, 
0, 278, 171, 20, 124, 183, 
0, 348, 111, 88, 372, 101, 
0, 381, 245, 164, 140, 82, 353, 
0, 44, 78, 136, 92, 205, 
0, 361, 331, 340, 152, 94, 284, 
0, 393, 155, 130, 16, 225, 
0, 324, 323, 194, 54, 351, 
0, 287, 115, 169, 25, 296, 
0, 252, 310, 388, 346, 162, 102, 
0, 291, 196, 97, 19, 104, 
0, 313, 139, 214, 95, 87, 
0, 147, 270, 33, 13, 345, 
0, 184, 113, 175, 50, 22, 207, 
0, 376, 242, 210, 57, 159, 357, 
0, 137, 367, 390, 133, 148, 395, 
0, 211, 303, 360, 273, 258, 132, 
0, 86, 3, 110, 305, 254, 
0, 382, 79, 66, 400, 14, 
0, 74, 168, 338, 230, 174, 283, 
0, 226, 248, 237, 209, 
0, 46, 325, 30, 264, 257, 
0, 212, 200, 120, 65, 373, 
0, 231, 195, 375, 279, 368, 
0, 349, 73, 112, 362, 
0, 364, 128, 28, 352, 141, 383, 
0, 158, 80, 339, 
0, 170, 119, 103, 64, 69, 98, 
0, 297, 151, 121, 396, 93, 
0, 77, 260, 48, 11, 286, 
0, 307, 354, 224, 39, 341, 
0, 282, 17, 239, 306, 321, 178, 
0, 204, 29, 384, 280, 83, 
0, 232, 24, 156, 238, 177, 271, 
0, 234, 138, 206, 380, 300, 327, 
0, 294, 31, 293, 329, 365, 116, 
0, 96, 358, 2, 335, 100, 347, 
0, 135, 275, 163, 332, 
0, 317, 326, 191, 108, 276, 320, 
0, 85, 266, 223, 398, 308, 267, 
0, 181, 262, 391, 32, 81, 
0, 150, 40, 197, 243, 131, 
0, 186, 217, 233, 208, 288, 389, 
0, 189, 328, 43, 203, 333, 244, 
0, 236, 302, 75, 70, 7, 
0, 167, 187, 229, 146, 1, 
0, 342, 246, 263, 316, 190, 
0, 60, 241, 38, 47, 143, 
0, 228, 129, 23, 45, 386, 
0, 387, 59, 90, 221, 330, 
0, 377, 10, 49, 126, 192, 
0, 314, 165, 6, 27, 268, 
0, 122, 251, 12, 106, 84, 
0, 9, 240, 5, 127, 301, 261, 
0, 62, 18, 51, 67, 299, 
0, 117, 371, 292, 105, 201, 
0, 315, 274, 185, 322, 
0, 123, 344, 
