Solution: 79 95562.824000 119262.824000

0, 145, 113, 265, 123, 
0, 168, 360, 11, 202, 329, 251, 
0, 175, 85, 223, 260, 307, 289, 
0, 232, 110, 180, 229, 297, 
0, 189, 7, 379, 51, 96, 221, 
0, 310, 71, 91, 148, 254, 
0, 81, 78, 29, 4, 279, 
0, 387, 399, 32, 396, 100, 356, 
0, 15, 134, 41, 194, 261, 
0, 313, 117, 191, 
0, 331, 40, 394, 103, 298, 349, 
0, 369, 359, 238, 280, 74, 
0, 370, 76, 129, 224, 293, 
0, 301, 388, 104, 127, 33, 
0, 252, 308, 63, 172, 159, 
0, 320, 27, 111, 171, 225, 
0, 53, 45, 286, 348, 
0, 321, 284, 2, 385, 118, 
0, 273, 196, 34, 37, 1, 
0, 299, 38, 213, 300, 291, 
0, 201, 114, 133, 288, 266, 
0, 233, 332, 69, 61, 368, 
0, 390, 167, 106, 316, 56, 87, 
0, 130, 285, 162, 203, 357, 
0, 112, 177, 155, 256, 178, 
0, 303, 276, 227, 304, 
0, 281, 240, 105, 
0, 88, 346, 141, 122, 144, 386, 
0, 323, 272, 72, 345, 
0, 107, 328, 237, 153, 124, 
0, 188, 89, 318, 95, 101, 13, 
0, 68, 242, 169, 373, 380, 192, 
0, 274, 334, 287, 54, 152, 
0, 382, 140, 120, 351, 8, 208, 
0, 268, 36, 257, 311, 193, 333, 
0, 352, 206, 197, 99, 164, 
0, 315, 137, 255, 94, 25, 
0, 236, 259, 166, 135, 73, 211, 
0, 212, 228, 250, 222, 392, 109, 
0, 119, 143, 283, 248, 
0, 66, 67, 138, 
0, 249, 108, 173, 176, 22, 
0, 245, 97, 278, 47, 253, 
0, 393, 244, 182, 49, 
0, 383, 174, 376, 339, 
0, 247, 149, 77, 195, 
0, 170, 18, 364, 246, 312, 
0, 296, 309, 17, 128, 378, 275, 
0, 92, 243, 235, 342, 125, 
0, 5, 375, 80, 157, 340, 156, 
0, 347, 327, 358, 397, 325, 
0, 10, 372, 3, 214, 147, 146, 
0, 126, 160, 35, 42, 319, 
0, 131, 58, 43, 183, 23, 
0, 75, 269, 207, 185, 
0, 39, 400, 343, 267, 217, 258, 
0, 142, 158, 115, 186, 263, 
0, 190, 55, 239, 60, 277, 
0, 62, 326, 83, 64, 336, 65, 
0, 70, 231, 302, 322, 12, 
0, 241, 363, 44, 57, 161, 
0, 367, 132, 365, 151, 59, 
0, 215, 84, 335, 294, 271, 384, 
0, 116, 270, 93, 26, 16, 
0, 31, 102, 30, 198, 86, 
0, 361, 371, 218, 150, 46, 354, 
0, 377, 163, 28, 355, 139, 
0, 362, 200, 52, 14, 292, 
0, 391, 381, 220, 21, 306, 
0, 219, 317, 389, 98, 374, 
0, 226, 282, 9, 165, 205, 
0, 230, 48, 82, 121, 338, 
0, 395, 154, 210, 341, 324, 290, 
0, 90, 330, 295, 24, 199, 
0, 314, 398, 262, 19, 179, 
0, 181, 337, 264, 350, 
0, 79, 234, 209, 6, 50, 
0, 366, 305, 187, 216, 136, 
0, 344, 184, 20, 353, 204, 
