Solution: 80 99444.114000 123444.114000

0, 355, 359, 300, 170, 246, 
0, 364, 224, 276, 286, 299, 
0, 205, 271, 139, 201, 156, 367, 
0, 391, 307, 175, 243, 172, 259, 
0, 163, 290, 369, 280, 83, 
0, 65, 77, 264, 105, 
0, 43, 94, 73, 
0, 378, 287, 277, 160, 250, 
0, 295, 112, 9, 23, 131, 
0, 304, 55, 118, 144, 386, 
0, 240, 375, 50, 123, 197, 
0, 285, 210, 106, 168, 254, 289, 
0, 92, 162, 187, 191, 218, 
0, 216, 261, 189, 323, 272, 
0, 64, 192, 399, 345, 12, 19, 
0, 309, 96, 344, 310, 
0, 67, 88, 38, 354, 
0, 79, 24, 340, 182, 66, 121, 
0, 257, 125, 253, 347, 54, 
0, 320, 360, 174, 152, 371, 
0, 247, 21, 149, 322, 161, 
0, 337, 190, 233, 185, 
0, 153, 89, 53, 46, 270, 
0, 157, 268, 229, 108, 130, 
0, 230, 279, 248, 245, 178, 
0, 61, 36, 136, 126, 357, 
0, 109, 133, 98, 297, 
0, 177, 242, 25, 235, 327, 
0, 100, 256, 86, 206, 13, 
0, 352, 158, 222, 318, 
0, 387, 204, 336, 27, 294, 306, 
0, 251, 265, 111, 34, 389, 
0, 71, 87, 396, 262, 80, 84, 
0, 74, 119, 59, 400, 51, 145, 
0, 183, 103, 39, 102, 213, 346, 260, 
0, 72, 93, 63, 393, 97, 
0, 365, 312, 207, 16, 75, 
0, 33, 275, 330, 122, 81, 
0, 221, 366, 20, 30, 40, 176, 
0, 14, 124, 85, 308, 341, 
0, 350, 377, 321, 228, 3, 
0, 11, 90, 324, 
0, 293, 383, 363, 29, 397, 42, 
0, 155, 342, 138, 142, 15, 
0, 95, 32, 212, 180, 114, 
0, 70, 128, 49, 
0, 284, 373, 255, 198, 249, 
0, 370, 186, 288, 115, 362, 
0, 353, 140, 214, 296, 380, 
0, 319, 339, 52, 165, 278, 
0, 328, 148, 209, 194, 37, 28, 
0, 291, 184, 110, 107, 273, 
0, 303, 317, 47, 388, 
0, 305, 374, 239, 267, 379, 
0, 225, 372, 325, 208, 
0, 159, 62, 26, 361, 202, 
0, 384, 99, 333, 301, 376, 274, 
0, 56, 266, 8, 22, 269, 
0, 137, 292, 127, 1, 169, 392, 
0, 196, 101, 57, 166, 154, 226, 
0, 68, 282, 238, 220, 58, 
0, 349, 335, 117, 241, 
0, 164, 231, 171, 234, 60, 298, 
0, 7, 181, 2, 199, 211, 
0, 215, 316, 217, 313, 334, 
0, 45, 329, 10, 326, 338, 
0, 6, 35, 315, 236, 5, 
0, 395, 78, 283, 146, 188, 
0, 135, 193, 76, 151, 263, 
0, 48, 41, 394, 358, 
0, 120, 141, 104, 398, 356, 
0, 258, 227, 381, 150, 147, 
0, 113, 232, 173, 390, 4, 82, 
0, 167, 219, 281, 44, 252, 
0, 368, 332, 302, 311, 
0, 69, 223, 179, 331, 
0, 132, 18, 143, 195, 385, 
0, 116, 17, 31, 348, 237, 343, 
0, 351, 244, 314, 203, 382, 129, 
0, 134, 200, 91, 
