Solution: 75 93283.400000 115783.400000

0, 240, 228, 129, 63, 23, 
0, 393, 155, 319, 38, 47, 207, 
0, 202, 336, 394, 29, 45, 386, 
0, 317, 323, 265, 354, 
0, 269, 145, 53, 193, 350, 
0, 236, 302, 75, 247, 255, 
0, 20, 113, 175, 4, 
0, 211, 360, 273, 344, 
0, 379, 325, 138, 140, 105, 201, 
0, 307, 121, 157, 213, 107, 
0, 376, 242, 210, 57, 159, 357, 
0, 326, 387, 109, 50, 221, 330, 
0, 378, 196, 97, 19, 104, 320, 
0, 55, 52, 334, 230, 174, 
0, 337, 366, 374, 153, 355, 
0, 170, 119, 103, 148, 133, 395, 
0, 17, 167, 112, 68, 220, 
0, 361, 331, 340, 61, 370, 42, 
0, 99, 91, 58, 249, 238, 271, 
0, 226, 358, 356, 64, 69, 98, 
0, 135, 248, 237, 209, 
0, 172, 274, 185, 322, 
0, 74, 168, 338, 216, 288, 
0, 315, 324, 309, 263, 194, 54, 
0, 314, 165, 25, 106, 100, 
0, 180, 80, 339, 332, 
0, 252, 195, 375, 32, 81, 
0, 282, 79, 66, 205, 244, 
0, 186, 217, 233, 208, 290, 389, 
0, 118, 176, 156, 70, 347, 
0, 285, 287, 115, 27, 268, 
0, 390, 304, 35, 352, 141, 
0, 147, 270, 33, 13, 345, 
0, 348, 117, 30, 264, 300, 327, 
0, 262, 349, 73, 362, 276, 351, 
0, 212, 200, 120, 65, 373, 
0, 297, 369, 182, 396, 93, 
0, 303, 77, 260, 384, 190, 286, 
0, 122, 251, 12, 335, 277, 281, 
0, 294, 31, 293, 329, 365, 116, 
0, 125, 289, 224, 39, 385, 173, 
0, 9, 367, 5, 127, 301, 132, 
0, 377, 10, 49, 192, 22, 
0, 313, 139, 214, 14, 87, 
0, 96, 24, 2, 177, 7, 261, 
0, 62, 18, 95, 203, 308, 
0, 46, 111, 218, 215, 131, 
0, 72, 256, 144, 114, 312, 
0, 184, 188, 34, 41, 225, 
0, 204, 311, 169, 126, 341, 
0, 363, 137, 154, 71, 235, 383, 
0, 199, 56, 160, 67, 299, 
0, 123, 275, 163, 258, 124, 183, 
0, 150, 40, 197, 243, 380, 
0, 234, 164, 206, 82, 353, 
0, 382, 291, 51, 136, 92, 178, 
0, 392, 151, 48, 11, 280, 83, 
0, 76, 227, 343, 36, 318, 
0, 161, 359, 246, 316, 142, 
0, 189, 328, 43, 400, 321, 333, 
0, 231, 391, 88, 372, 101, 
0, 181, 266, 223, 398, 8, 267, 
0, 245, 371, 292, 162, 102, 
0, 232, 59, 90, 84, 198, 
0, 60, 187, 229, 146, 1, 
0, 381, 310, 388, 346, 279, 368, 
0, 85, 241, 222, 134, 259, 
0, 342, 397, 179, 21, 298, 6, 
0, 89, 166, 15, 250, 26, 272, 
0, 86, 3, 110, 305, 254, 
0, 149, 171, 253, 219, 399, 296, 
0, 364, 128, 28, 152, 94, 284, 
0, 278, 191, 108, 295, 
0, 44, 78, 239, 306, 257, 
0, 158, 130, 143, 16, 37, 283, 
