Solution: 79 98223.650000 121923.650000

0, 181, 335, 90, 117, 273, 
0, 116, 17, 31, 324, 
0, 79, 24, 340, 182, 66, 
0, 285, 291, 363, 29, 397, 42, 
0, 132, 359, 300, 170, 246, 
0, 216, 99, 307, 323, 272, 
0, 74, 119, 59, 400, 51, 145, 
0, 375, 304, 62, 361, 26, 
0, 353, 140, 214, 296, 380, 
0, 43, 94, 73, 
0, 247, 184, 110, 107, 385, 
0, 7, 221, 20, 30, 40, 176, 
0, 271, 125, 151, 347, 263, 
0, 72, 93, 333, 301, 376, 274, 
0, 370, 186, 288, 115, 390, 75, 
0, 391, 316, 217, 313, 334, 
0, 225, 287, 208, 156, 
0, 71, 87, 396, 44, 211, 
0, 95, 32, 212, 180, 114, 
0, 159, 303, 277, 160, 202, 
0, 137, 292, 127, 1, 169, 289, 
0, 349, 18, 195, 143, 362, 
0, 309, 326, 39, 102, 346, 393, 
0, 355, 290, 369, 280, 83, 
0, 223, 149, 179, 331, 
0, 120, 141, 47, 356, 80, 
0, 48, 41, 394, 358, 
0, 33, 275, 16, 3, 4, 
0, 45, 329, 146, 308, 298, 
0, 109, 50, 123, 197, 
0, 113, 96, 344, 310, 97, 
0, 378, 317, 55, 144, 386, 
0, 205, 201, 372, 325, 
0, 210, 21, 106, 168, 206, 84, 
0, 6, 35, 315, 236, 5, 
0, 11, 350, 38, 354, 
0, 240, 133, 98, 297, 
0, 163, 268, 276, 388, 34, 389, 
0, 215, 261, 189, 175, 259, 
0, 368, 332, 302, 311, 
0, 293, 383, 8, 348, 237, 
0, 364, 224, 286, 130, 299, 
0, 387, 204, 336, 27, 178, 
0, 295, 112, 9, 23, 131, 28, 
0, 257, 244, 203, 382, 54, 
0, 177, 242, 25, 235, 327, 
0, 153, 89, 53, 46, 270, 
0, 258, 227, 381, 150, 147, 343, 
0, 251, 314, 57, 166, 154, 
0, 167, 219, 281, 252, 254, 13, 
0, 155, 342, 138, 118, 142, 226, 
0, 67, 377, 88, 218, 191, 
0, 222, 232, 173, 321, 228, 82, 
0, 148, 10, 209, 194, 37, 338, 
0, 61, 36, 136, 126, 357, 
0, 135, 193, 76, 139, 367, 
0, 64, 192, 399, 262, 129, 
0, 196, 101, 15, 253, 250, 
0, 134, 200, 91, 243, 172, 
0, 305, 14, 124, 85, 188, 
0, 337, 374, 239, 267, 379, 60, 
0, 328, 103, 171, 234, 294, 
0, 266, 157, 108, 229, 104, 398, 
0, 395, 92, 255, 122, 81, 
0, 365, 162, 220, 238, 213, 
0, 100, 265, 111, 345, 12, 19, 
0, 183, 284, 373, 198, 330, 249, 
0, 70, 128, 49, 
0, 68, 283, 78, 58, 341, 
0, 56, 256, 86, 22, 269, 
0, 69, 351, 2, 318, 241, 
0, 320, 360, 174, 152, 371, 
0, 164, 231, 248, 245, 306, 
0, 65, 77, 264, 105, 
0, 319, 339, 52, 165, 278, 
0, 352, 158, 199, 322, 161, 392, 
0, 384, 190, 233, 185, 
0, 366, 282, 312, 207, 187, 260, 
0, 230, 279, 63, 121, 
