Solution: 78 98316.540000 121716.540000

0, 271, 125, 55, 144, 386, 
0, 328, 103, 39, 102, 213, 298, 
0, 320, 360, 174, 152, 371, 
0, 365, 162, 207, 390, 273, 
0, 48, 41, 394, 358, 
0, 257, 244, 203, 53, 46, 19, 
0, 43, 264, 73, 23, 241, 
0, 205, 98, 133, 50, 123, 197, 
0, 135, 193, 76, 151, 263, 
0, 7, 221, 20, 30, 97, 
0, 366, 209, 283, 238, 220, 260, 
0, 69, 223, 179, 331, 44, 
0, 137, 242, 25, 235, 
0, 74, 119, 59, 400, 51, 145, 
0, 159, 303, 277, 160, 202, 
0, 72, 93, 248, 245, 178, 
0, 183, 284, 373, 308, 58, 249, 
0, 216, 140, 214, 296, 380, 
0, 33, 232, 173, 321, 228, 
0, 251, 314, 57, 166, 154, 
0, 134, 200, 91, 243, 172, 
0, 120, 141, 388, 286, 299, 
0, 190, 63, 233, 185, 
0, 167, 219, 396, 262, 84, 129, 
0, 395, 148, 10, 194, 
0, 391, 316, 217, 313, 334, 
0, 309, 17, 31, 324, 
0, 378, 317, 265, 399, 34, 80, 
0, 240, 297, 156, 367, 
0, 351, 292, 127, 1, 348, 289, 
0, 349, 383, 363, 29, 397, 42, 
0, 177, 18, 195, 143, 362, 
0, 61, 36, 136, 126, 357, 
0, 247, 21, 149, 254, 169, 327, 
0, 293, 210, 106, 168, 237, 343, 
0, 305, 374, 239, 267, 379, 60, 
0, 375, 304, 62, 361, 26, 
0, 355, 359, 110, 107, 385, 
0, 100, 256, 86, 206, 13, 
0, 285, 291, 184, 300, 252, 
0, 14, 124, 85, 180, 114, 
0, 370, 186, 288, 115, 4, 82, 
0, 163, 290, 369, 280, 170, 
0, 64, 276, 192, 345, 356, 
0, 181, 335, 90, 117, 310, 
0, 215, 261, 189, 323, 272, 
0, 387, 204, 336, 27, 66, 
0, 56, 266, 8, 22, 269, 
0, 368, 332, 302, 311, 
0, 312, 275, 255, 187, 338, 
0, 68, 258, 282, 78, 341, 
0, 113, 227, 381, 122, 81, 75, 
0, 153, 89, 111, 382, 270, 
0, 384, 99, 307, 175, 259, 
0, 6, 35, 315, 236, 5, 
0, 337, 24, 340, 301, 376, 274, 
0, 11, 350, 38, 354, 
0, 67, 377, 88, 218, 191, 
0, 157, 268, 229, 108, 130, 
0, 353, 333, 79, 182, 393, 
0, 116, 96, 344, 150, 147, 
0, 230, 279, 92, 16, 3, 
0, 2, 222, 318, 199, 161, 392, 
0, 196, 101, 15, 49, 54, 
0, 319, 339, 146, 188, 121, 
0, 225, 287, 253, 347, 250, 
0, 155, 342, 138, 118, 142, 226, 
0, 45, 32, 52, 165, 278, 
0, 132, 104, 398, 83, 246, 
0, 109, 201, 372, 325, 
0, 71, 87, 281, 322, 211, 
0, 364, 224, 47, 12, 389, 
0, 352, 94, 9, 40, 176, 
0, 295, 112, 326, 37, 131, 28, 
0, 70, 128, 139, 208, 
0, 158, 77, 65, 105, 
0, 95, 329, 212, 198, 330, 346, 
0, 164, 231, 171, 234, 294, 306, 
