Solution: 77 97063.624000 120163.624000

0, 86, 110, 3, 322, 
0, 381, 245, 138, 140, 105, 201, 
0, 181, 338, 218, 215, 131, 
0, 379, 31, 329, 264, 300, 327, 
0, 278, 191, 108, 229, 146, 
0, 378, 196, 97, 19, 104, 320, 
0, 77, 260, 213, 107, 286, 
0, 256, 367, 390, 148, 159, 
0, 74, 168, 350, 344, 
0, 123, 53, 388, 346, 279, 368, 257, 
0, 55, 241, 38, 47, 143, 283, 
0, 211, 360, 273, 258, 132, 
0, 20, 113, 175, 50, 22, 
0, 212, 200, 120, 65, 373, 
0, 349, 167, 73, 68, 220, 
0, 60, 109, 222, 134, 259, 
0, 252, 310, 391, 375, 216, 372, 
0, 89, 166, 29, 45, 386, 
0, 147, 103, 33, 13, 383, 
0, 99, 91, 176, 335, 100, 
0, 393, 155, 52, 319, 16, 37, 
0, 315, 274, 2, 399, 254, 
0, 135, 275, 163, 339, 332, 81, 
0, 170, 119, 75, 127, 301, 281, 
0, 377, 10, 49, 126, 192, 
0, 297, 151, 48, 384, 
0, 76, 227, 343, 36, 318, 
0, 226, 248, 237, 209, 
0, 189, 291, 51, 14, 87, 
0, 149, 130, 219, 4, 207, 
0, 303, 125, 15, 250, 316, 272, 
0, 282, 17, 239, 306, 321, 178, 
0, 117, 371, 292, 162, 101, 
0, 202, 336, 58, 198, 84, 
0, 376, 287, 115, 265, 39, 1, 
0, 363, 137, 154, 71, 
0, 236, 302, 61, 247, 142, 
0, 118, 394, 356, 64, 
0, 314, 165, 6, 27, 268, 
0, 262, 111, 325, 88, 290, 389, 
0, 158, 8, 334, 230, 174, 
0, 72, 270, 28, 141, 152, 284, 
0, 62, 43, 362, 276, 351, 
0, 307, 289, 224, 354, 341, 
0, 232, 24, 156, 238, 177, 271, 
0, 392, 182, 369, 396, 93, 
0, 172, 171, 253, 305, 225, 
0, 145, 269, 144, 114, 312, 
0, 242, 210, 57, 69, 357, 
0, 364, 128, 35, 352, 345, 
0, 204, 311, 169, 25, 296, 
0, 185, 324, 309, 263, 385, 173, 
0, 150, 40, 197, 243, 365, 
0, 96, 358, 249, 70, 7, 347, 
0, 294, 78, 199, 136, 92, 
0, 304, 23, 11, 280, 83, 
0, 342, 21, 179, 397, 298, 26, 
0, 122, 251, 12, 106, 221, 
0, 313, 328, 66, 400, 116, 
0, 337, 366, 374, 153, 355, 
0, 382, 79, 214, 95, 244, 
0, 317, 323, 246, 295, 
0, 44, 56, 160, 67, 299, 
0, 240, 228, 129, 63, 94, 
0, 180, 80, 183, 124, 
0, 285, 187, 112, 194, 54, 
0, 85, 266, 223, 398, 308, 267, 
0, 161, 359, 157, 121, 190, 
0, 184, 188, 34, 41, 277, 261, 
0, 46, 18, 139, 203, 333, 205, 
0, 9, 5, 98, 235, 133, 395, 
0, 326, 387, 59, 90, 330, 
0, 231, 195, 32, 193, 
0, 348, 293, 30, 380, 102, 
0, 234, 164, 206, 82, 353, 
0, 361, 331, 340, 370, 42, 255, 
0, 186, 217, 233, 208, 288, 
