Solution: 76 93997.260000 116797.260000

0, 377, 387, 113, 175, 277, 281, 
0, 76, 325, 88, 372, 101, 
0, 204, 311, 169, 126, 341, 
0, 55, 155, 334, 230, 290, 389, 
0, 240, 228, 129, 63, 23, 
0, 125, 289, 224, 354, 
0, 85, 266, 51, 205, 333, 244, 
0, 170, 119, 103, 152, 94, 284, 
0, 122, 251, 12, 106, 221, 
0, 307, 121, 157, 213, 107, 
0, 99, 91, 58, 247, 255, 
0, 392, 151, 48, 11, 280, 83, 
0, 189, 328, 43, 66, 14, 
0, 294, 78, 223, 398, 8, 267, 
0, 60, 241, 222, 134, 259, 
0, 212, 200, 120, 65, 373, 
0, 364, 128, 28, 352, 235, 133, 
0, 234, 388, 138, 140, 82, 105, 201, 
0, 252, 195, 375, 32, 81, 
0, 96, 358, 356, 64, 69, 98, 
0, 232, 24, 156, 249, 238, 271, 
0, 379, 31, 293, 329, 380, 
0, 211, 248, 237, 209, 
0, 303, 77, 260, 384, 190, 286, 
0, 348, 111, 36, 343, 116, 
0, 242, 210, 57, 159, 357, 
0, 161, 359, 246, 316, 142, 
0, 135, 275, 163, 339, 332, 
0, 172, 20, 4, 124, 183, 
0, 147, 270, 33, 13, 345, 
0, 180, 80, 360, 322, 
0, 164, 245, 102, 162, 368, 
0, 310, 371, 30, 292, 353, 
0, 297, 369, 182, 396, 93, 
0, 282, 79, 87, 400, 174, 
0, 46, 227, 218, 215, 131, 
0, 123, 344, 
0, 184, 374, 73, 362, 355, 
0, 44, 109, 59, 50, 330, 
0, 363, 137, 148, 154, 71, 395, 
0, 317, 323, 229, 146, 1, 
0, 278, 188, 34, 41, 225, 
0, 72, 256, 144, 114, 312, 
0, 181, 338, 38, 319, 47, 207, 
0, 10, 337, 49, 192, 22, 
0, 199, 56, 160, 68, 220, 
0, 89, 166, 15, 250, 26, 272, 
0, 285, 187, 112, 276, 351, 
0, 314, 165, 25, 335, 347, 
0, 315, 366, 115, 27, 268, 
0, 150, 40, 197, 243, 365, 
0, 390, 304, 35, 141, 383, 
0, 118, 176, 90, 84, 198, 
0, 9, 367, 5, 127, 301, 132, 
0, 231, 391, 346, 279, 257, 
0, 382, 291, 52, 216, 318, 
0, 361, 331, 340, 61, 370, 42, 
0, 269, 145, 53, 193, 350, 
0, 62, 18, 203, 306, 67, 
0, 86, 3, 110, 305, 254, 
0, 185, 324, 309, 263, 385, 173, 
0, 376, 287, 39, 265, 295, 
0, 226, 274, 2, 177, 7, 261, 
0, 378, 196, 97, 19, 104, 320, 
0, 381, 117, 206, 264, 300, 327, 
0, 262, 349, 167, 136, 299, 
0, 342, 397, 179, 21, 298, 6, 
0, 74, 168, 273, 258, 
0, 149, 171, 253, 219, 399, 296, 
0, 236, 302, 75, 70, 100, 
0, 313, 139, 214, 95, 308, 
0, 158, 130, 143, 16, 37, 283, 
0, 202, 336, 394, 29, 45, 386, 
0, 393, 17, 239, 321, 92, 178, 
0, 326, 191, 108, 153, 194, 54, 
0, 186, 217, 233, 208, 288, 
