Solution: 77 94724.350000 117824.350000

0, 86, 3, 110, 305, 254, 
0, 85, 266, 223, 398, 308, 174, 
0, 96, 358, 356, 64, 69, 98, 
0, 361, 331, 94, 340, 370, 255, 
0, 43, 79, 214, 95, 205, 
0, 123, 275, 163, 258, 124, 
0, 382, 291, 52, 38, 8, 267, 
0, 379, 31, 293, 329, 288, 
0, 240, 228, 129, 63, 23, 
0, 180, 80, 339, 332, 
0, 118, 48, 11, 280, 83, 
0, 313, 328, 66, 87, 14, 
0, 364, 128, 28, 141, 152, 284, 
0, 381, 245, 164, 102, 368, 
0, 211, 248, 237, 209, 
0, 285, 187, 112, 68, 320, 
0, 9, 367, 103, 148, 395, 
0, 317, 323, 246, 295, 
0, 150, 40, 197, 243, 365, 
0, 226, 170, 322, 
0, 122, 251, 12, 335, 177, 296, 
0, 337, 366, 374, 229, 355, 
0, 204, 311, 169, 126, 341, 
0, 378, 387, 73, 362, 276, 351, 
0, 252, 195, 375, 32, 81, 
0, 181, 196, 97, 19, 104, 
0, 185, 324, 263, 54, 220, 
0, 342, 309, 265, 39, 385, 173, 
0, 262, 349, 167, 136, 92, 178, 
0, 325, 138, 140, 82, 105, 201, 
0, 161, 21, 397, 250, 316, 26, 
0, 314, 165, 6, 27, 268, 
0, 117, 30, 292, 264, 353, 
0, 392, 157, 369, 182, 286, 
0, 60, 241, 222, 134, 259, 
0, 269, 145, 53, 193, 350, 
0, 89, 166, 106, 84, 198, 
0, 62, 18, 51, 333, 244, 
0, 135, 303, 360, 273, 344, 
0, 231, 391, 162, 279, 257, 
0, 232, 24, 156, 249, 238, 271, 
0, 184, 113, 90, 25, 347, 
0, 212, 270, 33, 13, 345, 
0, 149, 130, 16, 37, 225, 
0, 326, 191, 108, 153, 194, 272, 
0, 5, 200, 120, 65, 373, 
0, 363, 137, 154, 71, 235, 133, 
0, 186, 217, 233, 208, 290, 389, 
0, 278, 171, 253, 219, 4, 
0, 189, 139, 239, 321, 283, 
0, 393, 155, 334, 47, 143, 207, 
0, 377, 10, 49, 146, 1, 
0, 390, 304, 35, 352, 383, 
0, 242, 210, 57, 159, 357, 
0, 236, 302, 29, 247, 142, 
0, 172, 188, 34, 399, 277, 281, 
0, 234, 310, 388, 346, 
0, 297, 151, 121, 396, 93, 
0, 46, 371, 206, 380, 300, 327, 
0, 125, 289, 15, 298, 190, 
0, 282, 17, 400, 203, 116, 
0, 44, 109, 59, 50, 330, 
0, 158, 20, 41, 175, 221, 
0, 77, 260, 384, 45, 386, 
0, 76, 218, 343, 215, 131, 
0, 74, 168, 338, 230, 183, 
0, 307, 359, 179, 213, 107, 
0, 147, 119, 75, 61, 42, 
0, 72, 256, 144, 114, 312, 
0, 55, 319, 78, 306, 67, 299, 
0, 376, 287, 115, 224, 354, 
0, 99, 91, 176, 58, 261, 
0, 294, 227, 36, 216, 318, 
0, 315, 274, 2, 70, 7, 100, 
0, 348, 111, 88, 372, 101, 
0, 202, 336, 394, 127, 301, 132, 
0, 199, 56, 160, 192, 22, 
