Solution: 76 93276.302000 116076.302000

0, 172, 59, 90, 335, 100, 
0, 150, 40, 197, 243, 365, 
0, 256, 144, 114, 312, 
0, 314, 165, 265, 295, 
0, 212, 270, 33, 13, 345, 
0, 86, 274, 2, 399, 254, 
0, 310, 371, 30, 292, 105, 201, 
0, 74, 168, 338, 230, 174, 283, 
0, 379, 325, 138, 140, 82, 353, 
0, 170, 119, 75, 61, 370, 42, 
0, 232, 24, 156, 177, 238, 249, 
0, 313, 17, 400, 203, 116, 
0, 262, 349, 167, 136, 92, 178, 
0, 89, 166, 15, 250, 26, 272, 
0, 381, 117, 206, 264, 300, 327, 
0, 158, 52, 334, 143, 16, 37, 
0, 278, 191, 108, 276, 351, 
0, 231, 391, 346, 279, 257, 
0, 211, 360, 273, 258, 132, 
0, 392, 151, 48, 11, 280, 83, 
0, 99, 91, 58, 70, 7, 
0, 240, 228, 340, 152, 94, 284, 
0, 348, 31, 293, 329, 380, 
0, 122, 251, 12, 25, 271, 
0, 76, 227, 343, 216, 318, 
0, 185, 324, 309, 263, 194, 54, 
0, 378, 196, 97, 19, 104, 320, 
0, 236, 302, 29, 247, 255, 
0, 285, 287, 115, 27, 268, 
0, 62, 139, 214, 95, 205, 
0, 72, 367, 120, 65, 373, 
0, 60, 187, 229, 146, 1, 
0, 307, 121, 157, 213, 107, 
0, 294, 78, 239, 306, 321, 333, 
0, 44, 199, 112, 68, 220, 
0, 9, 200, 5, 127, 301, 261, 
0, 303, 77, 260, 384, 190, 286, 
0, 253, 171, 110, 305, 183, 
0, 189, 328, 43, 14, 244, 
0, 393, 155, 319, 38, 47, 207, 
0, 125, 289, 224, 39, 385, 173, 
0, 382, 111, 88, 372, 101, 290, 
0, 147, 103, 98, 148, 395, 
0, 315, 20, 113, 175, 221, 330, 
0, 181, 266, 223, 398, 8, 267, 
0, 226, 248, 237, 209, 
0, 275, 163, 3, 347, 124, 
0, 291, 18, 51, 67, 299, 
0, 376, 242, 210, 57, 159, 357, 
0, 123, 180, 53, 193, 350, 
0, 184, 188, 34, 41, 225, 
0, 252, 195, 375, 32, 81, 
0, 361, 331, 356, 64, 69, 
0, 55, 56, 160, 192, 22, 
0, 317, 323, 73, 362, 
0, 135, 80, 339, 332, 
0, 377, 10, 49, 354, 
0, 118, 176, 106, 84, 198, 
0, 297, 369, 182, 396, 93, 
0, 363, 137, 154, 71, 235, 133, 
0, 326, 387, 109, 50, 277, 281, 
0, 85, 241, 222, 134, 259, 
0, 234, 245, 164, 344, 
0, 204, 311, 169, 126, 341, 
0, 337, 366, 374, 153, 355, 
0, 282, 79, 66, 87, 308, 
0, 46, 36, 218, 215, 131, 
0, 186, 217, 233, 208, 288, 389, 
0, 96, 358, 322, 
0, 149, 130, 4, 219, 296, 
0, 364, 128, 28, 352, 141, 383, 
0, 161, 359, 246, 316, 142, 
0, 342, 397, 179, 21, 298, 6, 
0, 390, 304, 35, 63, 23, 
0, 145, 269, 388, 162, 102, 368, 
0, 202, 336, 394, 129, 45, 386, 
