Solution: 75 93697.800000 116197.800000

0, 377, 387, 109, 134, 67, 299, 
0, 364, 128, 28, 141, 152, 284, 
0, 297, 151, 157, 369, 396, 121, 
0, 9, 367, 5, 64, 69, 98, 
0, 326, 56, 160, 222, 259, 
0, 382, 291, 51, 230, 290, 
0, 348, 31, 293, 329, 372, 
0, 307, 260, 29, 45, 386, 
0, 44, 78, 239, 321, 283, 
0, 315, 324, 309, 263, 194, 54, 
0, 234, 245, 164, 140, 105, 201, 
0, 186, 217, 233, 208, 288, 
0, 240, 228, 129, 63, 94, 
0, 62, 139, 214, 95, 205, 
0, 310, 371, 30, 292, 380, 
0, 161, 359, 246, 316, 142, 
0, 314, 90, 59, 84, 198, 
0, 204, 311, 169, 126, 341, 
0, 393, 155, 130, 16, 225, 
0, 211, 360, 127, 356, 70, 281, 
0, 149, 171, 219, 399, 183, 347, 
0, 89, 166, 15, 250, 26, 272, 
0, 96, 358, 322, 301, 7, 100, 
0, 76, 227, 36, 216, 318, 
0, 226, 248, 237, 258, 132, 
0, 74, 168, 124, 332, 
0, 379, 325, 138, 82, 353, 
0, 150, 40, 197, 243, 365, 
0, 145, 269, 388, 346, 162, 102, 
0, 86, 3, 110, 305, 254, 
0, 252, 375, 391, 32, 257, 81, 
0, 135, 275, 163, 273, 344, 
0, 262, 349, 73, 362, 276, 351, 
0, 125, 289, 224, 39, 385, 173, 
0, 363, 137, 154, 71, 235, 133, 
0, 294, 306, 199, 136, 92, 178, 
0, 337, 366, 374, 153, 355, 
0, 253, 188, 34, 41, 4, 207, 
0, 285, 287, 115, 27, 268, 
0, 361, 331, 340, 61, 370, 42, 
0, 231, 195, 101, 279, 368, 
0, 55, 52, 334, 47, 143, 37, 
0, 392, 182, 48, 11, 23, 
0, 303, 77, 384, 280, 83, 
0, 184, 113, 175, 50, 221, 330, 
0, 170, 119, 103, 148, 395, 
0, 232, 24, 156, 238, 177, 271, 
0, 118, 165, 213, 93, 107, 
0, 85, 266, 223, 398, 308, 174, 
0, 381, 117, 206, 264, 300, 327, 
0, 278, 191, 108, 295, 
0, 72, 256, 144, 114, 312, 
0, 60, 241, 38, 319, 8, 267, 
0, 172, 274, 2, 335, 277, 261, 
0, 317, 323, 265, 354, 
0, 378, 196, 97, 19, 104, 320, 
0, 123, 180, 53, 193, 350, 
0, 147, 270, 33, 13, 345, 
0, 46, 111, 88, 343, 116, 
0, 376, 242, 210, 57, 159, 357, 
0, 20, 187, 229, 146, 1, 
0, 99, 91, 176, 106, 249, 
0, 185, 10, 49, 192, 22, 
0, 202, 336, 394, 58, 190, 286, 
0, 158, 80, 339, 209, 
0, 122, 251, 12, 25, 296, 
0, 282, 167, 112, 68, 220, 
0, 342, 397, 179, 21, 298, 6, 
0, 189, 328, 43, 203, 333, 244, 
0, 212, 200, 120, 65, 373, 
0, 236, 302, 75, 247, 255, 
0, 313, 17, 87, 400, 389, 
0, 181, 338, 218, 215, 131, 
0, 390, 304, 35, 352, 383, 
0, 18, 79, 66, 14, 
