Solution: 79 98464.828000 122164.828000

0, 328, 103, 39, 102, 346, 260, 
0, 177, 242, 25, 235, 327, 
0, 109, 201, 372, 325, 263, 
0, 79, 24, 340, 182, 66, 121, 
0, 69, 223, 199, 322, 211, 
0, 216, 200, 333, 301, 376, 274, 
0, 257, 244, 203, 53, 46, 19, 
0, 225, 287, 208, 160, 202, 
0, 384, 99, 307, 175, 259, 
0, 230, 279, 248, 245, 306, 393, 
0, 153, 89, 345, 144, 386, 
0, 251, 314, 399, 262, 270, 
0, 179, 6, 88, 117, 343, 
0, 74, 275, 312, 187, 338, 
0, 113, 227, 381, 78, 58, 249, 
0, 391, 316, 217, 313, 334, 
0, 158, 77, 65, 105, 
0, 309, 148, 209, 194, 
0, 157, 268, 229, 108, 130, 
0, 285, 291, 184, 300, 170, 
0, 319, 339, 52, 165, 51, 
0, 320, 360, 174, 152, 371, 
0, 72, 93, 63, 357, 
0, 45, 329, 146, 188, 298, 
0, 215, 261, 189, 323, 272, 
0, 305, 14, 124, 85, 278, 145, 
0, 71, 87, 396, 297, 
0, 395, 92, 255, 330, 81, 
0, 378, 317, 265, 111, 12, 389, 
0, 205, 98, 133, 50, 123, 197, 
0, 196, 101, 57, 166, 154, 
0, 163, 290, 280, 195, 236, 
0, 349, 332, 302, 143, 362, 
0, 70, 128, 49, 
0, 100, 256, 86, 206, 13, 
0, 284, 119, 198, 220, 213, 
0, 368, 18, 369, 311, 
0, 181, 219, 281, 44, 
0, 33, 122, 207, 16, 75, 
0, 135, 193, 151, 347, 54, 
0, 159, 303, 277, 142, 15, 
0, 293, 383, 363, 29, 397, 289, 
0, 247, 21, 149, 254, 161, 
0, 167, 210, 106, 168, 252, 129, 
0, 295, 17, 31, 348, 237, 
0, 48, 41, 394, 358, 
0, 43, 94, 326, 23, 131, 
0, 387, 204, 336, 27, 30, 
0, 364, 224, 286, 388, 34, 
0, 7, 264, 73, 40, 176, 
0, 370, 335, 232, 173, 390, 5, 
0, 116, 96, 344, 150, 147, 
0, 353, 140, 214, 296, 380, 
0, 11, 90, 324, 310, 97, 
0, 68, 258, 282, 238, 273, 
0, 61, 36, 136, 126, 
0, 132, 104, 398, 83, 246, 
0, 221, 20, 112, 9, 241, 
0, 67, 350, 38, 218, 191, 
0, 56, 266, 8, 22, 269, 
0, 366, 288, 115, 228, 3, 
0, 365, 162, 59, 400, 294, 
0, 137, 292, 127, 1, 169, 392, 
0, 95, 32, 212, 180, 114, 
0, 352, 35, 315, 42, 354, 
0, 164, 231, 171, 234, 178, 
0, 375, 304, 62, 361, 26, 
0, 183, 283, 373, 308, 341, 60, 
0, 240, 76, 139, 156, 367, 
0, 271, 125, 55, 118, 382, 226, 
0, 155, 342, 138, 253, 250, 
0, 64, 276, 192, 299, 356, 
0, 355, 359, 110, 107, 385, 
0, 351, 186, 377, 321, 4, 82, 
0, 134, 91, 243, 172, 
0, 2, 222, 318, 331, 
0, 337, 374, 10, 37, 28, 
0, 239, 190, 233, 267, 379, 185, 
0, 120, 141, 47, 80, 84, 
