Solution: 76 95958.730000 118758.730000

0, 199, 56, 160, 68, 220, 
0, 145, 269, 388, 162, 102, 368, 
0, 202, 336, 394, 61, 45, 386, 
0, 226, 200, 248, 127, 
0, 181, 338, 218, 215, 131, 
0, 324, 323, 229, 146, 1, 
0, 89, 166, 129, 63, 23, 
0, 382, 291, 52, 319, 8, 37, 
0, 187, 374, 153, 355, 
0, 72, 256, 144, 114, 312, 
0, 167, 17, 400, 136, 92, 178, 
0, 376, 242, 210, 57, 159, 357, 
0, 234, 245, 138, 140, 82, 353, 
0, 74, 168, 174, 143, 225, 
0, 161, 246, 263, 194, 54, 
0, 337, 309, 265, 295, 385, 173, 
0, 99, 91, 58, 247, 142, 
0, 211, 303, 360, 273, 258, 132, 
0, 307, 359, 250, 316, 272, 
0, 363, 137, 120, 65, 373, 
0, 294, 262, 53, 193, 350, 
0, 186, 217, 233, 208, 288, 
0, 349, 196, 97, 19, 104, 
0, 364, 128, 28, 141, 383, 
0, 366, 191, 108, 276, 351, 
0, 253, 188, 34, 41, 4, 207, 
0, 304, 35, 352, 235, 
0, 361, 331, 340, 152, 94, 284, 
0, 172, 285, 219, 399, 277, 281, 
0, 10, 39, 224, 354, 
0, 96, 358, 356, 70, 7, 100, 
0, 122, 251, 12, 106, 84, 
0, 348, 117, 30, 264, 300, 327, 
0, 212, 367, 390, 154, 71, 
0, 60, 241, 222, 134, 259, 
0, 9, 240, 5, 64, 69, 98, 
0, 317, 326, 113, 175, 335, 347, 
0, 44, 78, 239, 306, 321, 
0, 150, 40, 197, 243, 365, 
0, 62, 18, 51, 67, 299, 
0, 342, 21, 179, 397, 298, 26, 
0, 381, 195, 375, 32, 81, 
0, 86, 3, 110, 305, 254, 
0, 184, 90, 59, 25, 330, 
0, 313, 139, 66, 14, 87, 
0, 147, 270, 33, 13, 345, 
0, 204, 311, 169, 126, 341, 
0, 111, 325, 88, 343, 116, 
0, 377, 387, 109, 50, 221, 
0, 393, 73, 112, 362, 320, 
0, 252, 310, 164, 292, 101, 
0, 228, 48, 11, 280, 83, 
0, 170, 119, 103, 148, 133, 395, 
0, 379, 31, 293, 329, 372, 
0, 125, 289, 15, 213, 107, 
0, 135, 275, 163, 237, 209, 
0, 76, 227, 36, 216, 318, 
0, 287, 115, 49, 192, 22, 
0, 297, 151, 384, 93, 286, 
0, 314, 165, 6, 27, 268, 
0, 236, 302, 75, 370, 42, 255, 
0, 189, 328, 43, 203, 333, 244, 
0, 392, 182, 157, 369, 396, 121, 
0, 231, 391, 346, 279, 257, 
0, 77, 260, 29, 190, 198, 
0, 46, 371, 206, 380, 105, 201, 
0, 158, 80, 339, 332, 
0, 55, 155, 334, 230, 290, 389, 
0, 282, 79, 214, 95, 205, 
0, 232, 24, 156, 249, 238, 271, 
0, 278, 171, 20, 124, 183, 
0, 118, 176, 2, 177, 296, 
0, 378, 180, 123, 344, 
0, 315, 274, 185, 322, 301, 261, 
0, 85, 266, 223, 398, 308, 267, 
0, 149, 130, 38, 47, 16, 283, 
