Solution: 78 95050.186000 118450.186000

0, 168, 360, 11, 202, 329, 251, 
0, 299, 334, 300, 237, 254, 
0, 117, 313, 344, 212, 191, 
0, 226, 282, 9, 94, 
0, 219, 317, 399, 61, 216, 136, 
0, 15, 134, 91, 194, 261, 
0, 75, 269, 207, 185, 392, 109, 
0, 369, 70, 276, 27, 386, 
0, 112, 8, 177, 277, 
0, 188, 89, 318, 95, 101, 208, 
0, 362, 200, 43, 198, 86, 
0, 301, 174, 35, 42, 319, 279, 
0, 39, 400, 83, 267, 33, 
0, 383, 36, 257, 311, 193, 291, 
0, 331, 160, 78, 29, 4, 290, 
0, 387, 187, 220, 21, 306, 
0, 53, 281, 286, 348, 
0, 230, 82, 235, 342, 125, 
0, 170, 108, 376, 127, 22, 
0, 323, 40, 394, 103, 298, 349, 
0, 391, 381, 32, 396, 100, 356, 
0, 268, 81, 240, 105, 
0, 241, 44, 57, 357, 
0, 10, 365, 151, 59, 266, 
0, 366, 305, 41, 153, 124, 
0, 320, 111, 141, 144, 225, 
0, 142, 158, 227, 304, 171, 
0, 189, 7, 379, 51, 96, 221, 
0, 310, 71, 129, 336, 65, 
0, 367, 359, 238, 280, 14, 292, 
0, 88, 346, 203, 307, 161, 289, 
0, 116, 270, 93, 26, 16, 
0, 132, 372, 3, 214, 147, 146, 
0, 326, 154, 210, 341, 324, 333, 
0, 393, 244, 308, 378, 182, 275, 
0, 252, 30, 49, 
0, 184, 72, 20, 353, 
0, 232, 250, 222, 204, 
0, 228, 45, 389, 98, 374, 
0, 62, 110, 180, 229, 297, 
0, 92, 155, 243, 60, 178, 325, 
0, 274, 38, 152, 54, 148, 
0, 390, 167, 106, 316, 56, 87, 
0, 273, 196, 34, 37, 1, 
0, 249, 239, 173, 176, 50, 
0, 107, 328, 370, 343, 64, 258, 
0, 272, 388, 104, 48, 12, 338, 
0, 245, 97, 278, 47, 253, 
0, 130, 285, 162, 345, 
0, 215, 84, 335, 294, 271, 384, 
0, 90, 330, 295, 24, 199, 
0, 175, 85, 223, 260, 256, 13, 
0, 321, 284, 2, 385, 118, 
0, 126, 18, 364, 246, 312, 
0, 145, 113, 265, 123, 
0, 79, 234, 209, 99, 164, 
0, 377, 163, 28, 355, 139, 
0, 68, 242, 169, 373, 380, 192, 
0, 233, 332, 69, 339, 
0, 314, 398, 262, 302, 322, 
0, 361, 371, 218, 150, 46, 354, 
0, 395, 76, 213, 224, 293, 
0, 131, 58, 186, 115, 263, 
0, 5, 375, 80, 157, 340, 25, 
0, 31, 102, 52, 183, 23, 
0, 247, 149, 77, 195, 368, 
0, 236, 259, 166, 135, 73, 211, 
0, 181, 337, 63, 172, 159, 
0, 303, 358, 122, 397, 6, 
0, 190, 55, 363, 283, 248, 
0, 140, 120, 351, 121, 74, 
0, 382, 201, 114, 133, 288, 
0, 296, 309, 17, 128, 156, 
0, 119, 143, 264, 350, 
0, 66, 67, 138, 
0, 347, 231, 327, 19, 179, 
0, 352, 206, 197, 287, 217, 
0, 315, 137, 255, 165, 205, 
