Solution: 76 94142.454000 116942.454000

0, 307, 359, 384, 280, 83, 
0, 379, 325, 138, 140, 82, 353, 
0, 364, 128, 35, 352, 345, 
0, 234, 371, 206, 380, 105, 201, 
0, 96, 358, 322, 70, 7, 347, 
0, 9, 367, 235, 133, 148, 395, 
0, 118, 394, 356, 64, 69, 
0, 170, 119, 75, 127, 301, 281, 
0, 99, 91, 176, 106, 100, 
0, 361, 331, 61, 370, 42, 255, 
0, 381, 245, 164, 102, 368, 
0, 186, 217, 233, 208, 290, 389, 
0, 5, 200, 120, 65, 373, 
0, 117, 30, 292, 264, 300, 327, 
0, 158, 52, 334, 47, 143, 37, 
0, 147, 103, 33, 13, 383, 
0, 77, 260, 48, 11, 286, 
0, 348, 139, 14, 400, 87, 
0, 232, 24, 156, 177, 238, 249, 
0, 161, 323, 108, 362, 
0, 185, 324, 265, 39, 385, 173, 
0, 189, 328, 43, 203, 333, 244, 
0, 317, 109, 59, 90, 268, 
0, 212, 270, 28, 141, 284, 
0, 76, 218, 215, 343, 372, 
0, 314, 165, 15, 250, 316, 26, 
0, 62, 18, 51, 205, 257, 
0, 262, 349, 167, 136, 92, 178, 
0, 326, 20, 41, 175, 50, 207, 
0, 315, 366, 309, 263, 194, 54, 
0, 393, 155, 130, 16, 225, 
0, 242, 210, 57, 159, 357, 
0, 55, 56, 160, 68, 220, 
0, 297, 182, 157, 213, 107, 
0, 10, 337, 49, 192, 22, 
0, 363, 137, 154, 71, 
0, 282, 79, 66, 321, 67, 
0, 60, 241, 38, 319, 8, 267, 
0, 85, 266, 223, 398, 308, 174, 
0, 231, 195, 101, 162, 
0, 236, 302, 29, 45, 386, 
0, 122, 251, 12, 25, 296, 
0, 285, 187, 374, 153, 351, 
0, 378, 196, 97, 19, 104, 320, 
0, 89, 166, 190, 247, 142, 
0, 184, 113, 222, 134, 259, 
0, 278, 191, 73, 276, 299, 
0, 392, 151, 369, 396, 93, 121, 
0, 377, 387, 112, 229, 355, 
0, 123, 275, 163, 339, 332, 
0, 342, 397, 179, 21, 298, 6, 
0, 240, 228, 129, 63, 23, 
0, 149, 171, 253, 219, 399, 271, 
0, 294, 31, 293, 329, 365, 116, 
0, 74, 168, 338, 230, 288, 
0, 135, 303, 360, 273, 258, 132, 
0, 376, 287, 115, 224, 354, 341, 
0, 204, 311, 169, 27, 126, 
0, 72, 256, 144, 114, 312, 
0, 211, 248, 237, 209, 
0, 252, 310, 388, 279, 344, 
0, 202, 336, 58, 198, 84, 
0, 150, 40, 197, 243, 
0, 125, 289, 246, 295, 272, 
0, 313, 17, 199, 146, 1, 
0, 44, 78, 239, 306, 283, 
0, 269, 145, 53, 193, 350, 
0, 46, 111, 88, 81, 
0, 180, 80, 183, 124, 
0, 382, 291, 214, 95, 131, 
0, 181, 227, 36, 216, 318, 
0, 172, 188, 34, 4, 277, 261, 
0, 32, 375, 391, 346, 
0, 86, 3, 110, 305, 254, 
0, 226, 274, 2, 335, 221, 330, 
0, 390, 304, 340, 152, 94, 98, 
