Solution: 78 95301.920000 118701.920000

0, 230, 93, 235, 342, 125, 
0, 347, 327, 358, 397, 225, 
0, 107, 328, 370, 343, 237, 254, 
0, 168, 360, 11, 152, 54, 148, 
0, 285, 140, 120, 26, 338, 
0, 383, 36, 329, 64, 336, 
0, 5, 375, 80, 157, 340, 25, 
0, 391, 381, 220, 21, 306, 
0, 233, 332, 69, 61, 216, 136, 
0, 188, 89, 318, 95, 101, 
0, 90, 330, 295, 24, 199, 
0, 219, 317, 389, 98, 374, 
0, 268, 81, 240, 105, 
0, 175, 85, 223, 260, 307, 289, 
0, 393, 244, 17, 128, 156, 
0, 247, 149, 77, 195, 
0, 362, 200, 43, 186, 198, 
0, 39, 400, 83, 267, 217, 258, 
0, 366, 305, 187, 100, 356, 
0, 387, 399, 32, 396, 271, 384, 
0, 92, 239, 37, 1, 
0, 117, 313, 344, 191, 339, 
0, 226, 282, 9, 165, 205, 
0, 310, 71, 91, 194, 261, 
0, 68, 242, 169, 373, 380, 192, 
0, 112, 177, 203, 357, 
0, 252, 308, 63, 172, 159, 
0, 367, 359, 238, 280, 14, 292, 
0, 321, 284, 2, 385, 118, 
0, 212, 228, 250, 222, 297, 
0, 116, 270, 8, 47, 253, 
0, 245, 97, 49, 378, 182, 275, 
0, 272, 388, 234, 209, 33, 
0, 130, 274, 129, 224, 293, 
0, 390, 167, 106, 316, 56, 87, 
0, 75, 269, 207, 185, 392, 109, 
0, 236, 259, 166, 135, 73, 211, 
0, 79, 334, 197, 99, 164, 
0, 55, 44, 278, 57, 161, 
0, 145, 113, 265, 123, 
0, 232, 110, 180, 229, 65, 
0, 53, 281, 286, 348, 
0, 369, 70, 351, 121, 74, 
0, 314, 398, 262, 302, 322, 
0, 352, 206, 287, 202, 251, 
0, 62, 154, 210, 341, 324, 290, 
0, 131, 58, 158, 115, 263, 
0, 273, 160, 78, 29, 4, 279, 
0, 315, 137, 255, 94, 
0, 88, 346, 141, 122, 144, 386, 
0, 361, 371, 218, 150, 46, 354, 
0, 331, 108, 176, 173, 277, 
0, 181, 337, 264, 350, 
0, 189, 7, 379, 51, 96, 221, 
0, 170, 196, 34, 60, 16, 
0, 241, 326, 42, 35, 319, 
0, 72, 162, 363, 283, 248, 
0, 15, 134, 41, 153, 124, 
0, 382, 201, 114, 133, 288, 
0, 395, 76, 257, 311, 193, 333, 
0, 299, 38, 213, 300, 291, 
0, 296, 309, 52, 183, 23, 
0, 320, 27, 111, 6, 50, 
0, 323, 104, 48, 82, 12, 
0, 215, 84, 335, 294, 368, 
0, 66, 67, 138, 
0, 132, 372, 3, 214, 147, 146, 
0, 377, 163, 28, 355, 139, 
0, 303, 276, 227, 179, 171, 
0, 119, 143, 345, 
0, 45, 184, 20, 353, 204, 
0, 126, 18, 364, 246, 312, 
0, 190, 40, 394, 103, 298, 349, 
0, 10, 365, 151, 59, 266, 
0, 301, 174, 376, 127, 22, 
0, 249, 243, 155, 256, 178, 325, 
0, 31, 102, 30, 208, 13, 
0, 142, 231, 19, 304, 86, 
