Solution: 82 99757.210000 124357.210000

0, 60, 130, 283, 225, 
0, 231, 375, 391, 279, 368, 
0, 269, 145, 81, 
0, 393, 155, 334, 8, 267, 174, 
0, 186, 217, 233, 208, 288, 
0, 170, 119, 75, 127, 
0, 158, 80, 339, 
0, 326, 387, 366, 39, 385, 146, 
0, 363, 137, 154, 71, 
0, 172, 219, 399, 177, 296, 
0, 294, 338, 230, 290, 389, 
0, 317, 180, 53, 32, 193, 
0, 181, 266, 52, 319, 183, 
0, 381, 195, 388, 346, 
0, 147, 103, 33, 13, 235, 
0, 226, 360, 322, 
0, 46, 111, 325, 372, 
0, 382, 227, 343, 36, 318, 
0, 55, 38, 47, 143, 16, 37, 
0, 72, 270, 28, 141, 383, 133, 
0, 89, 166, 48, 11, 83, 
0, 256, 144, 114, 312, 
0, 96, 358, 249, 70, 7, 347, 
0, 20, 113, 175, 50, 330, 
0, 242, 210, 57, 69, 357, 
0, 348, 293, 30, 365, 116, 
0, 212, 367, 390, 148, 159, 395, 
0, 262, 349, 199, 19, 104, 320, 
0, 379, 206, 380, 264, 353, 
0, 76, 218, 88, 101, 257, 
0, 377, 10, 49, 192, 22, 
0, 232, 24, 176, 258, 132, 
0, 117, 371, 292, 162, 102, 
0, 376, 287, 115, 224, 354, 341, 
0, 85, 241, 222, 134, 207, 
0, 291, 196, 97, 362, 
0, 304, 129, 247, 142, 
0, 361, 331, 94, 340, 152, 98, 
0, 364, 128, 35, 352, 345, 
0, 337, 309, 265, 295, 272, 26, 
0, 240, 228, 23, 63, 386, 
0, 392, 157, 121, 182, 286, 
0, 185, 324, 246, 397, 298, 
0, 313, 17, 239, 321, 67, 
0, 189, 214, 95, 203, 308, 
0, 44, 78, 306, 398, 
0, 74, 168, 350, 332, 
0, 184, 109, 90, 221, 271, 
0, 77, 289, 27, 126, 173, 
0, 307, 359, 384, 280, 190, 
0, 275, 191, 108, 229, 194, 54, 
0, 285, 187, 374, 263, 1, 
0, 378, 136, 160, 223, 205, 
0, 204, 260, 29, 45, 284, 
0, 282, 167, 112, 355, 
0, 314, 165, 6, 268, 
0, 303, 125, 15, 250, 316, 351, 
0, 342, 21, 179, 107, 213, 
0, 161, 323, 153, 220, 68, 
0, 25, 169, 335, 277, 261, 
0, 202, 336, 394, 356, 42, 
0, 118, 311, 59, 259, 
0, 236, 302, 61, 370, 255, 
0, 122, 251, 12, 106, 301, 281, 
0, 297, 151, 369, 396, 93, 
0, 252, 310, 164, 140, 105, 201, 
0, 99, 91, 58, 198, 84, 
0, 278, 171, 305, 254, 
0, 86, 274, 2, 156, 238, 100, 
0, 234, 245, 138, 82, 300, 327, 
0, 31, 329, 243, 215, 131, 
0, 211, 248, 237, 209, 
0, 18, 139, 51, 333, 244, 
0, 43, 328, 87, 400, 92, 178, 
0, 135, 163, 273, 344, 
0, 9, 200, 5, 64, 
0, 253, 188, 34, 41, 4, 
0, 149, 110, 3, 124, 
0, 62, 79, 66, 14, 
0, 150, 40, 197, 216, 
0, 315, 56, 73, 276, 299, 
0, 123, 120, 65, 373, 
