Solution: 78 95862.354000 119262.354000

0, 72, 363, 256, 154, 71, 
0, 348, 18, 203, 116, 
0, 170, 119, 64, 69, 98, 
0, 117, 30, 292, 264, 257, 
0, 136, 56, 160, 68, 220, 
0, 161, 39, 265, 295, 
0, 231, 195, 375, 279, 368, 
0, 184, 188, 34, 41, 183, 
0, 202, 336, 394, 29, 190, 286, 
0, 135, 275, 163, 339, 332, 
0, 285, 337, 309, 263, 385, 173, 
0, 297, 151, 157, 369, 396, 121, 
0, 364, 128, 35, 352, 345, 
0, 393, 155, 38, 47, 143, 207, 
0, 9, 200, 5, 127, 301, 261, 
0, 44, 78, 239, 321, 92, 178, 
0, 145, 269, 144, 114, 312, 
0, 314, 165, 25, 268, 
0, 361, 331, 61, 247, 142, 
0, 43, 79, 400, 306, 283, 
0, 204, 311, 169, 27, 126, 
0, 342, 397, 179, 21, 298, 6, 
0, 118, 176, 2, 177, 296, 
0, 294, 262, 391, 32, 81, 
0, 226, 248, 237, 209, 
0, 96, 358, 356, 70, 7, 100, 
0, 122, 251, 12, 106, 221, 
0, 86, 303, 120, 65, 373, 
0, 55, 52, 334, 319, 8, 267, 
0, 313, 328, 66, 87, 14, 
0, 326, 387, 109, 50, 67, 299, 
0, 278, 171, 110, 305, 254, 
0, 381, 245, 164, 140, 105, 201, 
0, 147, 103, 33, 13, 235, 
0, 62, 139, 214, 95, 
0, 20, 113, 175, 4, 330, 
0, 85, 266, 223, 398, 308, 174, 
0, 324, 323, 108, 276, 351, 
0, 137, 367, 390, 133, 148, 395, 
0, 315, 274, 185, 322, 
0, 366, 191, 229, 194, 54, 
0, 158, 130, 16, 37, 225, 
0, 189, 291, 51, 205, 333, 244, 
0, 232, 24, 156, 249, 238, 271, 
0, 99, 91, 58, 198, 84, 
0, 379, 31, 293, 329, 
0, 181, 227, 36, 216, 318, 
0, 349, 73, 112, 362, 320, 
0, 186, 217, 233, 208, 290, 389, 
0, 304, 340, 152, 94, 284, 
0, 149, 253, 219, 399, 277, 281, 
0, 307, 359, 246, 316, 107, 
0, 211, 360, 273, 258, 132, 
0, 382, 111, 88, 372, 101, 
0, 46, 325, 138, 82, 353, 
0, 240, 228, 129, 63, 23, 
0, 236, 302, 75, 370, 42, 255, 
0, 187, 374, 153, 355, 
0, 376, 242, 210, 57, 159, 357, 
0, 76, 218, 343, 215, 131, 
0, 123, 344, 
0, 378, 180, 53, 193, 350, 
0, 167, 196, 199, 146, 1, 
0, 234, 371, 206, 380, 300, 327, 
0, 212, 270, 28, 141, 383, 
0, 377, 10, 49, 192, 22, 
0, 77, 260, 384, 45, 386, 
0, 125, 289, 213, 93, 83, 
0, 150, 40, 197, 243, 365, 
0, 252, 310, 388, 346, 162, 102, 
0, 172, 59, 90, 335, 347, 
0, 287, 115, 224, 354, 341, 
0, 89, 166, 15, 250, 26, 272, 
0, 60, 241, 222, 134, 259, 
0, 392, 182, 48, 11, 280, 
0, 74, 168, 338, 230, 288, 
0, 282, 17, 19, 97, 104, 
0, 317, 80, 3, 124, 
