Solution: 82 100205.364000 124805.364000

0, 317, 326, 113, 175, 50, 207, 
0, 378, 180, 350, 
0, 252, 195, 391, 162, 279, 257, 
0, 212, 235, 148, 159, 
0, 186, 217, 233, 208, 290, 389, 
0, 315, 274, 185, 254, 
0, 74, 168, 338, 230, 288, 
0, 145, 269, 
0, 46, 325, 138, 140, 82, 353, 
0, 149, 253, 219, 399, 277, 281, 
0, 231, 375, 32, 193, 
0, 5, 200, 120, 65, 373, 
0, 172, 20, 4, 124, 
0, 62, 218, 8, 267, 244, 
0, 382, 111, 88, 372, 
0, 135, 80, 339, 
0, 170, 119, 248, 127, 301, 132, 
0, 204, 311, 58, 247, 142, 
0, 43, 79, 400, 321, 174, 
0, 232, 24, 90, 221, 296, 
0, 184, 188, 34, 41, 
0, 242, 210, 57, 69, 357, 
0, 348, 40, 243, 215, 131, 
0, 137, 367, 154, 71, 133, 395, 
0, 393, 266, 334, 319, 183, 
0, 371, 206, 292, 380, 300, 327, 
0, 76, 227, 36, 216, 318, 
0, 377, 387, 49, 220, 192, 
0, 96, 358, 2, 177, 7, 261, 
0, 117, 30, 264, 105, 201, 
0, 376, 287, 272, 263, 194, 54, 
0, 85, 241, 38, 47, 143, 37, 
0, 189, 291, 51, 223, 308, 
0, 390, 304, 75, 255, 
0, 361, 331, 340, 61, 370, 42, 
0, 364, 128, 352, 13, 345, 
0, 337, 309, 265, 295, 385, 173, 
0, 240, 228, 129, 63, 23, 
0, 297, 151, 384, 280, 190, 
0, 278, 191, 73, 362, 
0, 199, 56, 160, 68, 320, 
0, 72, 256, 144, 114, 312, 
0, 313, 214, 66, 14, 87, 
0, 349, 196, 97, 19, 104, 
0, 328, 17, 239, 306, 67, 
0, 303, 125, 15, 250, 316, 26, 
0, 359, 246, 397, 298, 6, 
0, 324, 323, 108, 276, 351, 
0, 187, 374, 153, 355, 
0, 10, 366, 39, 126, 
0, 392, 157, 121, 182, 286, 
0, 294, 31, 293, 329, 365, 116, 
0, 122, 12, 176, 238, 249, 
0, 251, 161, 179, 21, 107, 
0, 307, 213, 369, 93, 396, 
0, 342, 289, 224, 354, 341, 
0, 285, 169, 115, 27, 268, 
0, 236, 302, 29, 45, 386, 
0, 314, 165, 25, 335, 271, 
0, 99, 91, 156, 70, 100, 
0, 118, 394, 356, 347, 
0, 89, 166, 106, 84, 198, 
0, 181, 262, 53, 81, 
0, 202, 336, 237, 209, 
0, 86, 3, 110, 305, 
0, 234, 310, 388, 346, 
0, 226, 322, 
0, 379, 150, 197, 343, 101, 
0, 171, 222, 134, 229, 259, 
0, 44, 398, 78, 136, 92, 178, 
0, 18, 139, 95, 203, 333, 
0, 282, 167, 112, 146, 1, 
0, 123, 275, 163, 258, 332, 
0, 9, 103, 98, 64, 
0, 55, 155, 52, 205, 299, 22, 
0, 60, 109, 59, 330, 
0, 77, 260, 48, 11, 83, 
0, 158, 130, 16, 283, 225, 
0, 363, 33, 28, 152, 94, 284, 
0, 147, 270, 141, 35, 383, 
0, 211, 360, 273, 344, 
0, 381, 245, 164, 102, 368, 
