Solution: 79 97939.114000 121639.114000

0, 56, 266, 8, 22, 299, 
0, 33, 232, 173, 390, 4, 82, 
0, 71, 87, 396, 262, 80, 84, 
0, 11, 96, 348, 241, 
0, 230, 279, 92, 16, 75, 
0, 2, 222, 318, 331, 
0, 68, 258, 344, 122, 81, 
0, 216, 189, 175, 316, 313, 334, 
0, 375, 304, 62, 361, 26, 
0, 352, 335, 255, 198, 330, 249, 
0, 364, 224, 276, 286, 356, 
0, 247, 21, 149, 254, 161, 
0, 159, 303, 277, 160, 202, 
0, 351, 186, 377, 115, 362, 
0, 120, 141, 47, 386, 
0, 355, 359, 280, 29, 354, 
0, 368, 18, 369, 311, 
0, 328, 103, 171, 234, 
0, 387, 204, 336, 27, 178, 
0, 70, 219, 281, 44, 
0, 69, 181, 242, 25, 237, 289, 
0, 157, 268, 229, 108, 130, 
0, 65, 77, 264, 105, 
0, 137, 292, 127, 1, 169, 392, 
0, 100, 256, 86, 206, 13, 
0, 135, 193, 76, 347, 367, 
0, 378, 317, 55, 144, 382, 270, 
0, 205, 201, 372, 325, 
0, 366, 282, 312, 207, 187, 260, 
0, 134, 200, 91, 243, 172, 
0, 225, 287, 208, 156, 
0, 95, 329, 283, 78, 310, 
0, 183, 284, 373, 308, 341, 60, 
0, 251, 314, 203, 118, 142, 226, 
0, 45, 124, 85, 146, 114, 
0, 64, 192, 399, 388, 34, 
0, 79, 24, 340, 182, 66, 121, 
0, 320, 360, 174, 152, 371, 
0, 337, 190, 188, 233, 185, 
0, 48, 41, 259, 357, 
0, 271, 128, 151, 139, 263, 
0, 74, 119, 59, 400, 51, 145, 
0, 353, 140, 358, 
0, 196, 101, 15, 49, 54, 
0, 116, 17, 31, 235, 327, 
0, 240, 133, 98, 297, 
0, 167, 210, 106, 168, 252, 129, 
0, 67, 350, 38, 218, 273, 
0, 43, 94, 73, 
0, 309, 326, 39, 102, 213, 346, 
0, 72, 93, 63, 214, 393, 
0, 319, 339, 52, 165, 278, 
0, 179, 6, 88, 191, 97, 
0, 158, 223, 199, 322, 211, 
0, 113, 227, 381, 150, 147, 343, 
0, 14, 32, 212, 180, 298, 
0, 132, 104, 398, 83, 246, 
0, 163, 290, 363, 397, 42, 
0, 109, 50, 123, 197, 
0, 153, 265, 111, 345, 12, 19, 
0, 10, 365, 238, 220, 58, 
0, 384, 99, 333, 301, 376, 274, 
0, 7, 221, 20, 30, 40, 176, 
0, 370, 288, 35, 315, 236, 5, 
0, 395, 148, 209, 194, 37, 338, 
0, 305, 374, 239, 267, 379, 294, 
0, 257, 125, 138, 253, 250, 
0, 155, 342, 57, 166, 154, 
0, 349, 332, 302, 143, 195, 385, 
0, 61, 36, 136, 126, 
0, 244, 89, 53, 46, 389, 
0, 275, 162, 321, 228, 3, 
0, 293, 383, 110, 107, 269, 
0, 285, 291, 184, 300, 170, 
0, 295, 112, 9, 23, 131, 28, 
0, 164, 231, 248, 245, 306, 
0, 177, 90, 117, 324, 
0, 391, 217, 307, 323, 272, 
0, 215, 261, 394, 296, 380, 
