Solution: 76 94337.894000 117137.894000

0, 297, 151, 157, 369, 396, 121, 
0, 204, 311, 169, 126, 341, 
0, 85, 266, 223, 398, 308, 67, 
0, 34, 188, 90, 25, 330, 
0, 172, 20, 41, 4, 277, 281, 
0, 348, 111, 88, 372, 102, 
0, 72, 256, 144, 114, 312, 
0, 285, 287, 115, 27, 268, 
0, 392, 182, 48, 11, 280, 
0, 307, 260, 384, 213, 286, 
0, 149, 171, 253, 305, 254, 
0, 232, 24, 156, 249, 238, 271, 
0, 315, 324, 153, 263, 194, 54, 
0, 236, 302, 75, 209, 
0, 125, 289, 224, 39, 385, 173, 
0, 122, 251, 12, 106, 221, 
0, 128, 28, 141, 352, 35, 
0, 275, 163, 3, 124, 183, 
0, 252, 388, 391, 346, 279, 257, 
0, 161, 359, 246, 316, 107, 
0, 363, 137, 154, 71, 235, 383, 
0, 393, 155, 47, 38, 205, 244, 
0, 282, 167, 199, 146, 1, 
0, 86, 110, 219, 399, 177, 296, 
0, 180, 80, 339, 332, 
0, 77, 309, 265, 295, 
0, 202, 336, 394, 29, 45, 386, 
0, 123, 248, 237, 258, 132, 
0, 379, 325, 138, 82, 353, 
0, 269, 145, 53, 193, 350, 
0, 99, 91, 58, 198, 84, 
0, 376, 242, 210, 57, 159, 357, 
0, 44, 78, 239, 306, 299, 
0, 18, 328, 214, 14, 87, 
0, 310, 371, 30, 292, 380, 
0, 342, 397, 179, 21, 298, 6, 
0, 118, 176, 2, 335, 347, 
0, 326, 387, 109, 59, 192, 22, 
0, 74, 168, 338, 216, 288, 
0, 55, 52, 334, 319, 8, 267, 
0, 43, 79, 66, 321, 259, 
0, 135, 303, 120, 65, 373, 
0, 60, 241, 222, 134, 207, 
0, 62, 139, 95, 203, 333, 
0, 382, 227, 343, 36, 318, 
0, 317, 323, 73, 276, 351, 
0, 313, 17, 400, 136, 92, 178, 
0, 361, 331, 61, 370, 42, 255, 
0, 96, 358, 356, 70, 7, 100, 
0, 170, 119, 103, 64, 69, 98, 
0, 381, 117, 206, 264, 300, 327, 
0, 147, 270, 33, 13, 345, 
0, 364, 304, 340, 152, 94, 284, 
0, 9, 200, 5, 127, 301, 261, 
0, 377, 10, 49, 354, 
0, 158, 130, 143, 16, 37, 283, 
0, 240, 228, 129, 63, 23, 
0, 349, 56, 160, 68, 220, 
0, 186, 217, 233, 208, 290, 389, 
0, 231, 195, 101, 162, 368, 
0, 314, 165, 15, 250, 272, 26, 
0, 294, 187, 112, 362, 
0, 89, 166, 190, 247, 142, 
0, 211, 360, 273, 344, 
0, 226, 274, 185, 322, 
0, 76, 218, 215, 131, 
0, 189, 291, 51, 230, 174, 
0, 184, 113, 175, 50, 225, 
0, 181, 262, 375, 32, 81, 
0, 378, 196, 97, 19, 104, 320, 
0, 278, 191, 108, 93, 83, 
0, 337, 366, 374, 229, 355, 
0, 150, 40, 197, 243, 
0, 234, 245, 164, 140, 105, 201, 
0, 212, 367, 390, 133, 148, 395, 
0, 46, 31, 293, 329, 365, 116, 
