Solution: 75 92807.540000 115307.540000

0, 384, 246, 216, 46, 145, 241, 
0, 363, 236, 310, 167, 140, 
0, 313, 51, 163, 118, 103, 
0, 38, 65, 122, 298, 333, 
0, 58, 53, 374, 138, 335, 54, 
0, 366, 188, 201, 247, 127, 377, 
0, 304, 107, 189, 39, 319, 299, 
0, 227, 45, 146, 306, 352, 
0, 104, 378, 301, 396, 264, 
0, 226, 162, 343, 368, 317, 70, 
0, 82, 265, 245, 326, 260, 
0, 358, 347, 178, 376, 362, 
0, 381, 311, 211, 270, 121, 
0, 79, 213, 136, 281, 287, 
0, 180, 34, 8, 27, 397, 44, 
0, 185, 198, 9, 50, 77, 
0, 151, 99, 184, 57, 367, 
0, 321, 119, 220, 267, 174, 
0, 23, 97, 75, 388, 221, 
0, 248, 209, 116, 120, 73, 348, 
0, 283, 12, 64, 148, 285, 373, 262, 
0, 389, 398, 208, 233, 72, 
0, 261, 391, 207, 59, 280, 90, 
0, 282, 143, 31, 351, 129, 277, 
0, 170, 251, 228, 41, 35, 
0, 302, 380, 357, 305, 166, 387, 
0, 33, 130, 112, 214, 294, 
0, 149, 296, 266, 123, 164, 
0, 115, 165, 20, 4, 346, 
0, 192, 196, 133, 253, 353, 128, 
0, 86, 268, 240, 215, 
0, 355, 328, 383, 147, 212, 
0, 28, 308, 330, 295, 100, 
0, 339, 63, 40, 126, 341, 
0, 210, 392, 171, 25, 275, 101, 
0, 181, 271, 365, 194, 89, 
0, 52, 161, 327, 48, 309, 
0, 323, 218, 55, 5, 36, 
0, 273, 354, 110, 249, 242, 125, 
0, 258, 94, 318, 3, 187, 88, 
0, 80, 47, 68, 379, 95, 
0, 217, 359, 278, 239, 205, 
0, 369, 69, 356, 274, 290, 92, 
0, 329, 37, 370, 191, 43, 225, 
0, 78, 229, 14, 259, 372, 
0, 153, 105, 252, 117, 193, 
0, 395, 172, 190, 42, 231, 
0, 71, 159, 263, 21, 234, 
0, 49, 13, 60, 303, 291, 
0, 6, 87, 336, 61, 331, 62, 
0, 385, 30, 160, 137, 135, 
0, 256, 168, 276, 109, 154, 345, 
0, 175, 158, 156, 360, 364, 
0, 144, 102, 237, 179, 
0, 342, 223, 307, 254, 324, 22, 
0, 67, 199, 338, 222, 297, 
0, 235, 289, 361, 386, 224, 10, 
0, 382, 315, 219, 111, 91, 238, 
0, 316, 243, 96, 26, 344, 
0, 74, 255, 155, 106, 334, 272, 
0, 300, 325, 230, 134, 183, 66, 
0, 108, 314, 98, 195, 349, 
0, 139, 284, 232, 11, 293, 
0, 200, 202, 85, 322, 
0, 292, 182, 81, 244, 83, 
0, 375, 84, 17, 340, 132, 288, 
0, 24, 152, 250, 142, 320, 
0, 93, 124, 1, 56, 269, 
0, 157, 173, 18, 169, 131, 
0, 279, 394, 176, 19, 350, 
0, 204, 186, 2, 400, 15, 393, 
0, 203, 337, 7, 113, 177, 
0, 286, 29, 206, 16, 150, 
0, 371, 312, 257, 399, 197, 390, 
0, 141, 332, 114, 76, 32, 
