Solution: 78 97814.920000 121214.920000

0, 11, 88, 191, 218, 385, 
0, 216, 140, 214, 296, 380, 
0, 116, 17, 31, 235, 327, 
0, 349, 18, 195, 143, 362, 
0, 113, 227, 381, 150, 147, 
0, 68, 258, 344, 122, 81, 187, 
0, 305, 14, 124, 85, 114, 
0, 368, 332, 302, 311, 
0, 375, 304, 62, 361, 26, 
0, 190, 79, 340, 182, 66, 
0, 352, 96, 282, 78, 310, 
0, 65, 77, 264, 105, 97, 
0, 247, 21, 331, 
0, 205, 98, 133, 50, 123, 197, 
0, 319, 339, 52, 165, 278, 
0, 67, 8, 86, 206, 80, 
0, 45, 329, 146, 188, 121, 
0, 100, 192, 399, 262, 84, 
0, 365, 162, 59, 400, 51, 145, 
0, 48, 41, 394, 358, 
0, 164, 231, 248, 245, 306, 
0, 391, 24, 307, 323, 272, 
0, 230, 10, 39, 102, 346, 393, 
0, 215, 261, 189, 175, 259, 
0, 69, 223, 149, 281, 252, 129, 
0, 7, 221, 20, 30, 40, 176, 
0, 225, 287, 253, 347, 250, 
0, 210, 350, 173, 228, 3, 
0, 387, 204, 336, 27, 178, 
0, 257, 244, 12, 53, 386, 
0, 137, 292, 127, 1, 169, 392, 
0, 33, 275, 119, 341, 60, 
0, 61, 36, 136, 126, 357, 
0, 395, 148, 194, 37, 326, 338, 
0, 95, 32, 212, 180, 298, 
0, 71, 87, 396, 44, 211, 
0, 43, 94, 73, 
0, 159, 303, 277, 160, 202, 
0, 384, 99, 333, 301, 376, 274, 
0, 240, 297, 156, 367, 
0, 64, 224, 265, 203, 
0, 285, 291, 184, 107, 269, 
0, 309, 25, 242, 348, 237, 
0, 370, 288, 35, 315, 236, 5, 
0, 109, 201, 372, 325, 
0, 135, 193, 76, 151, 263, 
0, 74, 312, 207, 16, 75, 
0, 155, 342, 138, 118, 142, 226, 
0, 320, 360, 174, 152, 371, 
0, 120, 141, 47, 46, 19, 
0, 271, 125, 15, 49, 54, 
0, 72, 93, 63, 233, 185, 
0, 355, 359, 110, 300, 299, 
0, 56, 266, 256, 22, 343, 
0, 134, 200, 91, 243, 172, 
0, 181, 335, 232, 321, 390, 273, 
0, 351, 186, 377, 115, 4, 82, 
0, 167, 219, 106, 168, 254, 13, 
0, 378, 317, 55, 144, 382, 270, 
0, 337, 374, 239, 267, 379, 
0, 177, 90, 117, 324, 241, 
0, 153, 89, 111, 345, 356, 
0, 179, 6, 38, 42, 354, 
0, 293, 383, 363, 29, 397, 289, 
0, 163, 290, 369, 280, 170, 
0, 364, 276, 286, 388, 34, 389, 
0, 366, 209, 283, 238, 220, 260, 
0, 328, 103, 171, 234, 294, 
0, 251, 314, 57, 166, 154, 
0, 132, 104, 398, 83, 246, 
0, 196, 101, 199, 322, 161, 
0, 157, 268, 229, 108, 130, 
0, 70, 128, 139, 208, 
0, 158, 2, 222, 318, 
0, 353, 316, 217, 313, 334, 
0, 279, 92, 255, 198, 330, 249, 
0, 295, 112, 9, 23, 131, 28, 
0, 183, 284, 373, 308, 58, 213, 
