Solution: 76 93917.250000 116717.250000

0, 307, 359, 246, 316, 107, 
0, 378, 387, 73, 362, 276, 351, 
0, 212, 367, 390, 133, 148, 395, 
0, 158, 130, 16, 37, 225, 
0, 232, 24, 156, 70, 100, 
0, 202, 336, 311, 27, 268, 
0, 382, 111, 88, 372, 101, 
0, 226, 274, 185, 322, 
0, 393, 155, 38, 47, 143, 283, 
0, 199, 56, 160, 192, 22, 
0, 184, 90, 169, 126, 341, 
0, 46, 325, 138, 140, 82, 353, 
0, 76, 218, 343, 215, 131, 
0, 150, 40, 197, 243, 365, 
0, 234, 310, 164, 346, 279, 368, 
0, 72, 256, 144, 114, 312, 
0, 379, 31, 293, 329, 288, 
0, 377, 10, 49, 354, 
0, 262, 349, 167, 136, 92, 178, 
0, 186, 217, 233, 208, 290, 389, 
0, 62, 18, 51, 333, 244, 
0, 9, 200, 5, 127, 301, 132, 
0, 376, 287, 115, 265, 146, 1, 
0, 99, 91, 176, 249, 238, 271, 
0, 85, 266, 223, 398, 308, 174, 
0, 189, 328, 43, 400, 321, 299, 
0, 44, 78, 239, 306, 257, 
0, 180, 80, 339, 332, 
0, 252, 195, 375, 32, 81, 
0, 172, 20, 2, 177, 7, 261, 
0, 170, 119, 103, 64, 69, 98, 
0, 122, 251, 12, 58, 198, 
0, 282, 17, 203, 116, 
0, 291, 196, 97, 19, 104, 
0, 147, 270, 33, 13, 345, 
0, 314, 165, 15, 250, 272, 26, 
0, 381, 388, 206, 264, 102, 
0, 326, 113, 175, 50, 221, 330, 
0, 86, 3, 110, 305, 254, 
0, 236, 302, 75, 370, 42, 255, 
0, 392, 182, 48, 11, 280, 
0, 313, 139, 214, 95, 87, 
0, 60, 241, 222, 134, 259, 
0, 231, 391, 162, 344, 
0, 342, 397, 179, 21, 298, 6, 
0, 149, 171, 219, 399, 277, 281, 
0, 181, 227, 36, 216, 318, 
0, 275, 163, 360, 273, 258, 
0, 128, 28, 141, 352, 35, 
0, 363, 137, 154, 71, 235, 383, 
0, 297, 121, 157, 213, 83, 
0, 118, 394, 356, 124, 
0, 315, 324, 309, 263, 194, 54, 
0, 317, 109, 59, 335, 347, 296, 
0, 240, 228, 129, 63, 23, 
0, 125, 289, 224, 39, 385, 173, 
0, 285, 187, 112, 320, 67, 
0, 89, 166, 29, 45, 386, 
0, 348, 117, 30, 380, 300, 327, 
0, 303, 77, 260, 384, 190, 286, 
0, 361, 331, 61, 247, 142, 
0, 294, 79, 66, 14, 205, 
0, 123, 135, 120, 65, 373, 
0, 337, 366, 374, 229, 355, 
0, 204, 151, 369, 396, 93, 
0, 269, 145, 53, 193, 350, 
0, 74, 168, 338, 230, 183, 
0, 96, 358, 25, 106, 84, 
0, 253, 188, 34, 41, 4, 207, 
0, 242, 210, 57, 159, 357, 
0, 55, 52, 334, 319, 8, 267, 
0, 278, 191, 108, 295, 
0, 364, 304, 340, 152, 94, 284, 
0, 245, 371, 292, 105, 201, 
0, 161, 323, 153, 220, 68, 
0, 211, 248, 237, 209, 
