Solution: 80 97892.760000 121892.760000

0, 65, 77, 264, 105, 
0, 366, 288, 115, 321, 4, 82, 
0, 74, 162, 207, 187, 298, 
0, 148, 209, 194, 37, 326, 338, 
0, 109, 50, 123, 197, 
0, 337, 24, 79, 182, 393, 
0, 159, 303, 277, 160, 202, 
0, 351, 186, 377, 42, 354, 
0, 309, 9, 112, 23, 131, 28, 
0, 205, 201, 372, 325, 
0, 7, 221, 20, 30, 40, 176, 
0, 190, 63, 340, 301, 376, 
0, 113, 227, 282, 78, 58, 
0, 196, 101, 15, 253, 250, 
0, 225, 287, 208, 156, 
0, 179, 6, 88, 218, 191, 
0, 355, 359, 110, 300, 206, 
0, 368, 18, 369, 311, 
0, 48, 41, 259, 357, 
0, 285, 291, 184, 107, 269, 
0, 56, 266, 256, 262, 129, 
0, 284, 119, 59, 400, 51, 145, 
0, 305, 14, 124, 85, 188, 
0, 378, 317, 55, 144, 386, 
0, 61, 36, 136, 126, 
0, 43, 94, 73, 
0, 45, 329, 146, 308, 341, 
0, 352, 158, 199, 322, 161, 
0, 395, 92, 255, 198, 330, 249, 
0, 251, 314, 203, 382, 54, 
0, 163, 290, 280, 170, 299, 
0, 64, 224, 286, 388, 
0, 247, 8, 86, 22, 343, 
0, 257, 244, 53, 46, 270, 
0, 349, 332, 302, 143, 195, 385, 
0, 10, 258, 344, 122, 81, 75, 
0, 67, 35, 315, 236, 5, 
0, 167, 219, 396, 44, 211, 
0, 240, 133, 98, 297, 
0, 370, 335, 232, 173, 390, 273, 
0, 68, 373, 220, 238, 213, 
0, 283, 365, 16, 228, 3, 
0, 328, 103, 39, 102, 346, 260, 
0, 177, 90, 117, 324, 241, 
0, 181, 223, 149, 281, 252, 
0, 137, 242, 25, 235, 327, 
0, 71, 87, 57, 166, 154, 
0, 69, 292, 127, 1, 169, 392, 
0, 293, 383, 363, 29, 397, 289, 
0, 319, 339, 52, 165, 278, 
0, 320, 360, 174, 152, 371, 
0, 215, 261, 189, 323, 272, 
0, 230, 279, 248, 245, 178, 
0, 387, 204, 336, 27, 66, 121, 
0, 120, 141, 47, 356, 
0, 155, 342, 138, 118, 142, 226, 
0, 70, 128, 49, 
0, 391, 316, 217, 313, 334, 
0, 132, 104, 398, 83, 246, 
0, 95, 32, 212, 180, 114, 
0, 100, 265, 111, 345, 12, 19, 
0, 164, 231, 171, 234, 294, 306, 
0, 153, 89, 399, 34, 389, 
0, 135, 193, 76, 139, 367, 
0, 72, 93, 333, 233, 185, 
0, 33, 275, 312, 310, 97, 
0, 210, 21, 106, 168, 254, 13, 
0, 375, 304, 62, 361, 26, 
0, 384, 99, 307, 175, 274, 
0, 216, 200, 394, 358, 
0, 295, 17, 31, 348, 237, 
0, 364, 276, 192, 80, 84, 
0, 353, 140, 214, 296, 380, 
0, 134, 91, 243, 172, 
0, 183, 374, 239, 267, 379, 60, 
0, 271, 125, 151, 347, 263, 
0, 116, 96, 381, 150, 147, 
0, 157, 268, 229, 108, 130, 
0, 2, 222, 318, 331, 
0, 11, 350, 38, 362, 
