Solution: 76 93139.088000 115939.088000

0, 30, 265, 245, 89, 
0, 175, 268, 240, 237, 179, 
0, 395, 172, 190, 31, 231, 
0, 153, 105, 252, 117, 193, 
0, 74, 255, 87, 137, 306, 352, 
0, 381, 311, 211, 270, 121, 
0, 375, 84, 17, 114, 76, 
0, 369, 23, 55, 5, 356, 
0, 192, 196, 133, 253, 353, 128, 
0, 115, 289, 109, 42, 154, 345, 
0, 261, 391, 207, 59, 280, 90, 
0, 141, 332, 310, 167, 140, 
0, 200, 202, 85, 322, 
0, 323, 218, 3, 113, 10, 
0, 283, 12, 64, 25, 275, 101, 
0, 235, 98, 327, 48, 309, 
0, 366, 188, 201, 247, 127, 377, 
0, 226, 162, 343, 368, 317, 70, 
0, 13, 119, 60, 303, 230, 174, 
0, 28, 308, 330, 295, 100, 
0, 204, 165, 20, 346, 298, 
0, 52, 161, 195, 333, 
0, 33, 45, 146, 160, 35, 
0, 314, 370, 383, 19, 350, 
0, 104, 99, 184, 57, 367, 
0, 79, 213, 136, 349, 
0, 58, 53, 374, 138, 335, 54, 
0, 279, 394, 37, 27, 397, 44, 
0, 316, 243, 96, 26, 344, 
0, 258, 94, 318, 8, 91, 238, 
0, 363, 236, 197, 340, 132, 288, 
0, 329, 63, 40, 126, 341, 
0, 144, 156, 260, 360, 364, 
0, 203, 337, 7, 281, 287, 
0, 385, 227, 176, 225, 212, 
0, 292, 182, 81, 244, 83, 
0, 398, 378, 301, 396, 264, 
0, 108, 339, 86, 4, 215, 
0, 67, 78, 259, 372, 379, 
0, 24, 152, 250, 142, 320, 
0, 181, 271, 29, 194, 326, 334, 
0, 93, 124, 1, 56, 269, 
0, 313, 220, 51, 163, 267, 
0, 186, 2, 386, 224, 15, 
0, 158, 102, 338, 222, 297, 
0, 389, 209, 116, 120, 73, 348, 
0, 382, 315, 219, 111, 290, 92, 
0, 371, 312, 257, 399, 36, 390, 
0, 82, 130, 112, 214, 294, 
0, 157, 173, 18, 169, 131, 
0, 185, 198, 16, 50, 150, 
0, 151, 248, 95, 148, 373, 262, 
0, 273, 354, 110, 249, 242, 125, 
0, 284, 69, 232, 274, 32, 
0, 49, 325, 134, 183, 66, 
0, 384, 355, 328, 191, 147, 43, 
0, 300, 229, 14, 103, 291, 
0, 304, 107, 199, 189, 319, 299, 
0, 302, 380, 357, 305, 166, 387, 
0, 286, 206, 9, 77, 118, 
0, 358, 347, 178, 376, 362, 
0, 342, 223, 307, 254, 324, 22, 
0, 38, 65, 122, 
0, 170, 251, 228, 41, 129, 
0, 180, 34, 11, 293, 187, 88, 
0, 282, 143, 361, 351, 400, 393, 
0, 321, 365, 336, 61, 331, 62, 
0, 246, 216, 46, 145, 241, 
0, 256, 168, 276, 135, 177, 277, 
0, 6, 155, 106, 39, 272, 
0, 149, 296, 266, 123, 164, 
0, 210, 392, 208, 285, 72, 
0, 80, 47, 68, 233, 171, 
0, 71, 159, 263, 21, 234, 
0, 139, 97, 75, 388, 221, 
0, 217, 359, 278, 239, 205, 
