Solution: 79 98162.582000 121862.582000

0, 159, 303, 277, 160, 202, 
0, 364, 224, 47, 12, 389, 
0, 257, 244, 203, 53, 46, 19, 
0, 293, 383, 363, 29, 397, 236, 
0, 74, 119, 212, 180, 298, 
0, 366, 209, 283, 238, 220, 213, 
0, 109, 50, 123, 197, 
0, 132, 152, 141, 174, 356, 
0, 225, 287, 208, 156, 
0, 295, 112, 9, 194, 
0, 67, 8, 22, 269, 
0, 164, 231, 171, 234, 178, 
0, 196, 101, 57, 166, 154, 
0, 11, 90, 324, 310, 97, 
0, 395, 92, 16, 3, 4, 
0, 240, 133, 98, 297, 
0, 116, 17, 31, 105, 
0, 320, 360, 104, 398, 371, 
0, 291, 184, 110, 107, 191, 
0, 216, 261, 189, 323, 272, 
0, 7, 77, 65, 40, 
0, 61, 36, 136, 126, 
0, 134, 200, 91, 243, 172, 
0, 230, 279, 248, 245, 306, 393, 
0, 319, 339, 52, 165, 51, 
0, 48, 41, 394, 358, 
0, 384, 99, 307, 175, 259, 
0, 179, 6, 88, 117, 273, 
0, 113, 227, 381, 37, 131, 28, 
0, 387, 204, 336, 27, 30, 
0, 271, 125, 151, 347, 54, 
0, 2, 292, 127, 1, 169, 289, 
0, 375, 304, 62, 361, 26, 
0, 163, 290, 38, 5, 218, 
0, 68, 258, 282, 78, 58, 
0, 370, 288, 35, 315, 390, 75, 
0, 120, 286, 276, 388, 
0, 368, 18, 369, 280, 170, 
0, 355, 359, 311, 83, 246, 
0, 221, 275, 255, 198, 330, 249, 
0, 167, 219, 396, 262, 84, 129, 
0, 70, 128, 49, 
0, 155, 342, 138, 253, 15, 
0, 328, 103, 39, 102, 346, 260, 
0, 353, 140, 214, 296, 380, 
0, 95, 365, 312, 122, 81, 
0, 239, 190, 233, 267, 379, 185, 
0, 45, 329, 146, 188, 114, 
0, 72, 93, 333, 301, 376, 274, 
0, 374, 32, 59, 400, 294, 
0, 137, 242, 25, 235, 327, 
0, 247, 21, 149, 254, 252, 
0, 43, 264, 73, 23, 241, 
0, 222, 232, 173, 321, 228, 82, 
0, 309, 148, 10, 326, 176, 
0, 79, 24, 340, 182, 66, 
0, 177, 96, 344, 150, 147, 343, 
0, 378, 317, 55, 118, 142, 226, 
0, 56, 64, 192, 300, 299, 
0, 305, 14, 124, 85, 278, 145, 
0, 157, 268, 229, 108, 130, 
0, 391, 316, 217, 313, 334, 
0, 349, 332, 302, 143, 195, 385, 
0, 135, 193, 76, 139, 250, 
0, 352, 158, 20, 357, 
0, 205, 201, 372, 325, 263, 367, 
0, 153, 89, 345, 144, 386, 
0, 181, 335, 350, 42, 354, 
0, 71, 87, 281, 44, 211, 
0, 100, 265, 111, 382, 270, 
0, 215, 337, 63, 121, 
0, 33, 162, 207, 187, 338, 
0, 183, 284, 373, 308, 341, 60, 
0, 351, 186, 377, 115, 362, 
0, 266, 256, 86, 348, 237, 
0, 285, 210, 106, 168, 206, 13, 
0, 94, 318, 331, 
0, 69, 223, 199, 322, 161, 392, 
0, 251, 314, 399, 34, 80, 
