Solution: 75 92558.102000 115058.102000

0, 141, 332, 310, 167, 140, 
0, 203, 337, 98, 129, 177, 277, 
0, 6, 255, 155, 189, 319, 272, 
0, 316, 243, 96, 26, 344, 
0, 157, 173, 18, 169, 131, 
0, 246, 216, 46, 145, 353, 128, 
0, 82, 227, 146, 306, 352, 
0, 34, 7, 113, 11, 293, 
0, 153, 152, 250, 278, 239, 
0, 248, 209, 116, 120, 73, 348, 
0, 329, 2, 361, 386, 224, 10, 
0, 217, 359, 24, 195, 349, 
0, 279, 394, 370, 19, 147, 225, 
0, 192, 105, 252, 48, 205, 
0, 384, 355, 328, 191, 43, 212, 
0, 49, 13, 60, 303, 331, 
0, 283, 12, 64, 25, 275, 101, 
0, 381, 311, 211, 396, 95, 121, 
0, 226, 162, 343, 368, 317, 70, 
0, 385, 37, 63, 126, 341, 
0, 256, 168, 276, 336, 87, 62, 
0, 33, 130, 112, 214, 294, 
0, 313, 163, 51, 118, 77, 
0, 366, 188, 201, 247, 127, 377, 
0, 149, 296, 266, 123, 164, 
0, 200, 202, 85, 133, 253, 
0, 323, 218, 3, 187, 88, 
0, 342, 223, 307, 254, 324, 22, 
0, 115, 165, 20, 346, 298, 
0, 78, 325, 230, 134, 183, 66, 
0, 28, 308, 330, 295, 100, 
0, 261, 391, 207, 59, 280, 90, 
0, 144, 107, 106, 39, 260, 
0, 67, 199, 338, 222, 297, 
0, 321, 119, 220, 267, 174, 
0, 104, 99, 301, 270, 373, 262, 
0, 143, 172, 190, 42, 231, 
0, 258, 94, 318, 8, 91, 238, 
0, 395, 30, 160, 137, 135, 
0, 389, 392, 148, 285, 72, 
0, 284, 69, 232, 274, 32, 
0, 108, 314, 339, 142, 320, 
0, 210, 378, 184, 57, 367, 264, 
0, 304, 102, 240, 360, 364, 
0, 74, 265, 245, 326, 89, 
0, 52, 289, 109, 333, 
0, 302, 380, 40, 27, 397, 44, 
0, 300, 229, 14, 103, 291, 
0, 268, 86, 204, 4, 215, 
0, 382, 315, 219, 111, 290, 92, 
0, 139, 97, 75, 388, 221, 
0, 38, 65, 122, 
0, 151, 398, 208, 233, 171, 
0, 369, 23, 55, 5, 356, 
0, 79, 213, 136, 281, 287, 
0, 170, 251, 228, 41, 35, 
0, 235, 161, 327, 309, 154, 345, 
0, 358, 347, 178, 376, 362, 
0, 186, 45, 176, 350, 
0, 292, 182, 81, 244, 83, 
0, 196, 241, 322, 117, 193, 
0, 363, 236, 197, 340, 132, 288, 
0, 93, 124, 1, 56, 269, 
0, 286, 365, 9, 194, 299, 
0, 371, 312, 257, 399, 36, 390, 
0, 180, 383, 357, 305, 166, 387, 
0, 80, 47, 68, 259, 372, 379, 
0, 71, 159, 263, 21, 234, 
0, 58, 53, 374, 138, 335, 54, 
0, 375, 84, 17, 114, 76, 
0, 273, 354, 110, 249, 242, 125, 
0, 175, 158, 156, 237, 179, 
0, 185, 198, 16, 61, 334, 
0, 181, 271, 29, 206, 50, 150, 
0, 282, 31, 351, 400, 15, 393, 
