Solution: 75 93241.736000 115741.736000

0, 283, 12, 64, 25, 275, 101, 
0, 115, 165, 20, 195, 349, 
0, 375, 84, 17, 340, 32, 
0, 256, 30, 9, 77, 50, 
0, 67, 78, 343, 368, 317, 
0, 314, 108, 204, 4, 333, 
0, 175, 158, 156, 237, 179, 
0, 316, 243, 96, 132, 76, 288, 
0, 382, 315, 232, 274, 356, 293, 
0, 82, 130, 112, 214, 294, 
0, 313, 51, 163, 118, 150, 
0, 139, 97, 75, 388, 
0, 321, 365, 303, 106, 334, 272, 
0, 38, 65, 122, 298, 215, 
0, 33, 227, 176, 306, 352, 
0, 217, 359, 278, 239, 205, 393, 
0, 226, 162, 199, 259, 372, 70, 
0, 381, 311, 211, 270, 373, 262, 
0, 279, 394, 37, 27, 397, 44, 
0, 363, 236, 310, 167, 140, 
0, 161, 105, 26, 164, 344, 
0, 371, 312, 257, 399, 11, 187, 
0, 58, 53, 374, 138, 335, 54, 
0, 342, 223, 307, 254, 324, 22, 
0, 339, 63, 40, 126, 341, 
0, 93, 124, 1, 56, 269, 
0, 300, 229, 14, 103, 291, 
0, 389, 392, 148, 285, 72, 
0, 258, 94, 318, 8, 91, 238, 
0, 34, 7, 113, 154, 
0, 71, 159, 263, 21, 234, 
0, 186, 45, 146, 160, 212, 
0, 13, 119, 220, 267, 174, 
0, 28, 308, 330, 295, 100, 
0, 395, 107, 338, 222, 297, 
0, 49, 325, 230, 134, 183, 66, 
0, 248, 209, 116, 120, 73, 121, 
0, 385, 370, 383, 19, 350, 
0, 366, 188, 201, 247, 127, 377, 
0, 200, 202, 85, 133, 253, 
0, 80, 47, 68, 379, 95, 
0, 384, 355, 357, 305, 166, 387, 
0, 292, 182, 81, 244, 280, 
0, 369, 23, 55, 5, 36, 
0, 282, 168, 276, 137, 135, 35, 
0, 141, 332, 114, 197, 221, 390, 
0, 284, 69, 111, 219, 290, 
0, 210, 378, 301, 396, 348, 
0, 235, 289, 361, 190, 231, 
0, 286, 265, 245, 326, 260, 
0, 170, 251, 228, 41, 177, 
0, 149, 296, 266, 123, 241, 
0, 181, 268, 86, 346, 109, 
0, 329, 143, 31, 351, 400, 15, 
0, 104, 99, 184, 57, 367, 264, 
0, 273, 354, 110, 249, 242, 125, 
0, 157, 173, 18, 169, 131, 
0, 79, 213, 136, 281, 287, 
0, 74, 255, 336, 61, 331, 62, 
0, 180, 380, 328, 191, 147, 43, 
0, 24, 152, 250, 142, 320, 
0, 6, 87, 155, 39, 319, 
0, 261, 391, 207, 59, 90, 225, 
0, 246, 216, 46, 145, 353, 128, 
0, 185, 198, 16, 89, 83, 
0, 192, 196, 322, 117, 193, 
0, 304, 102, 240, 360, 364, 
0, 323, 218, 3, 88, 92, 
0, 52, 2, 386, 224, 129, 277, 
0, 151, 398, 208, 233, 171, 299, 
0, 358, 347, 178, 376, 362, 
0, 144, 189, 172, 42, 
0, 203, 337, 302, 98, 10, 345, 
0, 271, 29, 194, 206, 60, 
0, 153, 252, 327, 48, 309, 
