Solution: 75 93224.236000 115724.236000

0, 371, 312, 257, 399, 36, 92, 
0, 313, 220, 51, 163, 267, 
0, 67, 199, 338, 233, 171, 
0, 382, 315, 232, 274, 356, 293, 
0, 49, 119, 60, 303, 230, 174, 
0, 78, 229, 106, 39, 260, 
0, 323, 3, 167, 140, 
0, 217, 161, 327, 333, 
0, 339, 86, 204, 4, 346, 
0, 256, 168, 172, 190, 129, 277, 
0, 153, 105, 252, 48, 309, 
0, 108, 314, 31, 351, 400, 154, 345, 
0, 273, 7, 136, 281, 287, 
0, 358, 347, 178, 376, 362, 
0, 71, 302, 110, 113, 10, 
0, 279, 394, 37, 27, 397, 44, 
0, 82, 265, 326, 214, 294, 
0, 304, 107, 325, 134, 183, 66, 
0, 93, 124, 1, 56, 269, 
0, 180, 380, 159, 263, 21, 234, 
0, 115, 165, 359, 278, 239, 205, 
0, 366, 188, 201, 247, 127, 377, 
0, 235, 354, 213, 249, 242, 125, 
0, 79, 98, 195, 349, 
0, 141, 332, 114, 132, 241, 
0, 283, 12, 64, 25, 275, 101, 
0, 104, 99, 184, 57, 367, 
0, 6, 87, 155, 189, 319, 299, 
0, 149, 296, 266, 123, 164, 
0, 157, 357, 305, 166, 212, 
0, 200, 202, 85, 133, 253, 
0, 292, 182, 81, 244, 280, 
0, 34, 173, 18, 169, 131, 
0, 258, 94, 318, 8, 91, 238, 
0, 80, 47, 68, 259, 372, 379, 
0, 369, 23, 55, 5, 390, 
0, 226, 162, 343, 368, 317, 70, 
0, 300, 13, 14, 103, 291, 
0, 175, 268, 240, 237, 179, 
0, 185, 198, 16, 306, 352, 
0, 58, 53, 374, 138, 335, 54, 
0, 151, 248, 95, 148, 373, 262, 
0, 321, 365, 245, 89, 272, 
0, 246, 216, 46, 145, 353, 128, 
0, 342, 223, 307, 254, 324, 22, 
0, 375, 84, 310, 197, 32, 
0, 261, 391, 207, 59, 90, 83, 
0, 144, 102, 222, 297, 
0, 395, 30, 130, 112, 334, 
0, 139, 97, 75, 388, 221, 
0, 385, 227, 146, 160, 35, 
0, 181, 271, 29, 194, 50, 150, 
0, 24, 152, 250, 142, 320, 
0, 20, 158, 156, 360, 364, 
0, 170, 251, 228, 41, 177, 
0, 363, 236, 17, 340, 76, 288, 
0, 186, 370, 383, 43, 191, 387, 
0, 192, 196, 322, 117, 193, 
0, 389, 209, 116, 120, 73, 348, 
0, 329, 63, 40, 126, 341, 
0, 316, 243, 96, 26, 344, 
0, 210, 392, 208, 285, 72, 
0, 203, 337, 218, 11, 187, 88, 
0, 398, 378, 301, 396, 264, 
0, 28, 308, 330, 295, 100, 
0, 286, 206, 9, 77, 118, 
0, 74, 255, 336, 61, 331, 62, 
0, 143, 361, 276, 137, 135, 
0, 381, 311, 211, 270, 121, 
0, 38, 65, 122, 298, 215, 
0, 52, 289, 109, 42, 231, 
0, 384, 355, 328, 19, 147, 225, 
0, 284, 69, 111, 219, 290, 
0, 33, 45, 176, 350, 
0, 282, 2, 386, 224, 15, 393, 
