Solution: 78 95846.142000 119246.142000

0, 361, 371, 218, 103, 354, 
0, 232, 168, 20, 353, 204, 
0, 326, 154, 210, 341, 267, 217, 
0, 116, 270, 95, 101, 307, 289, 
0, 331, 40, 394, 122, 144, 225, 
0, 117, 313, 108, 37, 1, 
0, 145, 113, 203, 357, 
0, 39, 400, 83, 319, 258, 291, 
0, 299, 334, 329, 224, 293, 
0, 130, 344, 363, 283, 248, 
0, 315, 137, 255, 165, 205, 
0, 142, 158, 115, 186, 263, 
0, 390, 167, 106, 316, 56, 87, 
0, 92, 93, 82, 342, 125, 
0, 321, 284, 2, 385, 118, 
0, 249, 235, 173, 176, 12, 
0, 31, 102, 30, 198, 86, 
0, 188, 89, 318, 351, 322, 46, 
0, 301, 388, 104, 127, 312, 
0, 162, 81, 240, 105, 
0, 66, 67, 138, 191, 
0, 241, 155, 243, 57, 161, 
0, 119, 143, 264, 339, 
0, 314, 398, 262, 19, 179, 
0, 245, 97, 49, 378, 182, 275, 
0, 362, 200, 52, 14, 292, 
0, 395, 76, 257, 311, 193, 333, 
0, 274, 38, 152, 54, 148, 
0, 5, 375, 3, 214, 350, 
0, 347, 231, 150, 24, 199, 
0, 233, 305, 380, 192, 
0, 226, 282, 9, 94, 
0, 181, 337, 265, 123, 
0, 247, 149, 77, 195, 368, 
0, 273, 160, 78, 29, 4, 279, 
0, 387, 187, 220, 21, 306, 
0, 382, 201, 114, 133, 288, 
0, 88, 346, 44, 278, 47, 208, 
0, 90, 330, 295, 302, 
0, 367, 132, 365, 151, 266, 
0, 107, 328, 370, 343, 64, 124, 
0, 190, 55, 239, 60, 277, 
0, 391, 381, 32, 396, 100, 356, 
0, 126, 18, 364, 246, 338, 
0, 268, 36, 376, 33, 22, 
0, 131, 58, 43, 183, 23, 
0, 252, 308, 63, 172, 159, 
0, 323, 272, 72, 345, 
0, 68, 366, 41, 153, 194, 
0, 212, 228, 250, 222, 297, 
0, 296, 309, 59, 147, 146, 
0, 242, 332, 69, 169, 373, 261, 
0, 53, 281, 286, 348, 
0, 10, 372, 80, 157, 340, 25, 
0, 360, 11, 129, 202, 251, 
0, 15, 134, 91, 300, 336, 
0, 393, 244, 17, 128, 156, 
0, 310, 71, 213, 237, 254, 
0, 236, 259, 166, 135, 73, 211, 
0, 369, 359, 238, 280, 253, 
0, 215, 84, 335, 294, 271, 384, 
0, 352, 206, 197, 287, 50, 
0, 70, 327, 358, 397, 6, 
0, 112, 8, 177, 121, 74, 
0, 383, 174, 35, 42, 324, 290, 
0, 219, 317, 399, 61, 216, 136, 
0, 303, 276, 227, 304, 
0, 79, 234, 209, 99, 164, 
0, 175, 85, 223, 260, 256, 13, 
0, 320, 27, 111, 171, 386, 
0, 189, 7, 141, 51, 298, 349, 
0, 377, 163, 28, 355, 139, 
0, 184, 45, 389, 98, 374, 
0, 62, 110, 180, 229, 65, 
0, 285, 140, 120, 26, 325, 
0, 75, 269, 207, 185, 392, 109, 
0, 170, 196, 34, 178, 16, 
0, 230, 48, 379, 96, 221, 
