Solution: 77 95072.320000 118172.320000

0, 77, 260, 384, 45, 386, 
0, 317, 180, 120, 65, 373, 
0, 234, 388, 138, 140, 82, 105, 201, 
0, 122, 251, 12, 106, 221, 
0, 46, 18, 139, 203, 116, 
0, 282, 79, 214, 95, 308, 
0, 294, 306, 167, 136, 67, 
0, 231, 391, 346, 279, 368, 
0, 252, 195, 375, 32, 81, 
0, 99, 91, 58, 198, 84, 
0, 86, 285, 219, 399, 183, 
0, 211, 303, 237, 209, 
0, 287, 115, 224, 39, 385, 
0, 10, 337, 49, 192, 271, 
0, 125, 289, 246, 250, 272, 
0, 314, 165, 6, 27, 268, 
0, 307, 354, 265, 295, 316, 26, 
0, 381, 245, 164, 162, 102, 
0, 392, 151, 182, 369, 396, 121, 
0, 161, 359, 157, 93, 286, 
0, 363, 137, 154, 71, 235, 383, 
0, 199, 191, 108, 276, 351, 
0, 186, 217, 233, 208, 290, 389, 
0, 226, 360, 127, 248, 301, 281, 
0, 189, 328, 43, 66, 14, 
0, 377, 366, 309, 263, 194, 54, 
0, 9, 200, 5, 64, 69, 98, 
0, 55, 52, 38, 143, 16, 37, 
0, 172, 110, 3, 124, 
0, 310, 371, 206, 300, 327, 
0, 149, 171, 253, 305, 254, 
0, 278, 188, 34, 41, 225, 
0, 315, 274, 185, 322, 
0, 85, 56, 160, 68, 220, 
0, 240, 228, 129, 63, 23, 
0, 361, 331, 340, 61, 370, 42, 
0, 212, 367, 390, 133, 148, 395, 
0, 236, 302, 29, 190, 255, 
0, 382, 291, 51, 205, 333, 244, 
0, 76, 227, 343, 36, 318, 
0, 269, 145, 53, 193, 350, 
0, 150, 40, 197, 243, 365, 
0, 96, 358, 2, 177, 7, 261, 
0, 202, 336, 394, 356, 347, 296, 
0, 62, 266, 223, 398, 
0, 118, 176, 156, 70, 100, 
0, 324, 323, 229, 146, 1, 
0, 117, 30, 292, 264, 257, 
0, 376, 242, 210, 57, 159, 357, 
0, 60, 241, 222, 134, 259, 
0, 379, 325, 88, 372, 101, 
0, 393, 155, 334, 230, 174, 283, 
0, 364, 304, 75, 247, 142, 
0, 74, 80, 339, 332, 
0, 44, 78, 239, 321, 92, 178, 
0, 20, 113, 175, 4, 
0, 158, 130, 47, 319, 8, 267, 
0, 147, 270, 33, 13, 345, 
0, 262, 111, 218, 215, 131, 
0, 313, 17, 87, 400, 299, 
0, 72, 256, 144, 114, 312, 
0, 342, 397, 179, 21, 298, 173, 
0, 181, 168, 338, 216, 288, 
0, 170, 119, 103, 152, 94, 284, 
0, 378, 73, 112, 320, 362, 
0, 128, 28, 141, 352, 35, 
0, 348, 31, 293, 329, 380, 353, 
0, 187, 374, 153, 355, 
0, 184, 90, 59, 25, 330, 
0, 204, 311, 169, 126, 341, 
0, 349, 196, 97, 19, 104, 
0, 297, 48, 11, 280, 83, 
0, 89, 166, 15, 107, 213, 
0, 326, 387, 109, 50, 22, 207, 
0, 232, 24, 335, 277, 238, 249, 
0, 135, 275, 163, 273, 258, 132, 
0, 123, 344, 
