Solution: 78 97933.514000 121333.514000

0, 10, 283, 238, 220, 58, 
0, 68, 258, 344, 122, 81, 187, 
0, 271, 125, 55, 144, 386, 
0, 120, 141, 47, 80, 84, 
0, 48, 41, 394, 358, 
0, 155, 342, 138, 118, 142, 226, 
0, 337, 24, 340, 301, 376, 274, 
0, 375, 304, 62, 361, 26, 
0, 69, 2, 179, 331, 
0, 384, 316, 217, 307, 313, 334, 
0, 159, 303, 277, 160, 202, 
0, 137, 242, 25, 235, 327, 
0, 353, 333, 79, 182, 66, 
0, 395, 92, 255, 198, 330, 249, 
0, 230, 279, 248, 245, 306, 393, 
0, 177, 18, 195, 143, 362, 
0, 196, 101, 15, 49, 54, 
0, 309, 17, 31, 324, 
0, 183, 284, 373, 308, 341, 259, 
0, 352, 158, 222, 318, 
0, 221, 366, 20, 30, 40, 176, 
0, 61, 36, 136, 126, 
0, 113, 227, 381, 150, 310, 343, 
0, 7, 223, 199, 322, 161, 392, 
0, 285, 291, 184, 300, 252, 
0, 95, 365, 312, 212, 346, 260, 
0, 100, 256, 86, 206, 13, 
0, 157, 268, 229, 108, 130, 
0, 116, 96, 282, 78, 298, 
0, 65, 77, 264, 105, 
0, 225, 287, 253, 347, 250, 
0, 132, 104, 398, 83, 246, 
0, 364, 224, 388, 34, 389, 
0, 329, 32, 52, 165, 278, 
0, 320, 360, 174, 152, 371, 
0, 56, 266, 8, 22, 269, 
0, 134, 200, 91, 243, 172, 
0, 275, 232, 173, 321, 3, 
0, 11, 350, 38, 354, 
0, 190, 124, 146, 188, 121, 
0, 349, 383, 363, 29, 397, 42, 
0, 370, 186, 288, 115, 4, 82, 
0, 368, 332, 302, 311, 
0, 109, 201, 372, 325, 
0, 148, 209, 194, 37, 326, 338, 
0, 153, 89, 111, 345, 356, 
0, 74, 119, 59, 400, 51, 145, 
0, 70, 128, 139, 208, 
0, 64, 192, 276, 286, 299, 
0, 215, 261, 189, 323, 380, 
0, 387, 204, 336, 27, 294, 
0, 295, 112, 9, 23, 131, 28, 
0, 135, 193, 76, 151, 263, 
0, 247, 21, 149, 169, 241, 
0, 45, 14, 85, 180, 114, 
0, 251, 314, 57, 166, 154, 
0, 6, 35, 315, 236, 5, 
0, 240, 297, 156, 367, 
0, 257, 244, 12, 53, 46, 19, 
0, 181, 335, 90, 117, 147, 
0, 71, 87, 281, 44, 211, 
0, 163, 290, 369, 280, 170, 
0, 43, 94, 73, 
0, 378, 317, 265, 399, 203, 270, 
0, 205, 98, 133, 50, 123, 197, 
0, 216, 140, 296, 357, 
0, 164, 231, 171, 234, 178, 
0, 305, 374, 239, 267, 379, 60, 
0, 355, 359, 110, 107, 385, 
0, 293, 210, 106, 168, 254, 289, 
0, 328, 103, 39, 102, 213, 272, 
0, 33, 162, 207, 390, 273, 
0, 351, 292, 127, 1, 348, 237, 
0, 167, 219, 396, 262, 382, 129, 
0, 72, 93, 63, 233, 185, 
0, 67, 377, 88, 218, 191, 
0, 319, 339, 16, 228, 75, 
0, 391, 99, 175, 214, 97, 
