Solution: 78 95398.100000 118798.100000

0, 31, 102, 30, 198, 86, 
0, 390, 167, 106, 316, 56, 87, 
0, 268, 36, 257, 311, 193, 258, 
0, 369, 359, 238, 280, 253, 
0, 391, 381, 220, 21, 306, 
0, 313, 330, 150, 24, 199, 
0, 367, 132, 365, 151, 59, 
0, 241, 326, 42, 35, 319, 279, 
0, 174, 108, 376, 204, 
0, 55, 196, 34, 1, 
0, 233, 332, 69, 61, 216, 136, 
0, 236, 259, 166, 135, 73, 211, 
0, 252, 308, 63, 172, 159, 
0, 387, 399, 195, 187, 100, 356, 
0, 117, 344, 363, 203, 357, 
0, 130, 285, 162, 345, 
0, 310, 71, 91, 237, 254, 
0, 232, 110, 180, 229, 65, 291, 
0, 68, 242, 169, 373, 194, 261, 
0, 97, 47, 155, 256, 178, 325, 
0, 170, 160, 37, 246, 312, 
0, 331, 81, 78, 29, 4, 290, 
0, 126, 18, 364, 379, 109, 
0, 230, 48, 82, 342, 125, 
0, 383, 184, 20, 353, 
0, 175, 85, 223, 260, 307, 289, 
0, 168, 360, 11, 202, 329, 251, 
0, 15, 134, 41, 153, 124, 
0, 112, 120, 111, 96, 221, 
0, 66, 67, 138, 
0, 53, 45, 286, 348, 
0, 39, 400, 343, 83, 64, 217, 
0, 116, 270, 93, 26, 12, 338, 
0, 382, 201, 114, 133, 288, 266, 
0, 314, 398, 327, 19, 304, 171, 
0, 249, 235, 173, 176, 22, 
0, 189, 7, 141, 51, 298, 349, 
0, 299, 38, 213, 300, 148, 
0, 377, 163, 28, 355, 139, 
0, 142, 158, 115, 186, 263, 
0, 145, 113, 265, 123, 
0, 315, 137, 255, 94, 25, 
0, 119, 143, 283, 248, 
0, 301, 388, 104, 127, 33, 
0, 346, 140, 351, 8, 74, 
0, 352, 206, 197, 99, 164, 
0, 347, 90, 295, 302, 
0, 92, 243, 177, 121, 16, 
0, 76, 334, 287, 54, 152, 
0, 296, 309, 17, 128, 378, 275, 
0, 181, 337, 264, 350, 
0, 361, 371, 218, 103, 354, 
0, 131, 58, 43, 183, 23, 
0, 107, 274, 129, 224, 293, 
0, 215, 32, 335, 380, 192, 
0, 5, 375, 80, 157, 340, 156, 
0, 226, 282, 9, 165, 205, 
0, 393, 244, 182, 49, 
0, 303, 276, 227, 179, 386, 
0, 70, 231, 262, 322, 46, 
0, 10, 372, 3, 214, 147, 146, 
0, 219, 317, 389, 98, 374, 
0, 320, 27, 358, 397, 208, 
0, 323, 272, 72, 191, 339, 
0, 188, 89, 318, 95, 101, 13, 
0, 247, 149, 77, 294, 368, 
0, 366, 305, 84, 396, 271, 384, 
0, 79, 234, 209, 6, 50, 
0, 75, 269, 207, 185, 392, 
0, 362, 200, 52, 14, 292, 
0, 321, 284, 2, 385, 118, 
0, 281, 240, 105, 
0, 212, 228, 250, 222, 297, 
0, 245, 44, 278, 57, 161, 
0, 273, 394, 40, 122, 144, 225, 
0, 62, 154, 210, 341, 324, 333, 
0, 395, 328, 370, 267, 336, 
0, 190, 88, 239, 60, 277, 
