Solution: 76 93866.500000 116666.500000

0, 77, 260, 48, 11, 286, 
0, 161, 309, 265, 295, 
0, 376, 287, 115, 224, 354, 341, 
0, 149, 171, 253, 219, 399, 271, 
0, 44, 167, 199, 68, 220, 
0, 170, 119, 103, 64, 69, 98, 
0, 89, 166, 29, 45, 386, 
0, 313, 328, 87, 400, 321, 333, 
0, 111, 227, 36, 216, 318, 
0, 85, 17, 239, 306, 283, 
0, 393, 155, 38, 47, 267, 37, 
0, 236, 302, 75, 370, 42, 255, 
0, 46, 18, 139, 203, 116, 
0, 326, 337, 366, 153, 194, 54, 
0, 232, 24, 156, 177, 238, 249, 
0, 189, 291, 51, 136, 92, 178, 
0, 158, 130, 16, 143, 225, 
0, 74, 168, 338, 230, 183, 
0, 314, 165, 15, 250, 272, 26, 
0, 382, 196, 112, 362, 
0, 275, 163, 360, 273, 258, 132, 
0, 381, 117, 206, 264, 300, 327, 
0, 211, 248, 237, 209, 
0, 86, 3, 110, 305, 254, 
0, 348, 31, 293, 329, 288, 
0, 76, 218, 343, 215, 131, 
0, 266, 56, 160, 222, 259, 
0, 20, 113, 41, 4, 207, 
0, 231, 195, 101, 162, 368, 
0, 269, 145, 53, 32, 193, 
0, 234, 138, 140, 82, 105, 201, 
0, 181, 180, 350, 344, 
0, 202, 336, 27, 126, 268, 
0, 364, 304, 340, 152, 94, 284, 
0, 212, 367, 390, 133, 148, 395, 
0, 278, 191, 73, 276, 351, 
0, 184, 188, 34, 2, 277, 281, 
0, 118, 394, 356, 124, 
0, 226, 274, 185, 322, 
0, 285, 187, 374, 146, 1, 
0, 147, 270, 33, 13, 345, 
0, 240, 228, 129, 63, 23, 
0, 392, 151, 369, 396, 93, 121, 
0, 150, 40, 197, 243, 365, 
0, 342, 397, 179, 21, 298, 6, 
0, 282, 79, 214, 95, 205, 
0, 96, 358, 176, 70, 7, 347, 
0, 125, 289, 246, 316, 107, 
0, 294, 78, 223, 398, 308, 174, 
0, 186, 217, 233, 208, 290, 389, 
0, 379, 325, 88, 372, 102, 
0, 55, 52, 334, 319, 8, 244, 
0, 307, 359, 384, 280, 190, 
0, 317, 323, 108, 229, 355, 
0, 164, 245, 388, 346, 
0, 310, 371, 30, 292, 380, 353, 
0, 252, 375, 391, 279, 257, 81, 
0, 172, 59, 90, 335, 100, 
0, 377, 10, 49, 192, 22, 
0, 122, 251, 12, 106, 221, 
0, 62, 43, 66, 14, 
0, 128, 28, 141, 352, 35, 
0, 242, 210, 57, 159, 357, 
0, 378, 387, 109, 134, 67, 299, 
0, 363, 137, 154, 71, 235, 383, 
0, 297, 182, 157, 213, 83, 
0, 262, 349, 97, 19, 104, 320, 
0, 60, 241, 175, 50, 330, 
0, 99, 91, 58, 198, 84, 
0, 204, 311, 169, 25, 296, 
0, 135, 80, 339, 332, 
0, 72, 256, 144, 114, 312, 
0, 315, 324, 263, 39, 385, 173, 
0, 9, 200, 5, 127, 301, 261, 
0, 123, 303, 120, 65, 373, 
0, 361, 331, 61, 247, 142, 
