Solution: 75 93974.034000 116474.034000

0, 314, 90, 222, 134, 259, 
0, 324, 323, 229, 146, 1, 
0, 145, 269, 388, 162, 279, 368, 
0, 361, 331, 94, 340, 370, 255, 
0, 85, 241, 38, 47, 143, 37, 
0, 199, 56, 160, 192, 22, 
0, 313, 139, 214, 95, 87, 
0, 158, 52, 334, 319, 8, 267, 
0, 150, 40, 197, 243, 365, 
0, 291, 167, 112, 68, 220, 
0, 161, 246, 263, 194, 54, 
0, 96, 358, 25, 335, 221, 330, 
0, 381, 245, 138, 140, 105, 353, 
0, 135, 80, 339, 124, 183, 347, 
0, 262, 111, 325, 88, 372, 
0, 89, 166, 15, 250, 26, 272, 
0, 349, 196, 97, 19, 104, 
0, 278, 191, 108, 276, 351, 
0, 202, 336, 394, 176, 84, 198, 
0, 285, 287, 115, 27, 268, 
0, 390, 304, 35, 352, 383, 
0, 86, 3, 110, 305, 254, 
0, 297, 182, 48, 11, 286, 
0, 382, 79, 66, 14, 205, 
0, 392, 151, 369, 396, 93, 121, 
0, 147, 270, 33, 13, 345, 
0, 363, 137, 154, 71, 235, 133, 
0, 9, 367, 5, 64, 69, 98, 
0, 342, 397, 179, 21, 298, 6, 
0, 234, 310, 164, 346, 
0, 62, 18, 51, 308, 290, 
0, 123, 332, 209, 
0, 326, 387, 109, 59, 67, 299, 
0, 226, 248, 237, 258, 132, 
0, 122, 251, 12, 106, 301, 281, 
0, 46, 371, 206, 380, 102, 
0, 231, 195, 292, 82, 201, 
0, 294, 187, 73, 362, 320, 
0, 348, 117, 30, 264, 300, 327, 
0, 125, 289, 224, 39, 385, 173, 
0, 364, 128, 28, 141, 152, 284, 
0, 44, 398, 78, 136, 92, 178, 
0, 377, 10, 49, 354, 
0, 252, 375, 391, 32, 257, 81, 
0, 393, 155, 130, 16, 225, 
0, 99, 91, 58, 247, 142, 
0, 72, 256, 144, 114, 312, 
0, 186, 217, 233, 208, 288, 389, 
0, 337, 366, 374, 153, 355, 
0, 378, 180, 53, 193, 350, 
0, 76, 218, 343, 215, 131, 
0, 211, 360, 127, 356, 70, 7, 
0, 240, 228, 129, 63, 23, 
0, 55, 266, 239, 306, 321, 333, 
0, 307, 359, 384, 280, 190, 
0, 376, 242, 210, 57, 159, 357, 
0, 212, 200, 120, 65, 373, 
0, 74, 168, 338, 230, 174, 283, 
0, 60, 113, 175, 50, 207, 
0, 379, 31, 293, 329, 101, 
0, 303, 309, 265, 295, 316, 107, 
0, 184, 188, 34, 2, 177, 100, 
0, 282, 17, 400, 203, 116, 
0, 118, 165, 213, 157, 83, 
0, 204, 311, 169, 126, 341, 
0, 236, 302, 75, 61, 42, 
0, 170, 119, 103, 148, 395, 
0, 181, 227, 36, 216, 318, 
0, 232, 24, 156, 249, 238, 271, 
0, 77, 260, 29, 45, 386, 
0, 189, 328, 43, 223, 244, 
0, 315, 274, 185, 322, 
0, 172, 20, 41, 4, 277, 261, 
0, 149, 171, 253, 219, 399, 296, 
0, 317, 275, 163, 273, 344, 
