Solution: 75 92665.790000 115165.790000

0, 149, 296, 266, 123, 164, 
0, 28, 308, 330, 295, 100, 
0, 226, 343, 184, 57, 367, 264, 
0, 34, 7, 113, 11, 293, 
0, 180, 380, 328, 305, 166, 131, 
0, 283, 12, 64, 25, 171, 262, 
0, 93, 124, 1, 56, 269, 
0, 358, 347, 178, 376, 362, 
0, 246, 216, 46, 145, 241, 
0, 185, 198, 16, 89, 
0, 6, 87, 155, 189, 319, 299, 
0, 389, 392, 148, 285, 72, 
0, 375, 84, 197, 340, 132, 
0, 286, 119, 14, 183, 103, 
0, 71, 159, 263, 21, 10, 
0, 153, 105, 252, 117, 193, 
0, 175, 268, 240, 237, 179, 
0, 200, 202, 85, 322, 
0, 80, 47, 68, 259, 372, 70, 
0, 102, 107, 338, 222, 297, 
0, 339, 86, 204, 4, 215, 
0, 192, 196, 133, 253, 353, 128, 
0, 385, 37, 40, 126, 341, 
0, 67, 199, 162, 247, 127, 377, 
0, 58, 53, 374, 138, 335, 54, 
0, 52, 161, 327, 48, 309, 
0, 108, 314, 158, 360, 346, 364, 
0, 300, 134, 325, 230, 174, 260, 
0, 33, 227, 176, 306, 352, 
0, 181, 271, 29, 206, 50, 150, 
0, 104, 99, 301, 270, 121, 
0, 381, 311, 116, 120, 73, 348, 
0, 261, 391, 207, 59, 280, 90, 
0, 82, 130, 112, 214, 294, 
0, 398, 378, 211, 396, 379, 
0, 143, 2, 386, 224, 129, 277, 
0, 282, 168, 276, 137, 135, 35, 
0, 217, 359, 278, 239, 205, 393, 
0, 371, 312, 257, 399, 36, 390, 
0, 258, 94, 318, 8, 91, 238, 
0, 74, 255, 336, 61, 331, 62, 
0, 79, 213, 136, 281, 287, 
0, 321, 365, 9, 77, 118, 
0, 329, 45, 63, 225, 212, 
0, 38, 65, 122, 298, 333, 
0, 366, 188, 201, 368, 317, 66, 
0, 363, 236, 17, 114, 76, 288, 
0, 316, 243, 96, 26, 344, 
0, 284, 69, 232, 274, 32, 
0, 313, 220, 51, 163, 267, 
0, 384, 355, 357, 27, 397, 44, 
0, 157, 173, 18, 169, 356, 
0, 273, 354, 110, 249, 242, 125, 
0, 279, 394, 147, 19, 350, 
0, 203, 337, 302, 98, 154, 345, 
0, 139, 97, 75, 388, 
0, 395, 172, 190, 31, 231, 
0, 141, 332, 310, 167, 140, 
0, 235, 289, 361, 351, 400, 15, 
0, 170, 251, 228, 41, 177, 
0, 304, 265, 245, 194, 326, 334, 
0, 24, 152, 250, 142, 320, 
0, 49, 13, 60, 303, 291, 
0, 78, 229, 106, 39, 272, 
0, 256, 30, 146, 160, 234, 
0, 292, 182, 81, 244, 83, 
0, 369, 23, 55, 5, 221, 
0, 144, 156, 109, 42, 
0, 323, 218, 3, 187, 88, 
0, 186, 370, 383, 43, 191, 387, 
0, 382, 315, 219, 111, 290, 92, 
0, 115, 165, 20, 195, 349, 
0, 342, 223, 307, 254, 324, 22, 
0, 248, 209, 151, 95, 373, 
0, 210, 208, 233, 275, 101, 
