Solution: 79 98354.872000 122054.872000

0, 67, 350, 173, 390, 5, 
0, 222, 232, 228, 321, 4, 82, 
0, 349, 332, 302, 143, 195, 385, 
0, 283, 365, 59, 400, 330, 346, 
0, 305, 14, 124, 85, 278, 145, 
0, 328, 103, 39, 102, 213, 114, 
0, 70, 128, 49, 
0, 135, 193, 76, 139, 250, 
0, 74, 119, 212, 180, 298, 
0, 244, 89, 53, 46, 389, 
0, 181, 335, 275, 122, 81, 
0, 230, 279, 248, 245, 178, 
0, 95, 32, 16, 3, 75, 
0, 225, 287, 208, 156, 
0, 312, 92, 255, 198, 306, 
0, 64, 184, 110, 300, 299, 
0, 337, 374, 188, 146, 341, 
0, 132, 152, 141, 174, 356, 
0, 7, 221, 20, 30, 97, 
0, 134, 91, 243, 172, 
0, 163, 290, 311, 83, 246, 
0, 71, 87, 396, 262, 80, 84, 
0, 153, 265, 111, 345, 12, 19, 
0, 179, 6, 88, 107, 273, 
0, 48, 41, 394, 358, 
0, 240, 201, 50, 123, 197, 
0, 257, 125, 151, 347, 54, 
0, 215, 261, 189, 323, 272, 
0, 387, 204, 336, 27, 294, 393, 
0, 355, 359, 108, 229, 371, 
0, 309, 25, 242, 348, 237, 343, 
0, 223, 210, 106, 168, 252, 129, 
0, 216, 200, 333, 301, 376, 274, 
0, 61, 36, 136, 126, 
0, 293, 383, 38, 218, 354, 
0, 113, 227, 381, 78, 310, 
0, 164, 231, 171, 234, 60, 
0, 352, 158, 199, 322, 161, 
0, 370, 288, 35, 315, 236, 191, 
0, 72, 93, 63, 357, 
0, 65, 77, 264, 105, 
0, 378, 317, 55, 144, 382, 270, 
0, 319, 339, 52, 165, 51, 
0, 120, 360, 104, 398, 34, 
0, 366, 209, 282, 238, 220, 260, 
0, 167, 219, 281, 44, 211, 
0, 137, 292, 127, 1, 169, 392, 
0, 196, 101, 57, 166, 154, 
0, 368, 18, 369, 280, 170, 
0, 295, 112, 9, 40, 176, 
0, 43, 94, 73, 
0, 68, 258, 344, 194, 
0, 320, 192, 399, 388, 
0, 205, 271, 372, 325, 263, 367, 
0, 239, 190, 233, 267, 379, 185, 
0, 384, 99, 307, 175, 259, 
0, 251, 314, 203, 118, 142, 226, 
0, 247, 21, 149, 254, 289, 
0, 45, 329, 326, 23, 131, 28, 
0, 159, 303, 277, 160, 202, 
0, 79, 24, 340, 182, 66, 121, 
0, 375, 304, 62, 361, 26, 
0, 109, 133, 98, 297, 
0, 56, 266, 8, 22, 269, 
0, 33, 162, 207, 187, 338, 
0, 177, 96, 117, 150, 147, 
0, 364, 224, 47, 386, 
0, 353, 140, 214, 296, 380, 
0, 351, 186, 377, 115, 362, 
0, 11, 90, 324, 
0, 391, 316, 217, 313, 334, 
0, 157, 268, 276, 286, 130, 
0, 285, 291, 363, 29, 397, 42, 
0, 155, 342, 138, 253, 15, 
0, 69, 2, 318, 331, 
0, 100, 256, 86, 206, 13, 
0, 116, 17, 31, 235, 327, 
0, 183, 284, 373, 308, 58, 249, 
0, 395, 148, 10, 37, 241, 
