Solution: 75 94529.862000 117029.862000

0, 326, 191, 108, 153, 194, 54, 
0, 317, 109, 59, 90, 84, 198, 
0, 232, 24, 156, 238, 177, 271, 
0, 117, 30, 292, 264, 300, 327, 
0, 62, 18, 51, 205, 333, 
0, 60, 241, 222, 134, 22, 
0, 181, 227, 36, 216, 318, 
0, 392, 182, 157, 369, 396, 121, 
0, 361, 331, 340, 152, 94, 284, 
0, 240, 228, 129, 63, 23, 
0, 242, 210, 57, 159, 69, 98, 
0, 307, 359, 384, 280, 142, 
0, 236, 302, 75, 64, 255, 
0, 313, 17, 400, 203, 116, 
0, 294, 78, 239, 306, 16, 37, 
0, 378, 387, 73, 362, 276, 351, 
0, 291, 139, 214, 14, 87, 
0, 253, 39, 309, 263, 385, 173, 
0, 226, 185, 322, 127, 301, 281, 
0, 55, 52, 334, 319, 8, 244, 
0, 91, 99, 247, 61, 370, 42, 
0, 184, 113, 175, 50, 221, 330, 
0, 231, 195, 375, 162, 101, 
0, 285, 187, 112, 104, 320, 
0, 348, 31, 293, 329, 288, 
0, 46, 371, 206, 380, 105, 201, 
0, 234, 310, 388, 346, 279, 257, 
0, 158, 80, 339, 209, 
0, 96, 358, 169, 126, 341, 
0, 145, 180, 53, 81, 
0, 72, 128, 28, 383, 235, 
0, 85, 266, 223, 398, 308, 267, 
0, 337, 366, 374, 229, 355, 
0, 77, 324, 265, 146, 1, 
0, 212, 200, 120, 65, 373, 
0, 199, 56, 160, 67, 299, 
0, 251, 161, 179, 21, 298, 6, 
0, 44, 196, 97, 19, 68, 
0, 297, 151, 213, 93, 83, 
0, 393, 155, 38, 47, 143, 207, 
0, 123, 275, 163, 124, 332, 
0, 170, 119, 103, 148, 357, 
0, 149, 130, 4, 219, 296, 
0, 269, 252, 391, 32, 350, 
0, 125, 289, 246, 397, 286, 
0, 76, 218, 215, 343, 372, 
0, 379, 325, 138, 140, 82, 353, 
0, 147, 270, 33, 13, 345, 
0, 376, 287, 115, 224, 354, 
0, 262, 349, 167, 136, 92, 178, 
0, 172, 188, 34, 335, 277, 261, 
0, 86, 3, 110, 305, 183, 
0, 135, 303, 360, 273, 344, 
0, 150, 40, 197, 243, 365, 
0, 314, 165, 25, 106, 347, 
0, 364, 304, 35, 352, 141, 
0, 118, 311, 27, 268, 
0, 382, 111, 88, 193, 
0, 278, 171, 20, 41, 225, 
0, 342, 323, 295, 316, 107, 
0, 122, 12, 176, 58, 249, 
0, 211, 248, 237, 258, 132, 
0, 315, 274, 2, 399, 254, 
0, 204, 260, 48, 11, 190, 
0, 89, 166, 15, 250, 26, 272, 
0, 137, 256, 144, 114, 312, 
0, 202, 336, 394, 29, 45, 386, 
0, 381, 245, 164, 102, 368, 
0, 186, 217, 233, 208, 290, 389, 
0, 363, 367, 390, 154, 71, 133, 395, 
0, 377, 10, 49, 220, 192, 
0, 282, 79, 66, 321, 259, 
0, 74, 168, 338, 230, 174, 283, 
0, 189, 328, 43, 95, 131, 
0, 9, 5, 356, 70, 7, 100, 
