Solution: 78 95220.958000 118620.958000

0, 382, 201, 114, 133, 288, 
0, 190, 88, 155, 203, 357, 
0, 39, 400, 83, 267, 217, 258, 
0, 188, 89, 318, 95, 101, 
0, 212, 228, 250, 222, 392, 109, 
0, 145, 113, 265, 123, 
0, 75, 269, 207, 229, 297, 
0, 31, 102, 30, 198, 86, 
0, 107, 328, 370, 343, 64, 254, 
0, 274, 38, 152, 54, 148, 
0, 252, 308, 63, 172, 159, 
0, 362, 200, 52, 14, 292, 
0, 140, 120, 351, 121, 74, 
0, 393, 244, 182, 49, 
0, 175, 85, 223, 260, 256, 13, 
0, 241, 346, 44, 57, 161, 
0, 230, 48, 82, 342, 125, 
0, 62, 154, 210, 341, 324, 333, 
0, 395, 76, 213, 224, 293, 
0, 119, 143, 345, 
0, 249, 243, 235, 277, 
0, 314, 398, 327, 51, 298, 349, 
0, 142, 158, 115, 186, 263, 
0, 326, 330, 150, 24, 199, 
0, 168, 360, 11, 202, 329, 251, 
0, 285, 90, 295, 302, 322, 46, 
0, 116, 270, 93, 26, 16, 
0, 233, 332, 69, 61, 216, 136, 
0, 361, 371, 218, 103, 354, 
0, 367, 359, 238, 280, 227, 
0, 320, 27, 111, 6, 50, 
0, 131, 58, 43, 183, 23, 
0, 301, 388, 104, 127, 22, 
0, 181, 337, 264, 350, 
0, 112, 8, 177, 47, 208, 
0, 383, 36, 257, 311, 33, 
0, 321, 284, 2, 385, 118, 
0, 366, 305, 41, 194, 261, 
0, 130, 162, 363, 283, 248, 
0, 132, 372, 3, 214, 147, 146, 
0, 390, 167, 106, 316, 56, 87, 
0, 10, 365, 151, 59, 266, 
0, 15, 134, 91, 300, 336, 
0, 315, 137, 255, 94, 25, 
0, 45, 149, 185, 240, 
0, 344, 184, 20, 353, 204, 
0, 5, 375, 80, 157, 340, 156, 
0, 79, 234, 209, 99, 164, 
0, 247, 399, 77, 195, 368, 
0, 215, 84, 335, 294, 271, 384, 
0, 66, 67, 138, 
0, 245, 97, 278, 253, 307, 289, 
0, 53, 281, 286, 348, 
0, 170, 18, 364, 37, 
0, 303, 358, 122, 397, 325, 
0, 310, 71, 129, 193, 291, 
0, 377, 163, 28, 355, 139, 
0, 189, 7, 379, 221, 96, 225, 
0, 352, 206, 197, 287, 338, 
0, 387, 187, 220, 21, 306, 
0, 55, 196, 34, 60, 178, 
0, 299, 334, 237, 153, 124, 
0, 226, 282, 9, 165, 205, 
0, 219, 317, 389, 98, 374, 
0, 68, 242, 169, 373, 380, 192, 
0, 232, 110, 180, 65, 319, 279, 
0, 331, 81, 78, 29, 4, 290, 
0, 296, 309, 17, 128, 378, 275, 
0, 92, 239, 246, 1, 
0, 268, 174, 376, 42, 312, 
0, 273, 394, 40, 141, 144, 386, 
0, 236, 259, 166, 135, 73, 211, 
0, 126, 160, 35, 105, 
0, 347, 231, 262, 304, 171, 
0, 391, 381, 32, 396, 100, 356, 
0, 369, 70, 276, 19, 179, 
0, 117, 313, 108, 173, 176, 12, 
0, 323, 272, 72, 191, 339, 
