Solution: 78 95071.368000 118471.368000

0, 360, 11, 129, 300, 291, 
0, 320, 27, 111, 6, 50, 
0, 131, 115, 158, 227, 
0, 331, 81, 78, 29, 4, 290, 
0, 391, 381, 220, 21, 306, 
0, 117, 313, 344, 212, 191, 
0, 226, 282, 9, 165, 205, 
0, 383, 184, 45, 339, 
0, 395, 76, 202, 213, 336, 
0, 230, 48, 82, 342, 125, 
0, 88, 155, 243, 60, 178, 325, 
0, 5, 375, 80, 157, 340, 156, 
0, 296, 309, 17, 128, 378, 275, 
0, 361, 371, 358, 122, 397, 386, 
0, 55, 346, 44, 57, 161, 
0, 112, 8, 177, 277, 
0, 323, 330, 295, 150, 46, 354, 
0, 170, 18, 364, 376, 33, 22, 
0, 142, 90, 302, 304, 171, 
0, 36, 234, 209, 99, 164, 
0, 92, 108, 246, 1, 
0, 387, 399, 195, 187, 100, 356, 
0, 268, 174, 83, 267, 64, 251, 
0, 272, 326, 42, 35, 319, 279, 
0, 79, 218, 103, 298, 349, 
0, 314, 398, 327, 24, 199, 
0, 303, 200, 43, 186, 263, 
0, 119, 143, 283, 248, 
0, 15, 134, 41, 153, 124, 
0, 72, 110, 180, 229, 65, 
0, 126, 160, 273, 105, 
0, 369, 70, 276, 19, 179, 
0, 367, 359, 238, 280, 14, 292, 
0, 10, 365, 151, 59, 266, 
0, 236, 259, 166, 135, 73, 211, 
0, 301, 388, 104, 127, 312, 
0, 31, 102, 30, 198, 86, 
0, 53, 281, 286, 348, 
0, 75, 269, 207, 185, 204, 
0, 393, 244, 49, 47, 208, 
0, 39, 400, 257, 311, 193, 258, 
0, 321, 284, 2, 385, 118, 
0, 362, 58, 52, 183, 23, 
0, 247, 149, 77, 240, 
0, 390, 167, 106, 316, 56, 87, 
0, 116, 270, 93, 26, 16, 
0, 66, 67, 138, 
0, 132, 372, 3, 214, 147, 146, 
0, 232, 222, 250, 297, 392, 109, 
0, 274, 38, 152, 54, 148, 
0, 215, 32, 335, 294, 368, 
0, 239, 196, 34, 37, 
0, 219, 317, 389, 98, 374, 
0, 68, 242, 169, 373, 380, 192, 
0, 315, 137, 255, 94, 25, 
0, 145, 113, 203, 357, 
0, 140, 120, 351, 121, 74, 
0, 241, 363, 123, 264, 350, 
0, 107, 328, 370, 343, 237, 254, 
0, 188, 89, 318, 95, 101, 
0, 130, 285, 162, 345, 
0, 175, 85, 223, 260, 256, 13, 
0, 352, 206, 197, 287, 217, 
0, 310, 71, 91, 194, 261, 
0, 245, 97, 278, 253, 307, 289, 
0, 382, 201, 114, 133, 288, 
0, 377, 163, 28, 355, 139, 
0, 347, 231, 262, 322, 12, 
0, 249, 235, 173, 176, 338, 
0, 189, 7, 379, 51, 96, 221, 
0, 181, 337, 63, 265, 
0, 299, 334, 329, 224, 293, 
0, 252, 308, 182, 172, 159, 
0, 233, 332, 69, 61, 216, 136, 
0, 62, 154, 210, 341, 324, 333, 
0, 366, 305, 84, 396, 271, 384, 
0, 190, 40, 394, 141, 144, 225, 
0, 228, 168, 20, 353, 
