Solution: 76 94569.552000 117369.552000

0, 170, 119, 75, 127, 301, 281, 
0, 55, 52, 334, 47, 143, 37, 
0, 313, 328, 87, 400, 321, 259, 
0, 314, 165, 25, 335, 100, 
0, 393, 155, 130, 16, 225, 
0, 46, 111, 88, 372, 102, 
0, 307, 359, 250, 316, 190, 
0, 60, 241, 38, 319, 8, 267, 
0, 315, 90, 59, 50, 221, 
0, 211, 303, 120, 65, 373, 
0, 184, 188, 34, 2, 277, 261, 
0, 349, 196, 97, 19, 104, 
0, 158, 80, 339, 332, 
0, 376, 242, 210, 57, 159, 357, 
0, 382, 291, 51, 205, 333, 244, 
0, 240, 228, 129, 63, 23, 
0, 9, 200, 5, 64, 69, 98, 
0, 150, 40, 197, 343, 288, 
0, 147, 103, 133, 148, 395, 
0, 89, 166, 15, 107, 213, 
0, 378, 180, 53, 193, 350, 
0, 364, 304, 35, 352, 141, 
0, 204, 311, 169, 126, 341, 
0, 77, 260, 384, 45, 386, 
0, 86, 3, 110, 305, 254, 
0, 202, 336, 394, 356, 42, 
0, 363, 367, 390, 154, 71, 235, 383, 
0, 62, 139, 214, 95, 308, 
0, 85, 266, 239, 136, 92, 178, 
0, 342, 397, 179, 21, 298, 6, 
0, 392, 157, 369, 182, 286, 
0, 236, 302, 29, 247, 142, 
0, 18, 43, 203, 306, 67, 
0, 76, 227, 36, 216, 318, 
0, 125, 289, 224, 39, 385, 173, 
0, 74, 168, 338, 230, 174, 283, 
0, 285, 287, 115, 27, 268, 
0, 337, 309, 265, 295, 272, 26, 
0, 361, 331, 340, 61, 370, 255, 
0, 348, 117, 30, 264, 300, 327, 
0, 379, 325, 138, 140, 82, 353, 
0, 96, 358, 176, 70, 7, 347, 
0, 72, 128, 28, 152, 94, 284, 
0, 137, 256, 144, 114, 312, 
0, 252, 310, 164, 292, 257, 
0, 212, 270, 33, 13, 345, 
0, 145, 269, 391, 279, 344, 
0, 99, 91, 58, 198, 249, 
0, 113, 109, 222, 134, 330, 
0, 17, 167, 112, 68, 220, 
0, 377, 10, 49, 354, 
0, 189, 218, 243, 215, 131, 
0, 186, 217, 233, 208, 290, 389, 
0, 317, 135, 360, 273, 258, 132, 
0, 324, 323, 108, 276, 351, 
0, 294, 31, 293, 329, 365, 116, 
0, 199, 56, 160, 192, 22, 
0, 181, 262, 375, 32, 81, 
0, 123, 275, 163, 183, 124, 
0, 226, 248, 237, 209, 
0, 172, 274, 185, 322, 
0, 297, 151, 121, 396, 93, 
0, 187, 374, 153, 355, 
0, 44, 398, 78, 223, 299, 
0, 231, 195, 101, 162, 368, 
0, 234, 371, 206, 380, 105, 201, 
0, 282, 79, 66, 14, 320, 
0, 161, 246, 263, 194, 54, 
0, 381, 245, 388, 346, 
0, 326, 20, 41, 175, 4, 207, 
0, 387, 366, 229, 146, 1, 
0, 118, 48, 11, 280, 83, 
0, 232, 24, 156, 238, 177, 271, 
0, 149, 171, 253, 219, 399, 296, 
0, 122, 251, 12, 106, 84, 
0, 278, 191, 73, 362, 
