Solution: 78 95038.202000 118438.202000

0, 92, 155, 243, 60, 178, 325, 
0, 366, 305, 41, 153, 194, 
0, 53, 281, 286, 348, 
0, 314, 398, 327, 19, 179, 171, 
0, 362, 58, 52, 183, 275, 
0, 361, 371, 218, 103, 354, 
0, 189, 7, 379, 221, 96, 225, 
0, 331, 81, 78, 29, 4, 291, 
0, 130, 162, 363, 283, 248, 
0, 252, 308, 63, 172, 159, 
0, 170, 18, 364, 246, 312, 
0, 126, 160, 118, 105, 
0, 79, 33, 376, 204, 
0, 132, 372, 3, 214, 147, 146, 
0, 315, 137, 255, 165, 205, 
0, 175, 85, 223, 260, 256, 13, 
0, 352, 206, 197, 287, 50, 
0, 215, 84, 335, 294, 271, 384, 
0, 391, 381, 32, 396, 100, 356, 
0, 393, 244, 378, 49, 182, 
0, 268, 174, 108, 176, 12, 338, 
0, 320, 111, 358, 122, 144, 
0, 68, 332, 69, 169, 261, 
0, 285, 90, 295, 302, 322, 46, 
0, 303, 200, 43, 186, 23, 
0, 241, 326, 42, 35, 319, 279, 
0, 369, 70, 276, 27, 386, 
0, 107, 328, 370, 343, 64, 124, 
0, 230, 48, 82, 342, 125, 
0, 112, 8, 177, 47, 208, 
0, 360, 11, 129, 202, 251, 
0, 236, 259, 166, 135, 73, 211, 
0, 301, 388, 104, 127, 22, 
0, 226, 282, 9, 94, 
0, 75, 269, 250, 353, 
0, 245, 97, 278, 253, 307, 289, 
0, 247, 185, 77, 240, 392, 
0, 310, 71, 213, 237, 254, 
0, 387, 187, 220, 21, 306, 136, 
0, 347, 231, 262, 304, 86, 
0, 15, 134, 91, 300, 336, 
0, 274, 38, 152, 54, 148, 
0, 273, 196, 34, 37, 1, 
0, 140, 120, 351, 121, 74, 
0, 116, 270, 93, 26, 16, 
0, 190, 88, 44, 57, 161, 
0, 39, 400, 83, 267, 217, 258, 
0, 296, 309, 17, 128, 156, 
0, 131, 227, 158, 115, 263, 
0, 145, 113, 203, 357, 
0, 66, 67, 138, 
0, 31, 102, 30, 198, 
0, 390, 167, 106, 316, 56, 87, 
0, 188, 89, 318, 95, 101, 
0, 395, 76, 257, 311, 193, 333, 
0, 149, 399, 195, 61, 216, 368, 
0, 232, 110, 180, 229, 65, 
0, 233, 242, 207, 373, 380, 192, 
0, 382, 201, 114, 133, 288, 
0, 119, 143, 264, 350, 
0, 323, 272, 72, 345, 
0, 62, 154, 210, 341, 324, 290, 
0, 228, 168, 20, 222, 297, 
0, 5, 375, 80, 157, 340, 25, 
0, 321, 239, 2, 385, 109, 
0, 284, 40, 394, 24, 199, 
0, 383, 184, 45, 339, 
0, 117, 313, 344, 212, 191, 
0, 10, 365, 151, 59, 266, 
0, 142, 330, 150, 397, 6, 
0, 36, 234, 209, 99, 164, 
0, 249, 235, 173, 277, 
0, 181, 337, 265, 123, 
0, 299, 334, 329, 224, 293, 
0, 55, 346, 141, 51, 298, 349, 
0, 219, 317, 389, 98, 374, 
0, 377, 163, 28, 355, 139, 
0, 367, 359, 238, 280, 14, 292, 
