Solution: 76 94156.356000 116956.356000

0, 43, 79, 14, 321, 174, 
0, 211, 360, 248, 237, 
0, 86, 3, 110, 305, 254, 
0, 361, 331, 340, 61, 370, 255, 
0, 236, 302, 29, 247, 142, 
0, 297, 151, 48, 11, 280, 
0, 158, 130, 16, 37, 225, 
0, 240, 228, 129, 63, 23, 
0, 60, 241, 222, 134, 259, 
0, 337, 323, 108, 276, 351, 
0, 212, 367, 103, 148, 133, 395, 
0, 234, 245, 164, 344, 
0, 378, 196, 97, 19, 104, 320, 
0, 285, 187, 374, 263, 190, 
0, 307, 359, 397, 107, 286, 
0, 392, 182, 369, 396, 93, 
0, 310, 371, 30, 292, 105, 201, 
0, 314, 165, 15, 250, 316, 26, 
0, 294, 78, 239, 306, 67, 299, 
0, 185, 324, 153, 54, 194, 272, 
0, 326, 387, 366, 229, 355, 
0, 170, 119, 75, 127, 301, 281, 
0, 379, 325, 138, 140, 82, 353, 
0, 291, 18, 51, 333, 244, 
0, 393, 155, 38, 47, 143, 283, 
0, 364, 128, 28, 141, 152, 94, 
0, 262, 349, 167, 136, 92, 178, 
0, 135, 303, 120, 65, 373, 
0, 62, 139, 214, 95, 205, 
0, 231, 32, 193, 350, 
0, 74, 168, 338, 216, 318, 
0, 189, 218, 36, 230, 290, 
0, 342, 309, 265, 39, 385, 173, 
0, 251, 161, 179, 21, 298, 6, 
0, 150, 40, 197, 243, 365, 
0, 46, 111, 88, 372, 101, 
0, 118, 260, 384, 45, 386, 
0, 147, 270, 33, 13, 345, 
0, 317, 109, 59, 90, 268, 
0, 85, 56, 160, 192, 22, 
0, 226, 358, 25, 335, 277, 261, 
0, 315, 274, 2, 70, 7, 100, 
0, 77, 121, 157, 213, 83, 
0, 278, 191, 73, 362, 
0, 72, 256, 144, 114, 312, 
0, 89, 166, 106, 84, 198, 
0, 202, 336, 394, 356, 42, 
0, 44, 199, 112, 68, 220, 
0, 242, 210, 57, 159, 357, 
0, 76, 227, 343, 215, 131, 
0, 232, 113, 175, 50, 330, 
0, 282, 328, 66, 203, 116, 
0, 377, 10, 49, 146, 1, 
0, 172, 20, 4, 124, 183, 
0, 145, 53, 391, 279, 257, 81, 
0, 99, 91, 322, 332, 
0, 149, 171, 253, 219, 399, 347, 
0, 382, 195, 375, 346, 
0, 96, 24, 156, 238, 177, 296, 
0, 181, 266, 223, 398, 308, 207, 
0, 204, 311, 169, 27, 126, 
0, 122, 12, 176, 58, 249, 
0, 376, 287, 115, 224, 354, 341, 
0, 186, 217, 233, 208, 288, 
0, 390, 304, 35, 352, 284, 
0, 363, 137, 154, 71, 235, 383, 
0, 9, 200, 5, 64, 69, 98, 
0, 184, 188, 34, 41, 221, 271, 
0, 381, 117, 206, 264, 300, 327, 
0, 55, 52, 334, 319, 8, 267, 
0, 348, 31, 293, 329, 380, 
0, 180, 80, 339, 209, 
0, 313, 17, 87, 400, 389, 
0, 269, 252, 388, 162, 102, 368, 
0, 125, 289, 246, 295, 
0, 123, 275, 163, 273, 258, 132, 
