Solution: 76 93373.910000 116173.910000

0, 240, 228, 129, 63, 23, 
0, 315, 324, 295, 263, 194, 54, 
0, 158, 130, 305, 254, 
0, 363, 137, 154, 71, 235, 133, 
0, 199, 56, 160, 67, 299, 
0, 9, 367, 5, 64, 69, 98, 
0, 181, 168, 338, 230, 183, 
0, 342, 397, 179, 21, 298, 6, 
0, 381, 117, 206, 264, 300, 327, 
0, 390, 304, 35, 352, 383, 
0, 60, 241, 222, 134, 207, 
0, 393, 17, 112, 68, 220, 
0, 46, 111, 88, 372, 102, 
0, 96, 358, 176, 58, 301, 261, 
0, 275, 163, 3, 347, 124, 
0, 186, 217, 233, 208, 290, 389, 
0, 135, 80, 339, 332, 
0, 184, 309, 265, 39, 385, 173, 
0, 262, 349, 167, 136, 92, 178, 
0, 170, 119, 103, 148, 395, 
0, 376, 242, 210, 57, 159, 357, 
0, 317, 180, 53, 193, 350, 
0, 313, 328, 87, 400, 321, 259, 
0, 145, 269, 388, 346, 279, 257, 
0, 297, 121, 157, 213, 83, 
0, 337, 366, 374, 153, 355, 
0, 379, 325, 138, 140, 82, 353, 
0, 252, 375, 391, 32, 81, 
0, 326, 387, 109, 50, 221, 330, 
0, 91, 99, 247, 61, 42, 
0, 76, 218, 215, 243, 365, 
0, 212, 200, 120, 65, 373, 
0, 361, 331, 94, 340, 370, 255, 
0, 234, 245, 164, 344, 
0, 392, 182, 48, 11, 280, 
0, 89, 166, 29, 45, 386, 
0, 147, 270, 33, 13, 345, 
0, 122, 251, 12, 106, 84, 
0, 62, 139, 51, 205, 244, 
0, 55, 52, 334, 319, 8, 267, 
0, 204, 151, 369, 396, 93, 
0, 118, 311, 169, 126, 249, 
0, 364, 128, 28, 141, 152, 284, 
0, 20, 41, 175, 335, 277, 281, 
0, 202, 336, 394, 356, 142, 
0, 310, 371, 30, 292, 105, 201, 
0, 232, 24, 156, 238, 177, 271, 
0, 278, 191, 73, 362, 
0, 18, 43, 66, 116, 
0, 294, 78, 239, 306, 16, 37, 
0, 172, 188, 34, 4, 225, 
0, 282, 79, 14, 203, 333, 
0, 211, 360, 273, 258, 132, 
0, 72, 256, 144, 114, 312, 
0, 150, 40, 197, 343, 288, 
0, 189, 291, 214, 95, 131, 
0, 44, 59, 90, 25, 198, 
0, 113, 187, 229, 146, 1, 
0, 226, 274, 2, 70, 7, 100, 
0, 307, 359, 246, 316, 107, 
0, 149, 171, 253, 219, 399, 296, 
0, 314, 165, 15, 250, 272, 26, 
0, 161, 323, 108, 276, 351, 
0, 74, 155, 38, 47, 143, 283, 
0, 123, 248, 237, 209, 
0, 86, 110, 185, 322, 
0, 125, 289, 224, 354, 341, 
0, 231, 195, 101, 162, 368, 
0, 236, 302, 75, 127, 
0, 378, 196, 97, 19, 104, 320, 
0, 303, 77, 260, 384, 190, 286, 
0, 285, 287, 115, 27, 268, 
0, 382, 227, 36, 216, 318, 
0, 377, 10, 49, 192, 22, 
0, 85, 266, 223, 398, 308, 174, 
0, 348, 31, 293, 329, 380, 
