Solution: 75 93266.586000 115766.586000

0, 376, 242, 210, 57, 159, 357, 
0, 20, 187, 229, 146, 1, 
0, 123, 275, 163, 273, 344, 
0, 204, 311, 169, 126, 341, 
0, 297, 369, 182, 396, 93, 
0, 393, 155, 319, 38, 47, 207, 
0, 72, 256, 144, 114, 312, 
0, 307, 121, 157, 213, 107, 
0, 363, 137, 154, 71, 235, 133, 
0, 348, 31, 293, 329, 300, 327, 
0, 326, 337, 366, 153, 355, 
0, 189, 328, 43, 87, 244, 
0, 269, 145, 53, 193, 350, 
0, 364, 128, 28, 141, 152, 284, 
0, 161, 359, 246, 316, 142, 
0, 172, 274, 2, 124, 183, 347, 
0, 285, 287, 115, 27, 268, 
0, 62, 18, 51, 67, 299, 
0, 291, 196, 97, 19, 104, 
0, 147, 270, 33, 13, 345, 
0, 226, 248, 237, 258, 132, 
0, 89, 166, 29, 45, 386, 
0, 232, 24, 156, 238, 177, 271, 
0, 96, 358, 25, 335, 277, 261, 
0, 211, 360, 127, 356, 70, 7, 
0, 315, 324, 309, 263, 194, 54, 
0, 85, 56, 160, 192, 22, 
0, 76, 227, 343, 36, 318, 
0, 392, 151, 48, 11, 280, 83, 
0, 180, 195, 375, 32, 81, 
0, 60, 241, 222, 134, 259, 
0, 317, 109, 59, 90, 84, 198, 
0, 9, 367, 5, 64, 69, 98, 
0, 282, 17, 400, 203, 116, 
0, 240, 228, 129, 63, 23, 
0, 55, 52, 334, 230, 174, 
0, 294, 78, 239, 306, 321, 333, 
0, 181, 266, 223, 398, 8, 267, 
0, 150, 40, 197, 243, 365, 
0, 125, 289, 224, 39, 385, 173, 
0, 74, 168, 338, 216, 288, 
0, 361, 331, 94, 340, 370, 255, 
0, 303, 77, 260, 384, 190, 286, 
0, 231, 391, 88, 372, 101, 
0, 378, 387, 73, 362, 276, 351, 
0, 122, 251, 12, 106, 301, 281, 
0, 135, 80, 339, 332, 
0, 379, 325, 138, 140, 82, 353, 
0, 390, 304, 35, 352, 383, 
0, 118, 176, 322, 
0, 185, 323, 265, 295, 
0, 262, 349, 167, 136, 92, 178, 
0, 278, 191, 374, 108, 220, 
0, 342, 397, 179, 21, 298, 6, 
0, 236, 302, 75, 209, 
0, 186, 217, 233, 208, 290, 389, 
0, 382, 79, 66, 14, 205, 
0, 149, 171, 253, 219, 399, 296, 
0, 46, 111, 218, 215, 131, 
0, 313, 139, 214, 95, 308, 
0, 314, 165, 15, 250, 272, 26, 
0, 44, 199, 112, 68, 320, 
0, 91, 99, 247, 61, 42, 
0, 202, 336, 394, 58, 249, 100, 
0, 188, 34, 41, 4, 225, 
0, 212, 200, 120, 65, 373, 
0, 184, 113, 175, 50, 221, 330, 
0, 86, 3, 110, 305, 254, 
0, 377, 10, 49, 354, 
0, 252, 310, 388, 346, 279, 368, 
0, 158, 130, 143, 16, 37, 283, 
0, 381, 245, 164, 162, 102, 
0, 117, 30, 292, 264, 257, 
0, 170, 119, 103, 148, 395, 
0, 234, 371, 206, 380, 105, 201, 
