Solution: 116 144202.716000 179002.716000

0, 5, 365, 508, 153, 273, 421, 
0, 404, 435, 352, 398, 66, 
0, 262, 424, 499, 175, 389, 
0, 79, 380, 28, 129, 68, 
0, 578, 515, 233, 469, 146, 310, 
0, 328, 55, 555, 308, 17, 
0, 270, 152, 98, 557, 537, 
0, 176, 230, 274, 
0, 500, 493, 178, 291, 2, 519, 
0, 283, 327, 193, 171, 286, 
0, 415, 266, 468, 256, 185, 25, 
0, 249, 588, 101, 589, 113, 
0, 130, 245, 137, 208, 234, 
0, 477, 429, 351, 509, 596, 579, 
0, 104, 373, 258, 463, 51, 67, 
0, 411, 160, 241, 145, 97, 
0, 533, 514, 93, 385, 456, 
0, 141, 549, 34, 374, 204, 
0, 300, 138, 257, 134, 237, 
0, 275, 181, 535, 507, 147, 198, 
0, 581, 165, 368, 333, 594, 
0, 332, 95, 529, 449, 483, 
0, 420, 576, 43, 182, 347, 
0, 348, 215, 319, 516, 179, 
0, 531, 502, 315, 526, 384, 
0, 451, 432, 164, 269, 474, 
0, 109, 121, 243, 96, 116, 482, 
0, 128, 302, 288, 440, 31, 546, 
0, 472, 591, 566, 
0, 84, 580, 305, 587, 565, 
0, 252, 517, 363, 430, 501, 
0, 242, 324, 401, 523, 521, 
0, 490, 228, 35, 236, 177, 
0, 558, 90, 214, 494, 307, 
0, 436, 78, 294, 239, 405, 
0, 317, 481, 203, 366, 
0, 277, 428, 213, 412, 301, 3, 
0, 547, 235, 218, 259, 545, 
0, 253, 100, 202, 23, 135, 
0, 418, 226, 219, 484, 38, 19, 
0, 417, 572, 1, 210, 
0, 50, 189, 132, 360, 467, 306, 
0, 76, 330, 316, 287, 14, 161, 
0, 194, 471, 354, 255, 520, 
0, 248, 359, 460, 280, 488, 406, 
0, 61, 124, 375, 205, 564, 279, 
0, 77, 276, 
0, 20, 510, 82, 527, 105, 
0, 397, 75, 357, 54, 212, 
0, 322, 466, 539, 431, 238, 
0, 532, 475, 70, 309, 298, 
0, 197, 444, 439, 356, 254, 158, 
0, 44, 87, 268, 227, 112, 
0, 170, 69, 250, 47, 504, 
0, 169, 388, 26, 232, 211, 206, 
0, 60, 225, 88, 106, 586, 
0, 503, 139, 195, 339, 74, 
0, 118, 99, 216, 
0, 172, 311, 246, 461, 27, 497, 29, 
0, 119, 30, 108, 207, 85, 
0, 144, 9, 478, 553, 409, 154, 
0, 541, 377, 590, 261, 480, 290, 
0, 321, 408, 338, 36, 381, 433, 
0, 403, 400, 543, 376, 
0, 336, 331, 419, 446, 325, 
0, 110, 103, 131, 18, 346, 
0, 46, 455, 476, 465, 187, 
0, 63, 571, 224, 221, 
0, 454, 495, 133, 22, 513, 
0, 45, 72, 48, 293, 168, 498, 
0, 577, 506, 438, 473, 91, 
0, 443, 540, 544, 528, 379, 188, 
0, 314, 447, 496, 372, 142, 
0, 304, 396, 369, 183, 582, 240, 
0, 196, 538, 548, 264, 267, 
0, 209, 272, 355, 122, 445, 
0, 341, 487, 595, 49, 284, 
0, 320, 522, 220, 65, 534, 
0, 470, 11, 453, 151, 459, 
0, 371, 569, 80, 559, 342, 
0, 313, 349, 560, 13, 364, 157, 
0, 223, 561, 574, 155, 303, 6, 
0, 295, 148, 570, 247, 344, 
0, 390, 159, 441, 399, 423, 263, 
0, 413, 518, 393, 222, 536, 180, 312, 
0, 383, 107, 597, 491, 282, 
0, 511, 593, 24, 184, 448, 
0, 551, 7, 260, 53, 457, 485, 
0, 156, 318, 117, 562, 410, 
0, 362, 458, 102, 123, 
0, 575, 550, 21, 542, 416, 
0, 278, 127, 573, 464, 442, 
0, 394, 149, 41, 427, 217, 150, 
0, 192, 402, 583, 
0, 350, 32, 392, 39, 299, 
0, 89, 334, 167, 114, 382, 
0, 136, 489, 512, 4, 
0, 345, 563, 326, 367, 174, 59, 
0, 81, 173, 94, 111, 71, 
0, 426, 530, 584, 125, 358, 
0, 323, 86, 56, 378, 140, 
0, 200, 600, 437, 83, 395, 
0, 407, 329, 335, 422, 199, 462, 
0, 186, 162, 
0, 281, 8, 10, 434, 143, 585, 
0, 554, 64, 16, 556, 567, 231, 
0, 598, 62, 452, 285, 343, 191, 
0, 120, 340, 337, 37, 201, 
0, 391, 568, 57, 40, 52, 
0, 292, 73, 12, 552, 524, 
0, 387, 492, 361, 414, 271, 386, 
0, 15, 58, 33, 229, 265, 
0, 599, 92, 190, 163, 592, 42, 
0, 166, 126, 479, 486, 296, 
0, 297, 353, 370, 244, 425, 505, 
0, 289, 450, 115, 251, 525, 
