Solution: 110 140999.516000 173999.516000

0, 138, 265, 323, 125, 32, 63, 
0, 547, 564, 162, 184, 378, 579, 
0, 187, 304, 262, 38, 288, 284, 
0, 598, 244, 506, 450, 249, 
0, 597, 314, 494, 248, 401, 393, 
0, 292, 376, 177, 237, 119, 567, 
0, 593, 391, 349, 55, 115, 20, 
0, 93, 516, 355, 170, 408, 147, 
0, 140, 436, 30, 342, 234, 446, 
0, 477, 36, 29, 139, 76, 
0, 418, 411, 295, 143, 2, 279, 
0, 577, 104, 481, 486, 133, 422, 
0, 298, 466, 46, 196, 272, 384, 
0, 341, 34, 386, 600, 166, 297, 
0, 252, 568, 88, 431, 83, 
0, 571, 525, 110, 149, 421, 
0, 238, 96, 495, 169, 
0, 587, 335, 90, 487, 424, 74, 
0, 360, 504, 585, 438, 271, 
0, 52, 368, 500, 437, 478, 
0, 8, 137, 457, 106, 483, 
0, 191, 440, 193, 562, 
0, 367, 13, 435, 569, 155, 497, 
0, 530, 428, 412, 51, 287, 
0, 414, 518, 537, 441, 114, 582, 
0, 241, 370, 488, 553, 563, 448, 
0, 218, 546, 317, 369, 164, 
0, 141, 258, 474, 362, 120, 9, 
0, 111, 420, 144, 42, 493, 
0, 507, 152, 206, 48, 259, 596, 
0, 382, 178, 
0, 67, 388, 232, 195, 310, 
0, 307, 80, 377, 165, 375, 
0, 364, 79, 15, 566, 521, 
0, 385, 452, 200, 44, 54, 
0, 117, 400, 565, 102, 464, 472, 
0, 289, 531, 510, 489, 305, 210, 
0, 529, 98, 50, 350, 253, 173, 
0, 251, 381, 413, 415, 599, 380, 
0, 70, 68, 84, 514, 77, 4, 
0, 572, 503, 37, 460, 268, 
0, 267, 85, 58, 226, 
0, 185, 344, 192, 3, 294, 247, 522, 
0, 49, 109, 365, 396, 461, 
0, 573, 511, 148, 33, 225, 308, 
0, 260, 66, 223, 274, 443, 
0, 313, 14, 216, 39, 430, 183, 
0, 476, 160, 303, 490, 348, 
0, 425, 588, 379, 454, 181, 
0, 318, 551, 64, 263, 366, 404, 
0, 315, 59, 539, 243, 407, 
0, 417, 82, 10, 462, 28, 
0, 526, 458, 270, 128, 24, 
0, 266, 326, 56, 45, 508, 426, 
0, 286, 121, 204, 576, 245, 429, 
0, 179, 136, 276, 578, 214, 132, 
0, 291, 176, 113, 353, 338, 
0, 390, 277, 31, 250, 239, 213, 
0, 203, 398, 580, 129, 423, 190, 
0, 153, 161, 595, 432, 78, 
0, 363, 515, 171, 512, 501, 
0, 233, 347, 319, 524, 112, 145, 
0, 62, 327, 331, 91, 471, 21, 
0, 502, 371, 523, 41, 95, 
0, 254, 583, 280, 316, 194, 561, 
0, 357, 101, 467, 221, 163, 468, 
0, 47, 311, 334, 485, 40, 235, 
0, 118, 69, 273, 116, 220, 130, 
0, 296, 352, 433, 107, 372, 434, 
0, 215, 283, 419, 228, 322, 
0, 301, 205, 586, 482, 35, 
0, 575, 180, 558, 23, 591, 
0, 123, 207, 374, 25, 453, 
0, 92, 330, 175, 246, 354, 6, 
0, 527, 282, 150, 549, 534, 217, 
0, 399, 395, 459, 211, 
0, 555, 100, 469, 126, 302, 
0, 87, 182, 278, 242, 496, 410, 
0, 329, 543, 519, 26, 463, 
0, 389, 405, 351, 299, 127, 201, 
0, 293, 321, 397, 540, 146, 
0, 208, 492, 559, 451, 229, 509, 
0, 1, 285, 505, 189, 65, 
0, 340, 402, 373, 7, 479, 281, 
0, 499, 325, 444, 256, 
0, 19, 72, 168, 557, 359, 264, 
0, 332, 556, 406, 157, 
0, 275, 309, 131, 209, 394, 108, 
0, 427, 324, 548, 475, 53, 75, 
0, 570, 491, 536, 581, 97, 167, 
0, 337, 484, 387, 73, 300, 231, 
0, 416, 383, 236, 27, 545, 202, 
0, 447, 71, 60, 346, 61, 
0, 312, 456, 465, 513, 345, 
0, 172, 542, 240, 269, 198, 134, 
0, 86, 498, 336, 333, 361, 439, 
0, 356, 5, 550, 290, 124, 219, 
0, 392, 455, 81, 122, 560, 
0, 528, 11, 538, 142, 57, 339, 
0, 480, 224, 442, 89, 594, 574, 
0, 320, 403, 17, 186, 43, 99, 
0, 22, 227, 199, 473, 174, 
0, 222, 135, 409, 306, 18, 
0, 470, 154, 12, 257, 197, 533, 
0, 212, 449, 520, 554, 589, 
0, 156, 94, 584, 541, 343, 
0, 188, 358, 103, 552, 
0, 532, 151, 158, 16, 230, 159, 
0, 445, 590, 592, 535, 544, 
0, 105, 328, 261, 255, 517, 
