Solution: 112 143284.316000 176884.316000

0, 575, 356, 463, 558, 143, 
0, 419, 434, 571, 188, 592, 
0, 110, 98, 497, 447, 278, 
0, 403, 326, 37, 164, 220, 69, 
0, 559, 73, 515, 288, 173, 401, 
0, 570, 187, 26, 442, 232, 205, 
0, 230, 321, 519, 579, 290, 
0, 451, 224, 445, 179, 
0, 114, 109, 135, 15, 460, 
0, 411, 162, 415, 416, 262, 103, 
0, 169, 166, 414, 239, 280, 
0, 61, 352, 108, 121, 211, 
0, 284, 563, 468, 159, 508, 
0, 535, 354, 435, 158, 586, 119, 
0, 317, 512, 531, 436, 389, 87, 
0, 124, 199, 84, 379, 373, 
0, 498, 429, 194, 21, 470, 
0, 312, 74, 596, 304, 342, 
0, 523, 64, 329, 418, 223, 501, 
0, 291, 80, 151, 35, 
0, 161, 219, 29, 133, 113, 76, 
0, 268, 372, 56, 343, 393, 544, 
0, 450, 550, 240, 147, 564, 
0, 598, 214, 236, 504, 243, 
0, 362, 71, 475, 466, 397, 14, 
0, 200, 301, 339, 22, 322, 2, 
0, 46, 112, 595, 488, 431, 
0, 127, 487, 481, 40, 530, 
0, 91, 410, 344, 129, 
0, 251, 534, 49, 190, 57, 
0, 149, 241, 148, 11, 478, 
0, 517, 364, 134, 140, 547, 
0, 17, 507, 139, 469, 217, 306, 
0, 539, 233, 385, 561, 297, 437, 
0, 457, 88, 272, 313, 546, 184, 
0, 206, 387, 506, 255, 165, 
0, 495, 412, 83, 1, 237, 400, 
0, 524, 368, 485, 118, 282, 
0, 456, 94, 264, 221, 573, 
0, 252, 248, 283, 556, 276, 421, 
0, 390, 3, 7, 336, 258, 
0, 175, 51, 279, 247, 178, 59, 
0, 521, 228, 480, 38, 533, 374, 
0, 52, 562, 585, 249, 266, 381, 
0, 308, 542, 314, 212, 70, 196, 
0, 577, 101, 477, 483, 131, 349, 
0, 464, 145, 122, 176, 285, 
0, 493, 328, 355, 292, 
0, 273, 141, 588, 340, 430, 377, 
0, 522, 261, 75, 376, 370, 459, 
0, 144, 227, 138, 594, 43, 
0, 185, 182, 72, 25, 65, 
0, 335, 424, 413, 50, 529, 132, 
0, 257, 86, 569, 111, 500, 
0, 311, 479, 210, 263, 
0, 81, 197, 310, 286, 215, 
0, 316, 405, 58, 33, 231, 256, 
0, 359, 566, 85, 454, 467, 95, 
0, 417, 441, 319, 32, 357, 
0, 358, 77, 536, 428, 79, 409, 
0, 520, 499, 420, 600, 154, 295, 
0, 309, 120, 259, 13, 
0, 287, 106, 208, 553, 303, 552, 
0, 63, 589, 78, 578, 130, 422, 
0, 117, 62, 267, 568, 302, 465, 
0, 593, 391, 5, 576, 238, 155, 
0, 505, 142, 330, 47, 250, 541, 
0, 386, 474, 68, 425, 514, 104, 
0, 177, 402, 18, 92, 502, 
0, 269, 186, 318, 294, 153, 513, 
0, 16, 490, 271, 351, 583, 307, 
0, 433, 30, 366, 226, 444, 
0, 327, 150, 48, 244, 440, 
0, 516, 455, 567, 126, 209, 
0, 324, 157, 398, 369, 28, 
0, 476, 216, 201, 599, 511, 
0, 246, 345, 353, 305, 298, 496, 
0, 380, 170, 4, 555, 203, 
0, 548, 545, 300, 116, 41, 581, 
0, 341, 299, 587, 489, 396, 34, 
0, 289, 90, 461, 439, 160, 
0, 12, 375, 229, 218, 482, 
0, 388, 350, 60, 274, 235, 458, 
0, 270, 432, 102, 332, 20, 
0, 180, 31, 404, 408, 260, 473, 
0, 320, 55, 560, 23, 446, 
0, 296, 528, 582, 378, 168, 
0, 551, 491, 407, 557, 348, 
0, 146, 99, 462, 27, 152, 277, 
0, 494, 323, 172, 125, 492, 
0, 525, 363, 486, 532, 96, 
0, 399, 191, 163, 
0, 365, 334, 156, 10, 202, 
0, 6, 510, 53, 181, 265, 
0, 174, 453, 347, 484, 394, 66, 
0, 383, 565, 360, 406, 
0, 204, 509, 315, 426, 137, 
0, 93, 325, 254, 100, 115, 
0, 371, 331, 591, 443, 395, 448, 
0, 597, 423, 107, 337, 538, 333, 
0, 234, 574, 584, 245, 338, 
0, 242, 361, 44, 438, 36, 275, 
0, 281, 580, 503, 527, 293, 
0, 572, 54, 67, 42, 225, 
0, 471, 8, 452, 213, 590, 
0, 526, 540, 537, 195, 367, 
0, 82, 128, 384, 427, 39, 253, 
0, 382, 183, 24, 189, 207, 171, 
0, 392, 449, 192, 136, 123, 
0, 19, 222, 167, 549, 554, 
0, 472, 543, 105, 198, 89, 518, 
0, 45, 97, 9, 193, 346, 
