Solution: 114 144380.572000 178580.572000

0, 478, 30, 134, 297, 
0, 434, 28, 263, 290, 539, 
0, 114, 107, 53, 5, 467, 
0, 48, 326, 548, 519, 247, 200, 
0, 303, 73, 572, 123, 567, 
0, 496, 190, 305, 515, 228, 104, 
0, 468, 249, 368, 560, 66, 
0, 205, 409, 585, 584, 187, 267, 
0, 122, 195, 391, 384, 213, 
0, 319, 221, 471, 218, 593, 
0, 352, 514, 387, 381, 160, 517, 
0, 536, 367, 504, 588, 445, 151, 
0, 349, 566, 335, 262, 185, 500, 
0, 458, 157, 594, 175, 480, 
0, 181, 463, 487, 404, 433, 501, 
0, 479, 464, 210, 
0, 138, 88, 555, 196, 168, 
0, 239, 436, 27, 242, 230, 44, 
0, 429, 238, 485, 204, 540, 350, 
0, 12, 386, 14, 281, 
0, 498, 152, 337, 299, 582, 438, 
0, 443, 273, 76, 121, 376, 65, 
0, 499, 150, 106, 207, 86, 231, 
0, 49, 98, 473, 541, 428, 
0, 526, 333, 111, 449, 359, 385, 
0, 522, 291, 592, 586, 390, 129, 
0, 182, 50, 296, 315, 320, 235, 
0, 597, 169, 292, 599, 422, 286, 
0, 266, 137, 243, 91, 472, 
0, 402, 7, 8, 441, 19, 36, 
0, 314, 148, 38, 117, 551, 
0, 546, 124, 33, 253, 595, 
0, 128, 363, 490, 534, 97, 
0, 251, 373, 45, 577, 279, 94, 
0, 283, 474, 537, 77, 110, 
0, 477, 569, 116, 450, 568, 
0, 411, 237, 145, 321, 252, 
0, 544, 149, 590, 354, 261, 21, 
0, 426, 511, 401, 447, 174, 423, 
0, 57, 201, 502, 448, 39, 289, 
0, 61, 591, 295, 282, 
0, 403, 154, 460, 102, 388, 483, 
0, 46, 226, 10, 596, 294, 
0, 18, 457, 341, 22, 3, 
0, 444, 80, 1, 216, 513, 
0, 178, 512, 51, 481, 271, 
0, 306, 158, 328, 506, 193, 
0, 581, 580, 587, 509, 414, 
0, 497, 520, 197, 377, 547, 
0, 383, 461, 199, 
0, 343, 440, 54, 55, 52, 
0, 491, 184, 365, 115, 324, 
0, 209, 63, 162, 42, 192, 
0, 346, 13, 35, 446, 
0, 528, 353, 120, 370, 245, 161, 
0, 394, 301, 451, 543, 211, 
0, 81, 105, 327, 518, 67, 75, 
0, 118, 60, 280, 78, 523, 
0, 298, 159, 505, 43, 222, 
0, 275, 533, 268, 4, 
0, 113, 396, 208, 229, 310, 
0, 521, 84, 141, 217, 355, 
0, 552, 6, 360, 255, 34, 435, 
0, 180, 248, 493, 265, 482, 302, 
0, 309, 79, 223, 375, 215, 
0, 372, 126, 133, 574, 389, 85, 
0, 112, 357, 558, 561, 23, 454, 
0, 361, 494, 164, 417, 
0, 125, 9, 214, 276, 
0, 530, 224, 589, 503, 311, 
0, 92, 344, 364, 427, 143, 188, 
0, 258, 562, 575, 165, 508, 407, 
0, 486, 399, 564, 316, 64, 127, 
0, 538, 469, 488, 119, 531, 130, 
0, 576, 269, 475, 31, 194, 25, 
0, 59, 351, 11, 559, 553, 392, 
0, 108, 430, 254, 186, 395, 
0, 189, 420, 274, 542, 
0, 393, 416, 240, 380, 
0, 20, 70, 287, 489, 358, 
0, 410, 571, 15, 100, 453, 
0, 583, 345, 340, 212, 308, 
0, 578, 476, 146, 300, 220, 95, 
0, 339, 413, 288, 260, 29, 
0, 285, 418, 68, 90, 421, 
0, 259, 277, 462, 439, 140, 
0, 135, 32, 442, 234, 233, 
0, 331, 171, 99, 139, 225, 431, 
0, 342, 72, 71, 24, 507, 
0, 565, 336, 549, 147, 579, 
0, 400, 206, 69, 437, 241, 17, 
0, 176, 101, 284, 524, 484, 257, 
0, 369, 510, 366, 323, 244, 
0, 382, 452, 167, 405, 177, 456, 
0, 58, 56, 246, 37, 203, 
0, 525, 62, 136, 304, 179, 412, 
0, 270, 317, 236, 26, 155, 170, 
0, 495, 347, 41, 432, 93, 
0, 264, 535, 131, 470, 
0, 397, 156, 312, 166, 153, 
0, 307, 87, 318, 103, 379, 556, 
0, 374, 109, 272, 371, 465, 
0, 219, 132, 356, 550, 338, 
0, 527, 96, 172, 573, 256, 47, 
0, 330, 554, 163, 408, 198, 142, 
0, 183, 325, 250, 329, 563, 424, 
0, 459, 398, 600, 313, 
0, 466, 529, 89, 278, 83, 
0, 332, 570, 82, 362, 348, 
0, 322, 74, 516, 40, 532, 
0, 415, 191, 545, 173, 293, 
0, 598, 202, 406, 425, 144, 
0, 2, 232, 492, 378, 16, 
0, 455, 557, 419, 227, 334, 
