Solution: 109 140926.968000 173626.968000

0, 111, 420, 584, 541, 343, 
0, 267, 85, 58, 226, 74, 
0, 266, 162, 564, 184, 250, 446, 
0, 337, 484, 387, 73, 300, 231, 
0, 117, 400, 565, 102, 464, 472, 
0, 414, 518, 397, 372, 28, 
0, 392, 455, 81, 122, 560, 210, 
0, 233, 538, 82, 256, 120, 9, 
0, 298, 37, 150, 460, 353, 132, 
0, 571, 525, 23, 149, 493, 
0, 385, 302, 583, 513, 345, 
0, 251, 355, 101, 467, 221, 281, 479, 
0, 389, 1, 88, 171, 512, 
0, 597, 254, 110, 46, 272, 384, 
0, 315, 59, 539, 243, 253, 
0, 418, 411, 295, 485, 40, 235, 
0, 140, 436, 487, 90, 4, 
0, 203, 398, 580, 178, 
0, 301, 205, 586, 535, 453, 
0, 296, 402, 96, 42, 271, 591, 
0, 87, 182, 358, 288, 284, 
0, 275, 309, 546, 317, 369, 164, 
0, 326, 405, 56, 124, 
0, 593, 391, 349, 55, 115, 20, 
0, 22, 227, 461, 396, 18, 
0, 141, 258, 474, 362, 189, 65, 
0, 222, 270, 365, 306, 
0, 360, 504, 585, 438, 421, 
0, 289, 31, 137, 569, 342, 127, 201, 
0, 93, 516, 415, 242, 496, 410, 
0, 187, 304, 457, 106, 255, 596, 
0, 532, 428, 51, 523, 374, 
0, 153, 161, 595, 432, 78, 
0, 502, 41, 95, 166, 183, 
0, 447, 543, 142, 540, 522, 
0, 286, 121, 204, 576, 245, 429, 
0, 185, 531, 510, 305, 378, 579, 
0, 191, 440, 188, 103, 552, 
0, 277, 30, 489, 57, 146, 
0, 47, 307, 80, 520, 165, 448, 
0, 470, 536, 581, 444, 545, 
0, 312, 98, 135, 409, 145, 
0, 507, 152, 206, 48, 259, 517, 
0, 530, 371, 29, 139, 76, 
0, 156, 94, 495, 169, 264, 
0, 488, 64, 263, 7, 114, 
0, 352, 303, 107, 44, 54, 
0, 218, 151, 158, 16, 482, 
0, 340, 109, 15, 566, 521, 
0, 367, 13, 435, 234, 155, 497, 
0, 138, 265, 323, 125, 32, 426, 
0, 417, 568, 83, 431, 173, 
0, 382, 555, 176, 113, 338, 268, 
0, 136, 104, 481, 486, 133, 422, 
0, 570, 5, 550, 33, 225, 308, 
0, 19, 278, 413, 599, 408, 170, 
0, 215, 283, 157, 2, 6, 
0, 332, 160, 50, 350, 589, 
0, 351, 66, 223, 274, 554, 
0, 551, 492, 556, 228, 229, 401, 
0, 86, 498, 336, 333, 361, 439, 
0, 390, 356, 592, 412, 287, 
0, 252, 71, 505, 45, 508, 159, 
0, 480, 224, 244, 506, 594, 574, 
0, 68, 314, 494, 248, 424, 393, 
0, 572, 368, 437, 549, 
0, 373, 452, 60, 61, 443, 
0, 381, 52, 144, 450, 249, 
0, 212, 449, 407, 10, 462, 
0, 503, 466, 500, 196, 478, 
0, 357, 262, 598, 442, 89, 163, 
0, 445, 590, 269, 514, 77, 202, 
0, 179, 282, 527, 379, 454, 
0, 575, 180, 469, 126, 558, 
0, 476, 537, 200, 441, 582, 
0, 427, 324, 548, 475, 53, 75, 
0, 320, 311, 334, 168, 557, 147, 
0, 425, 588, 534, 276, 181, 217, 
0, 341, 34, 386, 430, 600, 297, 
0, 573, 511, 299, 148, 230, 219, 
0, 477, 36, 12, 257, 197, 533, 
0, 364, 553, 17, 186, 43, 99, 
0, 8, 131, 209, 394, 195, 310, 
0, 399, 395, 459, 211, 
0, 363, 515, 319, 524, 112, 
0, 118, 69, 273, 116, 220, 130, 
0, 172, 193, 70, 587, 562, 544, 
0, 11, 260, 285, 63, 501, 
0, 291, 100, 316, 194, 561, 
0, 542, 240, 335, 84, 129, 
0, 208, 419, 519, 375, 359, 563, 
0, 292, 376, 177, 237, 119, 567, 
0, 293, 192, 3, 294, 247, 339, 
0, 105, 328, 261, 491, 35, 167, 
0, 318, 403, 72, 377, 26, 463, 
0, 529, 321, 456, 280, 346, 434, 
0, 92, 330, 175, 246, 354, 108, 279, 
0, 49, 79, 199, 473, 174, 
0, 577, 331, 327, 578, 214, 21, 
0, 67, 388, 232, 366, 404, 
0, 526, 433, 465, 490, 348, 
0, 547, 344, 559, 143, 451, 509, 
0, 62, 238, 38, 91, 471, 468, 
0, 416, 383, 236, 27, 213, 97, 
0, 499, 154, 325, 290, 239, 483, 
0, 241, 370, 329, 406, 322, 380, 
0, 313, 14, 216, 39, 190, 134, 
0, 528, 347, 458, 128, 24, 
0, 123, 207, 25, 198, 423, 
