Solution: 112 143981.698000 177581.698000

0, 81, 195, 391, 384, 213, 
0, 314, 592, 586, 390, 290, 539, 
0, 112, 357, 558, 561, 23, 454, 
0, 576, 394, 236, 26, 155, 95, 
0, 330, 554, 163, 408, 379, 556, 
0, 283, 474, 537, 244, 421, 
0, 46, 109, 14, 371, 465, 
0, 180, 486, 399, 564, 316, 297, 
0, 309, 232, 492, 40, 235, 
0, 466, 529, 164, 445, 151, 
0, 522, 291, 148, 551, 348, 243, 
0, 491, 184, 365, 115, 324, 144, 
0, 61, 591, 464, 175, 480, 
0, 178, 512, 51, 481, 271, 
0, 530, 224, 30, 134, 67, 75, 
0, 259, 277, 462, 439, 140, 
0, 372, 7, 8, 441, 19, 161, 
0, 108, 430, 254, 186, 579, 
0, 113, 396, 208, 282, 
0, 415, 191, 545, 173, 252, 
0, 443, 128, 292, 376, 422, 
0, 565, 336, 549, 541, 428, 
0, 557, 72, 519, 304, 247, 453, 
0, 495, 347, 595, 310, 
0, 253, 158, 146, 476, 222, 
0, 578, 315, 264, 53, 185, 435, 
0, 346, 156, 318, 381, 160, 
0, 521, 84, 587, 560, 147, 
0, 258, 535, 413, 573, 256, 450, 
0, 12, 477, 533, 446, 
0, 273, 79, 37, 375, 424, 
0, 57, 221, 490, 534, 192, 
0, 597, 536, 99, 139, 225, 431, 
0, 275, 386, 312, 166, 153, 
0, 183, 319, 169, 425, 143, 188, 
0, 458, 157, 594, 329, 563, 215, 
0, 429, 238, 485, 204, 198, 350, 
0, 552, 6, 360, 31, 262, 104, 
0, 369, 510, 366, 323, 110, 
0, 397, 569, 516, 16, 
0, 402, 469, 488, 119, 64, 127, 
0, 479, 295, 189, 420, 274, 210, 
0, 339, 296, 505, 506, 170, 
0, 298, 159, 43, 300, 220, 211, 
0, 528, 353, 328, 370, 311, 
0, 411, 237, 278, 89, 417, 
0, 303, 73, 572, 596, 567, 
0, 59, 598, 447, 406, 174, 423, 
0, 526, 333, 111, 449, 359, 385, 
0, 49, 98, 10, 196, 168, 
0, 511, 401, 13, 42, 97, 
0, 499, 150, 207, 106, 223, 203, 
0, 205, 409, 585, 584, 78, 523, 
0, 546, 154, 460, 102, 388, 483, 
0, 400, 206, 69, 437, 241, 17, 
0, 48, 71, 351, 162, 228, 507, 
0, 527, 96, 172, 260, 29, 
0, 403, 62, 136, 15, 470, 
0, 131, 418, 68, 90, 500, 
0, 382, 452, 167, 405, 177, 456, 
0, 497, 520, 197, 473, 66, 
0, 138, 88, 272, 489, 358, 
0, 135, 32, 133, 574, 389, 85, 
0, 426, 514, 116, 103, 517, 
0, 434, 28, 38, 117, 94, 
0, 544, 149, 590, 265, 482, 36, 
0, 383, 377, 145, 321, 
0, 496, 190, 305, 515, 179, 412, 
0, 393, 416, 240, 380, 
0, 332, 570, 263, 82, 362, 129, 
0, 250, 562, 540, 142, 378, 
0, 209, 63, 461, 268, 65, 
0, 538, 126, 248, 493, 531, 302, 
0, 478, 589, 354, 261, 21, 
0, 122, 105, 229, 130, 187, 267, 
0, 444, 80, 1, 216, 513, 
0, 87, 54, 199, 568, 
0, 266, 171, 502, 448, 39, 289, 
0, 125, 9, 214, 276, 542, 
0, 306, 301, 317, 451, 543, 
0, 114, 107, 575, 5, 467, 
0, 2, 342, 11, 559, 553, 392, 
0, 176, 101, 284, 524, 484, 257, 
0, 581, 70, 555, 281, 47, 
0, 58, 56, 246, 363, 593, 286, 
0, 251, 373, 45, 577, 279, 395, 
0, 20, 226, 287, 550, 338, 
0, 367, 504, 494, 588, 547, 
0, 92, 344, 364, 427, 599, 230, 44, 
0, 374, 249, 368, 123, 294, 
0, 18, 457, 76, 121, 341, 3, 
0, 181, 463, 487, 404, 433, 501, 
0, 525, 269, 475, 194, 34, 25, 
0, 152, 120, 337, 299, 582, 438, 
0, 307, 361, 440, 217, 355, 52, 
0, 459, 398, 313, 600, 93, 
0, 455, 22, 419, 227, 334, 
0, 118, 60, 280, 86, 231, 
0, 410, 571, 100, 320, 200, 
0, 325, 202, 218, 27, 293, 
0, 498, 327, 518, 41, 432, 
0, 349, 566, 335, 165, 508, 
0, 219, 132, 356, 55, 
0, 331, 326, 548, 35, 4, 
0, 285, 33, 503, 193, 245, 
0, 322, 74, 387, 24, 532, 
0, 583, 345, 340, 212, 308, 
0, 468, 580, 141, 509, 414, 
0, 182, 50, 255, 288, 77, 407, 
0, 270, 124, 442, 234, 233, 
0, 343, 201, 137, 91, 472, 
0, 239, 436, 352, 242, 471, 83, 
