Solution: 118 146935.418000 182335.418000

0, 197, 444, 457, 254, 158, 
0, 270, 220, 65, 534, 
0, 407, 329, 335, 199, 125, 422, 
0, 304, 471, 412, 49, 284, 
0, 554, 493, 446, 22, 370, 405, 
0, 61, 235, 218, 259, 520, 3, 
0, 84, 580, 137, 516, 406, 
0, 253, 55, 251, 586, 
0, 413, 518, 393, 222, 536, 180, 312, 
0, 76, 396, 327, 286, 582, 240, 
0, 577, 373, 175, 542, 594, 
0, 420, 576, 43, 182, 473, 
0, 166, 126, 479, 486, 296, 358, 
0, 443, 544, 36, 439, 356, 433, 
0, 110, 103, 131, 540, 2, 
0, 144, 9, 173, 94, 71, 177, 
0, 450, 460, 491, 381, 
0, 194, 475, 70, 526, 384, 
0, 345, 563, 326, 31, 546, 
0, 321, 538, 558, 134, 494, 579, 
0, 477, 429, 351, 509, 307, 
0, 362, 458, 102, 123, 
0, 186, 77, 340, 276, 
0, 176, 81, 230, 274, 
0, 262, 424, 101, 589, 142, 
0, 561, 238, 527, 105, 504, 
0, 209, 272, 122, 23, 445, 
0, 578, 515, 217, 287, 14, 161, 
0, 371, 569, 80, 360, 342, 
0, 192, 402, 216, 
0, 411, 160, 553, 409, 154, 
0, 141, 164, 269, 474, 
0, 86, 56, 208, 234, 140, 
0, 317, 481, 203, 366, 299, 
0, 350, 32, 392, 37, 423, 263, 
0, 260, 53, 69, 185, 25, 
0, 581, 245, 319, 587, 179, 
0, 426, 138, 257, 91, 347, 
0, 572, 82, 1, 210, 
0, 341, 593, 595, 301, 343, 191, 
0, 252, 517, 363, 430, 135, 
0, 323, 50, 90, 214, 273, 421, 
0, 415, 266, 468, 367, 174, 59, 
0, 45, 72, 48, 528, 293, 513, 
0, 330, 181, 316, 198, 147, 
0, 314, 225, 496, 153, 265, 
0, 451, 541, 376, 
0, 397, 353, 495, 244, 562, 
0, 454, 357, 54, 398, 505, 66, 
0, 100, 202, 555, 308, 17, 
0, 128, 302, 26, 232, 211, 206, 
0, 348, 383, 512, 88, 
0, 598, 120, 337, 
0, 359, 401, 4, 229, 
0, 250, 574, 155, 303, 501, 
0, 575, 165, 368, 463, 416, 
0, 226, 219, 379, 346, 
0, 292, 73, 12, 552, 524, 
0, 200, 549, 34, 410, 519, 
0, 390, 159, 24, 184, 448, 
0, 87, 268, 355, 485, 
0, 169, 388, 288, 440, 344, 
0, 156, 511, 583, 
0, 170, 510, 47, 256, 
0, 551, 331, 152, 523, 521, 525, 
0, 289, 107, 597, 227, 112, 
0, 275, 547, 590, 354, 255, 290, 
0, 394, 328, 149, 41, 427, 150, 
0, 470, 11, 453, 151, 459, 
0, 403, 400, 543, 162, 
0, 300, 530, 584, 559, 467, 237, 
0, 196, 599, 478, 432, 267, 
0, 44, 215, 305, 333, 565, 
0, 417, 7, 233, 469, 146, 310, 
0, 278, 452, 96, 285, 
0, 60, 190, 241, 145, 
0, 320, 318, 124, 117, 205, 
0, 281, 8, 10, 434, 143, 498, 
0, 172, 311, 246, 461, 163, 592, 
0, 63, 571, 18, 93, 464, 
0, 322, 92, 111, 236, 386, 
0, 46, 455, 476, 465, 187, 
0, 62, 377, 261, 309, 
0, 248, 387, 492, 361, 414, 271, 29, 
0, 391, 568, 57, 40, 52, 
0, 243, 535, 507, 183, 480, 
0, 283, 193, 171, 369, 298, 
0, 472, 591, 566, 545, 
0, 89, 334, 167, 114, 382, 
0, 490, 228, 35, 264, 395, 
0, 136, 489, 16, 556, 106, 
0, 533, 514, 224, 221, 
0, 332, 95, 529, 449, 483, 
0, 295, 148, 570, 247, 425, 
0, 277, 428, 213, 28, 129, 68, 
0, 408, 64, 33, 364, 231, 
0, 500, 336, 133, 375, 564, 279, 
0, 15, 447, 372, 596, 83, 
0, 522, 98, 557, 537, 157, 
0, 466, 539, 431, 6, 
0, 118, 99, 79, 441, 399, 
0, 418, 291, 178, 294, 484, 38, 19, 
0, 109, 121, 127, 573, 385, 456, 
0, 532, 380, 487, 116, 482, 
0, 297, 75, 212, 374, 204, 
0, 130, 436, 78, 168, 239, 188, 
0, 119, 30, 108, 207, 85, 
0, 531, 502, 315, 39, 201, 
0, 5, 365, 508, 378, 51, 67, 
0, 223, 324, 115, 280, 488, 282, 
0, 104, 189, 132, 548, 306, 462, 
0, 249, 588, 550, 21, 113, 
0, 404, 435, 352, 585, 442, 
0, 503, 139, 195, 339, 74, 
0, 506, 438, 499, 258, 389, 
0, 58, 338, 313, 13, 567, 
0, 20, 560, 349, 419, 325, 97, 
0, 242, 600, 437, 27, 497, 42, 
