Solution: 110 140382.004000 173382.004000

0, 67, 388, 232, 366, 404, 
0, 111, 176, 144, 42, 279, 
0, 418, 411, 293, 295, 485, 40, 
0, 507, 152, 206, 487, 424, 74, 
0, 289, 156, 355, 209, 394, 108, 
0, 8, 137, 457, 106, 155, 130, 
0, 477, 36, 29, 139, 76, 
0, 1, 285, 505, 230, 219, 
0, 138, 383, 236, 27, 239, 483, 
0, 445, 590, 269, 523, 374, 
0, 62, 238, 38, 288, 284, 
0, 526, 525, 110, 149, 493, 
0, 326, 59, 223, 274, 372, 
0, 555, 100, 15, 396, 348, 
0, 140, 436, 30, 342, 234, 497, 
0, 364, 160, 50, 350, 589, 28, 
0, 530, 371, 592, 51, 535, 134, 
0, 502, 41, 95, 166, 183, 
0, 105, 328, 12, 257, 439, 
0, 233, 347, 319, 524, 112, 145, 
0, 254, 180, 302, 316, 194, 561, 
0, 292, 79, 566, 126, 521, 
0, 329, 419, 406, 228, 322, 
0, 425, 588, 379, 578, 268, 
0, 402, 96, 271, 169, 585, 
0, 275, 311, 334, 377, 26, 463, 
0, 363, 515, 539, 431, 253, 
0, 266, 125, 323, 171, 512, 501, 
0, 367, 531, 158, 116, 220, 
0, 499, 154, 121, 576, 245, 429, 
0, 399, 395, 459, 84, 
0, 277, 435, 489, 127, 201, 
0, 381, 376, 177, 173, 146, 
0, 480, 224, 442, 89, 594, 574, 
0, 314, 81, 122, 560, 164, 
0, 312, 98, 465, 490, 434, 
0, 298, 466, 584, 541, 421, 
0, 476, 397, 303, 107, 443, 
0, 87, 182, 358, 552, 211, 
0, 218, 559, 143, 2, 6, 
0, 68, 131, 283, 599, 408, 170, 
0, 416, 265, 444, 32, 545, 
0, 153, 161, 595, 432, 78, 
0, 542, 240, 335, 48, 259, 596, 
0, 86, 498, 336, 333, 361, 544, 
0, 241, 72, 373, 7, 114, 582, 
0, 22, 227, 199, 473, 174, 
0, 208, 492, 556, 451, 229, 509, 
0, 385, 452, 263, 44, 54, 
0, 573, 511, 148, 33, 225, 308, 
0, 382, 327, 331, 214, 471, 21, 
0, 203, 398, 580, 129, 514, 423, 
0, 570, 5, 162, 184, 250, 446, 
0, 296, 352, 60, 200, 61, 
0, 222, 135, 409, 24, 18, 
0, 172, 193, 70, 587, 562, 
0, 337, 484, 387, 73, 300, 4, 
0, 117, 400, 510, 102, 464, 472, 
0, 301, 205, 586, 255, 517, 
0, 598, 244, 506, 450, 249, 
0, 571, 23, 548, 475, 343, 
0, 123, 207, 25, 198, 453, 
0, 547, 564, 550, 290, 16, 213, 
0, 414, 518, 537, 441, 359, 264, 
0, 392, 344, 192, 3, 294, 247, 
0, 528, 11, 260, 256, 63, 426, 
0, 185, 71, 565, 299, 305, 235, 
0, 187, 309, 546, 317, 369, 77, 202, 
0, 141, 258, 474, 362, 189, 65, 
0, 532, 31, 13, 569, 378, 579, 
0, 417, 82, 462, 10, 407, 
0, 49, 109, 365, 306, 554, 
0, 529, 321, 456, 280, 513, 345, 
0, 93, 516, 278, 413, 415, 380, 
0, 597, 304, 188, 103, 91, 468, 
0, 420, 368, 46, 196, 272, 384, 
0, 212, 449, 567, 237, 119, 
0, 577, 104, 481, 486, 133, 422, 
0, 390, 428, 491, 261, 482, 167, 
0, 92, 330, 175, 467, 221, 281, 479, 
0, 356, 151, 412, 287, 
0, 215, 354, 488, 557, 147, 
0, 252, 568, 88, 83, 120, 9, 
0, 267, 85, 58, 226, 
0, 320, 403, 168, 17, 43, 99, 
0, 389, 351, 66, 243, 540, 522, 
0, 179, 136, 276, 181, 454, 217, 
0, 527, 282, 534, 150, 338, 
0, 315, 291, 460, 113, 353, 132, 
0, 593, 391, 349, 55, 115, 20, 
0, 340, 458, 270, 128, 461, 
0, 470, 536, 581, 97, 124, 
0, 318, 551, 64, 186, 553, 563, 448, 
0, 191, 440, 178, 
0, 572, 503, 37, 549, 
0, 360, 504, 495, 438, 591, 
0, 341, 34, 386, 430, 600, 297, 
0, 56, 405, 45, 508, 159, 
0, 19, 101, 246, 157, 210, 
0, 427, 324, 53, 469, 558, 75, 
0, 251, 357, 262, 163, 242, 496, 410, 
0, 118, 69, 273, 90, 231, 
0, 332, 538, 142, 57, 339, 
0, 47, 307, 80, 520, 165, 375, 
0, 455, 494, 248, 401, 393, 
0, 447, 543, 519, 370, 195, 310, 
0, 286, 325, 204, 533, 197, 35, 
0, 313, 14, 216, 39, 190, 
0, 575, 433, 583, 346, 
0, 52, 94, 500, 437, 478, 
