Solution: 114 144097.170000 178297.170000

0, 172, 311, 549, 34, 374, 204, 
0, 390, 159, 441, 399, 259, 520, 
0, 541, 121, 127, 573, 456, 442, 
0, 415, 266, 468, 367, 31, 25, 
0, 577, 373, 175, 542, 421, 
0, 197, 444, 574, 238, 485, 
0, 297, 353, 117, 205, 410, 
0, 248, 387, 492, 361, 414, 271, 29, 
0, 371, 569, 80, 559, 360, 237, 
0, 426, 530, 584, 125, 358, 
0, 411, 160, 553, 409, 519, 
0, 169, 388, 288, 440, 546, 85, 
0, 572, 82, 1, 210, 
0, 551, 260, 53, 69, 457, 504, 
0, 176, 81, 230, 274, 
0, 320, 408, 58, 33, 40, 52, 
0, 472, 591, 566, 545, 
0, 313, 338, 16, 556, 106, 
0, 275, 345, 563, 326, 185, 501, 
0, 300, 138, 257, 91, 389, 473, 
0, 119, 30, 108, 207, 
0, 15, 447, 153, 589, 113, 
0, 394, 328, 7, 41, 427, 150, 
0, 547, 8, 96, 285, 116, 123, 
0, 223, 561, 544, 528, 65, 534, 
0, 118, 593, 24, 184, 448, 
0, 89, 334, 167, 114, 382, 
0, 262, 132, 548, 509, 279, 
0, 362, 458, 102, 218, 
0, 417, 466, 539, 431, 254, 
0, 278, 435, 352, 370, 425, 505, 
0, 321, 64, 220, 523, 521, 19, 
0, 403, 400, 376, 
0, 420, 438, 506, 467, 306, 
0, 156, 393, 512, 4, 229, 567, 
0, 120, 340, 337, 37, 201, 
0, 332, 95, 479, 486, 296, 
0, 253, 100, 202, 308, 17, 
0, 348, 245, 319, 280, 179, 565, 
0, 295, 148, 570, 247, 344, 
0, 330, 181, 316, 198, 147, 
0, 490, 173, 94, 111, 177, 
0, 200, 518, 222, 536, 180, 312, 
0, 396, 193, 327, 286, 582, 240, 
0, 144, 9, 478, 154, 267, 
0, 165, 215, 555, 187, 552, 
0, 503, 62, 452, 224, 221, 
0, 20, 510, 47, 527, 105, 
0, 104, 424, 499, 258, 342, 
0, 109, 246, 349, 560, 13, 364, 265, 
0, 531, 99, 79, 276, 
0, 575, 550, 463, 51, 67, 
0, 511, 139, 195, 339, 74, 
0, 289, 517, 363, 155, 303, 6, 
0, 77, 186, 162, 
0, 543, 235, 216, 
0, 391, 568, 372, 596, 579, 
0, 277, 595, 213, 28, 129, 68, 
0, 242, 460, 115, 251, 586, 
0, 209, 272, 122, 23, 445, 
0, 418, 226, 219, 484, 38, 513, 
0, 532, 475, 70, 369, 171, 183, 
0, 170, 149, 250, 256, 174, 59, 
0, 451, 432, 164, 269, 474, 
0, 318, 331, 419, 22, 405, 
0, 61, 124, 241, 145, 564, 97, 
0, 500, 493, 446, 133, 398, 66, 
0, 365, 508, 496, 214, 347, 
0, 252, 87, 268, 488, 282, 
0, 76, 194, 261, 309, 298, 
0, 46, 455, 12, 333, 158, 
0, 323, 86, 56, 378, 57, 140, 
0, 283, 535, 507, 480, 290, 
0, 128, 302, 26, 232, 211, 206, 
0, 5, 558, 134, 494, 273, 594, 
0, 196, 50, 90, 88, 307, 
0, 60, 136, 489, 592, 386, 
0, 397, 75, 495, 244, 562, 3, 
0, 578, 515, 217, 287, 14, 161, 
0, 45, 72, 48, 293, 325, 
0, 599, 92, 190, 27, 461, 163, 
0, 228, 329, 335, 422, 199, 462, 
0, 249, 588, 101, 21, 416, 
0, 359, 137, 208, 234, 525, 
0, 317, 481, 203, 366, 
0, 141, 600, 437, 83, 395, 
0, 554, 152, 36, 227, 112, 
0, 292, 73, 476, 465, 524, 
0, 413, 522, 98, 557, 537, 157, 
0, 443, 63, 131, 540, 2, 346, 
0, 336, 324, 401, 381, 231, 
0, 341, 428, 487, 301, 343, 191, 
0, 407, 189, 35, 264, 71, 
0, 502, 380, 315, 526, 384, 
0, 581, 84, 587, 516, 406, 
0, 192, 402, 583, 423, 263, 
0, 304, 471, 412, 49, 284, 
0, 598, 243, 10, 434, 143, 498, 
0, 110, 103, 233, 469, 146, 310, 
0, 404, 571, 18, 93, 464, 
0, 470, 11, 453, 151, 459, 
0, 454, 357, 54, 212, 
0, 44, 580, 368, 305, 142, 
0, 314, 225, 576, 43, 182, 
0, 350, 32, 392, 39, 299, 
0, 322, 178, 291, 294, 375, 
0, 130, 436, 78, 168, 239, 188, 
0, 533, 514, 385, 585, 
0, 383, 107, 597, 491, 433, 
0, 538, 55, 355, 430, 135, 
0, 477, 429, 351, 236, 497, 42, 
0, 281, 377, 590, 354, 255, 482, 
0, 270, 450, 439, 356, 379, 
0, 166, 126, 529, 449, 483, 
