Solution: 113 143274.208000 177174.208000

0, 493, 128, 328, 355, 292, 
0, 16, 490, 115, 583, 307, 
0, 341, 299, 587, 489, 396, 34, 
0, 6, 510, 53, 181, 265, 
0, 261, 75, 376, 533, 374, 
0, 525, 8, 452, 389, 
0, 58, 363, 255, 33, 581, 
0, 451, 384, 427, 39, 132, 
0, 523, 186, 318, 294, 218, 28, 
0, 287, 106, 208, 553, 303, 552, 
0, 464, 145, 122, 176, 285, 
0, 551, 491, 407, 322, 348, 
0, 312, 12, 531, 436, 103, 
0, 392, 449, 192, 136, 22, 400, 
0, 433, 30, 366, 226, 444, 
0, 114, 109, 135, 15, 460, 
0, 7, 241, 148, 11, 478, 
0, 251, 60, 274, 235, 409, 
0, 577, 519, 582, 378, 168, 
0, 327, 334, 156, 10, 202, 
0, 252, 74, 567, 596, 209, 
0, 471, 565, 56, 343, 590, 
0, 535, 354, 470, 249, 266, 381, 
0, 291, 80, 151, 35, 
0, 494, 323, 26, 232, 437, 
0, 273, 141, 588, 340, 430, 377, 
0, 269, 308, 387, 506, 360, 406, 
0, 380, 170, 4, 555, 258, 
0, 575, 574, 584, 245, 338, 
0, 570, 187, 441, 442, 32, 57, 
0, 93, 325, 351, 201, 532, 96, 
0, 598, 214, 236, 504, 243, 
0, 134, 364, 248, 438, 36, 275, 
0, 191, 163, 
0, 296, 528, 140, 283, 547, 
0, 317, 512, 116, 213, 41, 
0, 180, 31, 404, 408, 260, 203, 
0, 517, 101, 477, 483, 131, 349, 
0, 45, 97, 9, 126, 342, 
0, 81, 197, 310, 
0, 572, 350, 569, 159, 508, 496, 
0, 399, 539, 233, 443, 395, 448, 
0, 117, 62, 267, 473, 
0, 99, 94, 264, 158, 393, 544, 
0, 146, 230, 37, 164, 220, 69, 
0, 46, 112, 595, 488, 431, 
0, 63, 589, 224, 445, 179, 
0, 390, 3, 102, 282, 70, 196, 
0, 412, 83, 1, 212, 511, 
0, 403, 326, 579, 556, 276, 421, 
0, 110, 98, 497, 447, 278, 
0, 472, 542, 314, 123, 2, 
0, 352, 561, 385, 297, 332, 20, 
0, 359, 566, 85, 454, 467, 333, 
0, 495, 185, 182, 288, 173, 492, 
0, 524, 368, 29, 133, 104, 76, 
0, 311, 479, 210, 263, 
0, 92, 321, 402, 280, 
0, 543, 127, 487, 481, 237, 401, 
0, 316, 405, 64, 370, 153, 459, 
0, 174, 149, 432, 568, 336, 394, 
0, 559, 73, 72, 25, 65, 
0, 417, 257, 468, 190, 178, 59, 
0, 516, 455, 356, 21, 143, 
0, 593, 391, 5, 576, 238, 155, 
0, 52, 562, 585, 538, 87, 
0, 246, 345, 353, 305, 298, 
0, 456, 227, 138, 594, 573, 
0, 526, 540, 515, 40, 530, 
0, 289, 90, 48, 439, 537, 513, 
0, 175, 49, 86, 111, 500, 
0, 284, 563, 319, 42, 225, 
0, 206, 550, 240, 147, 564, 
0, 144, 271, 415, 416, 262, 253, 
0, 520, 499, 420, 600, 154, 295, 
0, 268, 55, 536, 428, 79, 
0, 281, 580, 503, 527, 293, 
0, 19, 222, 167, 397, 14, 
0, 200, 301, 177, 100, 254, 502, 18, 
0, 169, 166, 414, 239, 290, 
0, 358, 300, 375, 229, 244, 440, 
0, 505, 142, 330, 47, 250, 541, 
0, 534, 77, 560, 23, 458, 
0, 498, 429, 461, 304, 346, 
0, 371, 331, 591, 24, 189, 207, 171, 
0, 383, 150, 160, 302, 465, 
0, 597, 423, 107, 586, 435, 119, 
0, 91, 13, 410, 446, 
0, 476, 216, 27, 152, 277, 43, 
0, 362, 71, 475, 466, 193, 549, 
0, 242, 361, 44, 188, 337, 95, 
0, 17, 507, 139, 469, 217, 306, 
0, 161, 424, 413, 50, 113, 
0, 386, 474, 68, 425, 514, 
0, 234, 365, 486, 557, 231, 256, 
0, 388, 51, 279, 247, 125, 
0, 411, 162, 599, 462, 165, 
0, 124, 199, 84, 379, 373, 
0, 204, 509, 315, 426, 137, 
0, 521, 228, 480, 38, 195, 367, 
0, 61, 339, 347, 484, 501, 66, 
0, 457, 88, 272, 313, 546, 184, 
0, 309, 120, 259, 344, 129, 
0, 450, 105, 198, 89, 518, 
0, 419, 434, 571, 221, 592, 
0, 324, 157, 398, 369, 554, 
0, 453, 108, 118, 121, 211, 
0, 522, 372, 194, 463, 558, 
0, 382, 183, 78, 578, 130, 
0, 335, 219, 485, 529, 422, 
0, 320, 54, 67, 482, 
0, 548, 545, 329, 418, 223, 357, 
0, 82, 270, 172, 286, 215, 205, 
