Solution: 114 143149.622000 177349.622000

0, 262, 132, 548, 264, 71, 
0, 20, 510, 82, 527, 105, 
0, 578, 515, 233, 469, 146, 310, 
0, 443, 63, 36, 523, 65, 
0, 44, 87, 268, 227, 112, 
0, 531, 390, 79, 216, 
0, 418, 226, 219, 484, 38, 534, 
0, 50, 90, 424, 214, 307, 
0, 295, 148, 570, 247, 344, 
0, 547, 8, 96, 285, 116, 482, 
0, 403, 400, 543, 376, 
0, 551, 7, 260, 256, 185, 25, 
0, 503, 139, 195, 339, 74, 423, 
0, 391, 568, 372, 596, 579, 
0, 323, 86, 56, 378, 57, 140, 
0, 420, 373, 499, 182, 494, 
0, 575, 550, 463, 51, 67, 
0, 341, 181, 316, 287, 14, 161, 
0, 160, 92, 461, 27, 497, 42, 
0, 144, 9, 178, 291, 2, 513, 
0, 209, 272, 355, 122, 445, 
0, 172, 311, 549, 34, 374, 204, 
0, 426, 530, 584, 125, 358, 
0, 532, 380, 28, 129, 68, 
0, 322, 103, 131, 540, 346, 
0, 470, 11, 453, 151, 459, 
0, 156, 278, 435, 352, 398, 66, 
0, 169, 266, 468, 367, 174, 59, 
0, 362, 458, 102, 123, 
0, 502, 32, 392, 39, 299, 
0, 200, 225, 88, 273, 421, 
0, 196, 124, 331, 419, 325, 386, 
0, 89, 334, 167, 230, 274, 
0, 351, 522, 401, 381, 557, 
0, 136, 489, 512, 4, 106, 
0, 371, 569, 80, 559, 342, 
0, 454, 357, 54, 212, 519, 
0, 581, 165, 368, 333, 524, 
0, 383, 324, 115, 491, 433, 
0, 120, 340, 337, 366, 37, 263, 
0, 186, 162, 
0, 77, 276, 
0, 141, 432, 267, 164, 474, 
0, 176, 81, 114, 382, 
0, 104, 189, 237, 360, 467, 347, 
0, 429, 558, 134, 509, 306, 
0, 46, 455, 476, 465, 187, 
0, 249, 588, 175, 43, 576, 
0, 320, 220, 338, 313, 13, 364, 231, 
0, 277, 595, 428, 412, 49, 399, 
0, 599, 246, 349, 560, 425, 505, 
0, 283, 535, 507, 183, 298, 
0, 159, 593, 441, 24, 284, 
0, 253, 100, 555, 308, 406, 
0, 304, 475, 70, 309, 448, 
0, 128, 302, 26, 440, 546, 85, 
0, 166, 126, 529, 449, 483, 
0, 577, 438, 506, 258, 594, 
0, 451, 478, 154, 553, 409, 
0, 61, 318, 117, 205, 410, 
0, 472, 591, 566, 
0, 275, 345, 563, 326, 31, 150, 
0, 538, 580, 305, 587, 179, 565, 
0, 223, 561, 544, 521, 379, 19, 
0, 328, 55, 251, 586, 
0, 415, 388, 288, 232, 211, 198, 
0, 297, 353, 22, 446, 370, 405, 
0, 598, 243, 10, 434, 143, 498, 
0, 365, 508, 496, 40, 52, 
0, 248, 387, 492, 361, 414, 271, 29, 
0, 411, 173, 94, 111, 177, 
0, 490, 228, 35, 236, 592, 
0, 242, 466, 539, 47, 6, 
0, 394, 149, 41, 427, 217, 206, 
0, 5, 215, 12, 552, 282, 
0, 336, 53, 69, 457, 485, 
0, 289, 107, 597, 439, 356, 158, 
0, 314, 21, 101, 542, 416, 
0, 436, 78, 294, 239, 188, 
0, 413, 518, 393, 222, 536, 180, 312, 
0, 170, 250, 574, 155, 303, 501, 
0, 350, 213, 487, 301, 343, 191, 
0, 109, 62, 452, 224, 221, 
0, 119, 30, 108, 207, 
0, 321, 408, 58, 33, 229, 265, 
0, 477, 600, 437, 395, 83, 163, 
0, 45, 72, 48, 528, 293, 168, 
0, 252, 517, 363, 430, 135, 
0, 396, 193, 327, 286, 582, 240, 
0, 292, 73, 202, 23, 17, 
0, 60, 190, 241, 145, 97, 
0, 192, 402, 583, 269, 
0, 500, 493, 133, 375, 564, 279, 
0, 270, 152, 98, 537, 157, 
0, 317, 481, 203, 184, 201, 
0, 397, 75, 495, 244, 562, 
0, 15, 447, 153, 589, 113, 
0, 554, 64, 16, 556, 567, 
0, 332, 95, 479, 486, 296, 
0, 194, 471, 354, 255, 520, 3, 
0, 130, 533, 514, 385, 585, 
0, 84, 245, 319, 280, 488, 
0, 110, 404, 571, 18, 93, 464, 
0, 359, 137, 208, 234, 525, 
0, 511, 235, 218, 259, 545, 
0, 118, 99, 315, 526, 384, 
0, 407, 329, 335, 422, 199, 462, 
0, 541, 377, 590, 261, 480, 290, 
0, 76, 330, 369, 171, 147, 
0, 348, 450, 460, 516, 142, 
0, 300, 138, 257, 91, 389, 473, 
0, 281, 121, 127, 573, 456, 442, 
0, 197, 444, 238, 431, 504, 
0, 417, 572, 1, 210, 254, 
