Solution: 113 142517.438000 176417.438000

0, 20, 510, 82, 527, 105, 
0, 503, 62, 452, 224, 221, 
0, 323, 86, 56, 208, 234, 140, 
0, 371, 569, 80, 559, 360, 237, 
0, 248, 270, 324, 401, 381, 557, 
0, 558, 90, 499, 473, 389, 
0, 84, 580, 137, 516, 406, 
0, 454, 357, 54, 212, 519, 
0, 170, 250, 574, 155, 303, 501, 
0, 554, 64, 16, 556, 567, 
0, 242, 466, 539, 47, 6, 
0, 110, 404, 571, 18, 93, 464, 
0, 156, 278, 435, 352, 425, 505, 
0, 470, 11, 453, 151, 459, 
0, 441, 235, 195, 259, 399, 
0, 418, 226, 219, 484, 38, 534, 
0, 426, 530, 584, 125, 358, 
0, 192, 402, 583, 74, 423, 
0, 128, 302, 288, 26, 546, 482, 
0, 119, 30, 108, 207, 85, 
0, 332, 95, 529, 449, 483, 
0, 511, 139, 339, 376, 
0, 262, 424, 101, 542, 347, 
0, 477, 429, 351, 509, 596, 579, 
0, 46, 455, 476, 465, 187, 
0, 223, 561, 544, 521, 379, 19, 
0, 304, 396, 70, 309, 480, 290, 
0, 292, 73, 12, 552, 524, 
0, 277, 428, 213, 412, 49, 68, 
0, 598, 120, 337, 
0, 390, 593, 24, 184, 448, 
0, 44, 87, 268, 227, 112, 
0, 531, 99, 79, 216, 
0, 391, 568, 57, 40, 52, 
0, 362, 458, 102, 343, 218, 
0, 104, 373, 175, 258, 214, 494, 
0, 297, 353, 117, 205, 564, 279, 
0, 336, 53, 69, 457, 485, 
0, 502, 380, 28, 129, 384, 
0, 45, 72, 48, 528, 293, 204, 
0, 253, 100, 202, 23, 
0, 200, 600, 437, 83, 395, 
0, 61, 318, 133, 22, 370, 405, 
0, 578, 515, 233, 469, 146, 310, 
0, 249, 588, 550, 21, 113, 
0, 5, 365, 508, 378, 51, 67, 
0, 420, 576, 43, 182, 594, 
0, 348, 215, 305, 333, 565, 
0, 172, 311, 246, 241, 145, 97, 
0, 283, 327, 193, 171, 286, 
0, 328, 55, 251, 525, 
0, 321, 408, 338, 313, 325, 398, 
0, 415, 388, 440, 232, 211, 
0, 532, 194, 330, 369, 298, 
0, 490, 173, 94, 111, 177, 
0, 166, 126, 479, 486, 296, 
0, 81, 167, 114, 382, 274, 
0, 109, 243, 10, 434, 143, 498, 
0, 118, 315, 526, 39, 299, 
0, 397, 75, 495, 244, 562, 
0, 599, 92, 190, 163, 592, 42, 
0, 295, 148, 570, 247, 344, 
0, 581, 245, 319, 587, 282, 
0, 89, 334, 549, 34, 374, 410, 
0, 289, 107, 115, 555, 308, 17, 
0, 475, 471, 354, 255, 520, 191, 
0, 197, 444, 238, 431, 504, 
0, 209, 272, 355, 122, 445, 
0, 314, 450, 597, 491, 433, 
0, 130, 533, 514, 385, 585, 
0, 291, 152, 98, 523, 65, 
0, 577, 438, 506, 467, 306, 
0, 76, 535, 507, 183, 582, 240, 
0, 252, 517, 363, 430, 135, 
0, 300, 138, 257, 91, 342, 
0, 176, 230, 269, 
0, 417, 572, 1, 210, 254, 
0, 413, 518, 393, 222, 536, 180, 312, 
0, 407, 329, 335, 422, 199, 462, 
0, 341, 181, 316, 287, 14, 161, 
0, 350, 32, 392, 37, 201, 
0, 50, 189, 132, 134, 307, 
0, 500, 493, 178, 168, 239, 188, 
0, 60, 349, 560, 13, 364, 231, 
0, 144, 9, 478, 553, 409, 154, 
0, 281, 121, 127, 573, 456, 442, 
0, 196, 228, 35, 264, 71, 
0, 541, 377, 590, 261, 147, 198, 
0, 275, 345, 563, 326, 31, 150, 
0, 403, 400, 543, 162, 
0, 411, 160, 383, 4, 106, 586, 
0, 451, 432, 267, 164, 474, 
0, 322, 103, 131, 540, 2, 346, 
0, 547, 8, 96, 285, 116, 123, 
0, 124, 331, 419, 446, 513, 
0, 436, 78, 294, 375, 3, 
0, 136, 489, 512, 372, 66, 
0, 320, 522, 220, 537, 157, 
0, 359, 460, 280, 488, 179, 
0, 15, 58, 33, 229, 265, 
0, 551, 7, 260, 256, 185, 25, 
0, 387, 492, 361, 414, 271, 386, 
0, 443, 63, 36, 439, 356, 158, 
0, 394, 149, 41, 427, 217, 206, 
0, 141, 461, 27, 236, 497, 29, 
0, 447, 496, 153, 589, 142, 
0, 317, 481, 203, 366, 263, 
0, 169, 266, 468, 367, 174, 59, 
0, 538, 548, 225, 88, 273, 421, 
0, 472, 591, 566, 545, 
0, 575, 165, 368, 463, 416, 
0, 159, 595, 487, 301, 284, 
0, 186, 77, 340, 276, 
