Solution: 114 143248.700000 177448.700000

0, 362, 487, 102, 301, 343, 191, 
0, 320, 554, 64, 313, 13, 364, 231, 
0, 413, 522, 383, 88, 
0, 441, 593, 24, 184, 448, 
0, 248, 270, 324, 115, 488, 282, 
0, 119, 30, 108, 207, 85, 
0, 297, 318, 117, 205, 
0, 490, 173, 94, 111, 177, 
0, 252, 517, 363, 430, 501, 
0, 387, 492, 361, 414, 271, 386, 
0, 470, 11, 453, 151, 459, 
0, 20, 510, 47, 155, 303, 
0, 5, 215, 12, 552, 557, 
0, 228, 329, 335, 422, 199, 462, 
0, 223, 561, 544, 528, 379, 19, 
0, 141, 432, 267, 164, 474, 
0, 144, 9, 478, 553, 409, 154, 
0, 397, 75, 495, 244, 562, 3, 
0, 61, 235, 218, 259, 399, 
0, 50, 90, 424, 214, 307, 
0, 500, 493, 133, 22, 370, 405, 
0, 317, 481, 203, 366, 
0, 275, 345, 563, 326, 31, 25, 
0, 531, 390, 79, 276, 
0, 503, 436, 78, 168, 239, 188, 
0, 443, 63, 131, 540, 2, 
0, 532, 194, 330, 369, 298, 
0, 314, 450, 460, 516, 142, 
0, 281, 121, 127, 573, 456, 585, 
0, 411, 160, 241, 145, 564, 
0, 192, 402, 583, 423, 263, 
0, 328, 55, 251, 525, 
0, 249, 588, 101, 21, 416, 
0, 283, 535, 316, 198, 147, 
0, 472, 591, 566, 545, 
0, 418, 226, 219, 484, 38, 534, 
0, 359, 137, 208, 234, 140, 
0, 420, 499, 175, 542, 347, 
0, 547, 8, 96, 285, 116, 123, 
0, 551, 7, 260, 53, 457, 504, 
0, 451, 600, 437, 83, 395, 
0, 172, 311, 549, 34, 374, 410, 
0, 15, 447, 153, 589, 113, 
0, 45, 72, 48, 293, 325, 398, 
0, 77, 243, 10, 434, 143, 498, 
0, 159, 213, 28, 129, 68, 
0, 76, 471, 309, 507, 183, 161, 
0, 577, 438, 506, 467, 306, 
0, 322, 103, 574, 527, 105, 
0, 156, 543, 590, 354, 255, 520, 
0, 200, 461, 27, 236, 29, 
0, 578, 515, 233, 469, 146, 310, 
0, 170, 250, 185, 256, 174, 59, 
0, 598, 62, 452, 224, 425, 505, 
0, 124, 331, 419, 446, 513, 
0, 407, 189, 360, 548, 497, 42, 
0, 581, 165, 368, 333, 524, 
0, 262, 132, 237, 35, 71, 
0, 246, 349, 556, 4, 106, 586, 
0, 120, 340, 337, 37, 201, 
0, 403, 400, 376, 
0, 84, 245, 319, 280, 491, 
0, 292, 73, 202, 23, 17, 
0, 541, 458, 377, 261, 480, 290, 
0, 89, 334, 167, 230, 269, 
0, 394, 69, 149, 41, 427, 150, 
0, 371, 569, 80, 559, 342, 
0, 304, 475, 70, 171, 286, 
0, 599, 92, 190, 163, 592, 279, 
0, 365, 508, 496, 273, 594, 
0, 417, 444, 210, 1, 135, 
0, 477, 429, 351, 509, 596, 579, 
0, 166, 126, 584, 449, 483, 
0, 291, 152, 401, 537, 157, 
0, 415, 266, 468, 367, 204, 
0, 196, 264, 558, 134, 494, 421, 
0, 104, 373, 258, 43, 576, 182, 
0, 130, 533, 514, 385, 442, 
0, 253, 100, 555, 308, 406, 
0, 575, 550, 463, 51, 67, 
0, 502, 380, 315, 526, 384, 
0, 426, 530, 486, 125, 358, 
0, 277, 595, 428, 412, 49, 284, 
0, 289, 107, 597, 439, 356, 158, 
0, 391, 568, 57, 40, 52, 
0, 538, 580, 305, 587, 179, 565, 
0, 128, 302, 288, 440, 546, 482, 
0, 16, 58, 33, 229, 265, 
0, 336, 220, 98, 523, 521, 
0, 323, 86, 56, 378, 65, 
0, 197, 572, 82, 238, 254, 
0, 332, 95, 529, 479, 296, 
0, 110, 404, 571, 18, 93, 346, 
0, 511, 139, 195, 339, 74, 
0, 295, 148, 570, 247, 344, 
0, 176, 81, 114, 382, 274, 
0, 242, 466, 539, 431, 6, 
0, 109, 353, 178, 294, 375, 97, 
0, 46, 455, 476, 465, 187, 
0, 350, 32, 392, 39, 299, 
0, 169, 388, 26, 232, 211, 206, 
0, 278, 435, 352, 464, 221, 
0, 300, 138, 257, 91, 389, 473, 
0, 341, 181, 287, 14, 217, 485, 
0, 396, 193, 327, 582, 240, 
0, 348, 225, 512, 372, 66, 
0, 321, 408, 338, 36, 381, 433, 
0, 44, 87, 268, 227, 112, 
0, 186, 162, 
0, 454, 357, 54, 212, 519, 
0, 209, 272, 355, 122, 445, 
0, 518, 393, 222, 536, 180, 312, 
0, 60, 136, 489, 560, 567, 
0, 118, 99, 216, 
