Solution: 112 142842.056000 176442.056000

0, 15, 58, 33, 40, 52, 
0, 275, 103, 574, 155, 303, 501, 
0, 104, 373, 175, 258, 214, 494, 
0, 159, 593, 441, 184, 448, 
0, 502, 315, 526, 39, 299, 
0, 248, 359, 137, 463, 51, 67, 
0, 600, 393, 512, 4, 231, 567, 
0, 598, 62, 452, 224, 221, 
0, 415, 266, 326, 41, 427, 150, 
0, 391, 568, 372, 596, 579, 
0, 454, 357, 54, 212, 204, 
0, 323, 86, 56, 208, 234, 142, 
0, 300, 138, 257, 360, 125, 422, 
0, 318, 136, 489, 560, 229, 265, 
0, 297, 75, 117, 205, 
0, 443, 63, 131, 540, 2, 346, 
0, 249, 588, 101, 542, 421, 
0, 197, 572, 82, 431, 254, 
0, 60, 190, 437, 163, 279, 
0, 387, 492, 361, 414, 271, 386, 
0, 186, 77, 340, 337, 
0, 5, 365, 508, 378, 57, 140, 
0, 451, 432, 267, 164, 474, 
0, 345, 563, 468, 367, 174, 59, 
0, 118, 380, 24, 384, 399, 
0, 317, 481, 203, 366, 263, 
0, 403, 400, 543, 376, 
0, 242, 466, 539, 47, 6, 
0, 394, 149, 217, 287, 14, 161, 
0, 331, 152, 98, 523, 521, 
0, 397, 533, 514, 385, 442, 
0, 554, 64, 16, 556, 106, 586, 
0, 120, 55, 210, 238, 485, 
0, 270, 450, 439, 356, 158, 
0, 223, 561, 544, 528, 379, 19, 
0, 551, 260, 53, 69, 457, 504, 
0, 371, 569, 80, 559, 342, 
0, 289, 460, 115, 227, 112, 
0, 194, 475, 70, 369, 171, 183, 
0, 581, 165, 368, 333, 565, 
0, 320, 522, 220, 13, 364, 157, 
0, 110, 404, 571, 18, 93, 464, 
0, 172, 311, 549, 34, 374, 410, 
0, 277, 428, 213, 28, 129, 68, 
0, 192, 402, 583, 74, 423, 
0, 169, 388, 26, 232, 211, 206, 
0, 362, 487, 595, 301, 343, 191, 
0, 321, 408, 338, 313, 325, 398, 
0, 477, 92, 592, 27, 461, 29, 
0, 531, 99, 79, 216, 
0, 426, 530, 584, 199, 358, 
0, 176, 81, 114, 382, 274, 
0, 503, 243, 10, 434, 143, 498, 
0, 209, 272, 355, 122, 445, 
0, 84, 580, 305, 587, 282, 
0, 420, 576, 43, 182, 594, 
0, 599, 577, 506, 438, 91, 347, 
0, 413, 447, 496, 153, 589, 113, 
0, 262, 424, 499, 473, 389, 
0, 200, 518, 222, 536, 180, 312, 
0, 144, 9, 173, 94, 71, 177, 
0, 547, 8, 96, 285, 116, 123, 
0, 341, 181, 316, 198, 147, 
0, 166, 126, 479, 486, 296, 
0, 470, 11, 453, 151, 459, 
0, 304, 471, 412, 49, 284, 
0, 472, 591, 276, 
0, 407, 335, 329, 35, 306, 462, 
0, 314, 90, 273, 88, 307, 
0, 578, 515, 233, 469, 146, 310, 
0, 292, 73, 202, 23, 17, 
0, 541, 458, 102, 195, 520, 3, 
0, 61, 124, 241, 145, 564, 97, 
0, 500, 336, 178, 294, 375, 
0, 170, 328, 7, 256, 185, 25, 
0, 283, 535, 507, 480, 290, 
0, 109, 353, 495, 244, 562, 
0, 228, 429, 509, 236, 497, 42, 
0, 89, 334, 167, 230, 269, 
0, 291, 324, 401, 516, 406, 
0, 196, 538, 558, 134, 467, 237, 
0, 20, 510, 250, 527, 105, 
0, 322, 493, 133, 22, 370, 405, 
0, 396, 330, 261, 309, 298, 
0, 46, 455, 476, 465, 187, 
0, 295, 148, 570, 247, 344, 
0, 76, 193, 327, 286, 582, 240, 
0, 156, 278, 435, 352, 425, 505, 
0, 141, 162, 
0, 281, 121, 127, 573, 456, 585, 
0, 332, 95, 529, 449, 483, 
0, 119, 30, 108, 207, 85, 
0, 253, 100, 555, 308, 381, 
0, 128, 302, 288, 440, 31, 546, 
0, 246, 349, 419, 446, 513, 
0, 44, 215, 12, 552, 524, 
0, 348, 245, 319, 280, 488, 179, 
0, 252, 87, 268, 251, 525, 
0, 411, 160, 553, 409, 519, 
0, 350, 32, 392, 37, 201, 
0, 517, 363, 430, 1, 135, 
0, 225, 575, 550, 21, 416, 
0, 532, 377, 590, 354, 255, 482, 
0, 130, 436, 78, 168, 239, 188, 
0, 511, 139, 339, 566, 
0, 417, 444, 36, 557, 537, 
0, 418, 226, 219, 484, 38, 65, 
0, 383, 107, 597, 491, 433, 
0, 490, 264, 351, 111, 478, 154, 
0, 50, 189, 132, 548, 395, 83, 
0, 45, 72, 48, 293, 534, 66, 
0, 390, 235, 218, 259, 545, 
