Solution: 112 142737.826000 176337.826000

0, 227, 74, 167, 397, 14, 
0, 281, 323, 310, 580, 293, 
0, 246, 345, 353, 305, 298, 
0, 312, 112, 595, 488, 346, 
0, 403, 519, 579, 556, 276, 421, 
0, 175, 51, 279, 247, 178, 59, 
0, 505, 142, 330, 47, 250, 541, 
0, 472, 63, 589, 578, 130, 
0, 392, 127, 507, 15, 564, 
0, 45, 91, 259, 272, 546, 184, 
0, 316, 405, 58, 33, 231, 256, 
0, 598, 214, 236, 504, 243, 
0, 399, 191, 163, 
0, 93, 325, 351, 583, 416, 262, 103, 
0, 523, 186, 48, 439, 537, 513, 
0, 124, 199, 84, 379, 373, 132, 
0, 174, 222, 9, 553, 552, 
0, 390, 3, 7, 568, 465, 444, 
0, 453, 192, 407, 365, 394, 
0, 61, 339, 347, 484, 501, 66, 
0, 534, 77, 274, 235, 482, 
0, 382, 591, 443, 395, 448, 
0, 82, 128, 224, 445, 179, 
0, 331, 187, 148, 286, 215, 503, 
0, 6, 510, 53, 181, 265, 
0, 494, 145, 26, 232, 437, 
0, 296, 528, 582, 378, 168, 
0, 16, 490, 271, 415, 599, 43, 
0, 371, 50, 485, 118, 121, 492, 
0, 242, 361, 249, 44, 188, 338, 
0, 372, 56, 343, 21, 470, 
0, 230, 326, 321, 402, 502, 18, 
0, 52, 562, 585, 586, 435, 119, 
0, 354, 94, 264, 221, 592, 
0, 383, 565, 158, 393, 544, 
0, 309, 97, 567, 126, 209, 
0, 559, 73, 288, 173, 237, 400, 
0, 114, 109, 135, 294, 218, 160, 
0, 495, 324, 334, 557, 10, 
0, 269, 424, 219, 413, 529, 422, 
0, 206, 387, 506, 436, 573, 
0, 204, 509, 315, 426, 137, 
0, 226, 241, 172, 11, 478, 
0, 471, 8, 452, 153, 590, 
0, 526, 540, 515, 40, 530, 
0, 525, 456, 138, 594, 165, 
0, 335, 384, 427, 39, 253, 
0, 268, 55, 560, 410, 23, 446, 
0, 498, 429, 194, 245, 143, 
0, 551, 491, 418, 22, 223, 
0, 380, 170, 4, 555, 203, 
0, 572, 320, 139, 469, 217, 306, 
0, 577, 101, 477, 483, 131, 349, 
0, 570, 257, 468, 190, 57, 500, 
0, 411, 162, 240, 147, 550, 
0, 81, 441, 442, 32, 205, 
0, 291, 80, 151, 35, 511, 
0, 575, 88, 584, 304, 367, 
0, 251, 54, 67, 125, 
0, 169, 166, 414, 239, 290, 
0, 524, 368, 29, 133, 113, 
0, 46, 157, 487, 302, 460, 
0, 358, 12, 531, 213, 41, 581, 
0, 451, 183, 24, 189, 207, 171, 
0, 386, 197, 68, 425, 514, 104, 
0, 200, 301, 177, 100, 92, 280, 
0, 110, 98, 497, 447, 278, 
0, 450, 105, 198, 70, 
0, 412, 83, 1, 212, 
0, 548, 545, 329, 116, 533, 374, 
0, 593, 474, 5, 527, 576, 238, 
0, 522, 318, 375, 229, 244, 440, 
0, 180, 31, 404, 408, 260, 473, 
0, 117, 62, 267, 282, 332, 20, 
0, 185, 182, 72, 25, 65, 
0, 234, 64, 156, 532, 96, 
0, 417, 49, 86, 111, 458, 
0, 341, 299, 587, 489, 396, 34, 
0, 308, 542, 314, 115, 307, 
0, 311, 479, 210, 263, 
0, 493, 328, 355, 292, 
0, 388, 350, 569, 159, 508, 496, 
0, 476, 216, 201, 87, 389, 
0, 362, 71, 475, 466, 193, 549, 
0, 287, 106, 208, 344, 129, 
0, 419, 434, 571, 266, 381, 
0, 261, 75, 376, 370, 459, 
0, 78, 352, 108, 89, 518, 
0, 520, 499, 420, 600, 154, 295, 
0, 521, 228, 480, 38, 369, 431, 
0, 252, 248, 140, 283, 547, 
0, 60, 536, 428, 79, 409, 
0, 144, 254, 164, 37, 220, 69, 
0, 146, 99, 462, 27, 152, 277, 
0, 317, 512, 398, 554, 202, 
0, 270, 432, 102, 377, 76, 
0, 359, 566, 85, 454, 467, 95, 
0, 517, 364, 134, 438, 36, 275, 
0, 289, 90, 120, 13, 303, 
0, 516, 455, 596, 313, 342, 
0, 327, 150, 300, 481, 401, 
0, 284, 563, 319, 42, 225, 
0, 535, 574, 461, 195, 28, 
0, 486, 363, 255, 360, 406, 
0, 17, 449, 123, 136, 322, 2, 
0, 273, 141, 588, 340, 430, 155, 
0, 543, 149, 30, 336, 258, 
0, 464, 391, 122, 176, 285, 
0, 457, 19, 356, 463, 558, 
0, 539, 233, 385, 561, 297, 196, 
0, 597, 423, 107, 337, 538, 333, 
0, 161, 433, 366, 357, 348, 211, 
