Solution: 113 143331.048000 177231.048000

0, 456, 525, 506, 436, 
0, 67, 569, 49, 111, 
0, 170, 490, 351, 555, 203, 
0, 200, 301, 542, 314, 258, 265, 
0, 597, 535, 98, 497, 243, 
0, 230, 326, 321, 402, 131, 349, 
0, 464, 145, 122, 176, 285, 
0, 284, 509, 353, 305, 298, 
0, 359, 566, 85, 454, 467, 95, 
0, 521, 228, 480, 38, 554, 581, 
0, 335, 384, 427, 39, 253, 
0, 63, 270, 432, 568, 66, 
0, 548, 186, 318, 294, 218, 160, 
0, 534, 251, 54, 217, 306, 
0, 520, 499, 420, 600, 154, 295, 
0, 388, 350, 60, 274, 235, 458, 
0, 371, 441, 26, 442, 205, 
0, 570, 257, 468, 190, 57, 500, 
0, 327, 150, 48, 195, 
0, 358, 300, 112, 439, 537, 513, 
0, 117, 62, 267, 529, 422, 
0, 531, 58, 33, 231, 256, 
0, 114, 109, 135, 15, 460, 
0, 246, 345, 315, 410, 23, 
0, 551, 491, 407, 322, 348, 
0, 341, 299, 587, 489, 396, 34, 
0, 204, 120, 595, 488, 431, 
0, 252, 74, 567, 596, 209, 
0, 77, 536, 428, 79, 409, 
0, 417, 563, 319, 32, 357, 
0, 110, 94, 264, 158, 393, 544, 
0, 16, 99, 240, 147, 564, 
0, 273, 141, 588, 340, 430, 377, 
0, 281, 580, 503, 527, 293, 
0, 81, 197, 29, 133, 76, 
0, 268, 55, 560, 344, 129, 446, 
0, 296, 528, 582, 378, 168, 
0, 486, 363, 255, 532, 96, 
0, 17, 449, 324, 72, 25, 65, 
0, 392, 127, 507, 302, 465, 444, 
0, 362, 71, 475, 466, 397, 549, 
0, 575, 574, 584, 304, 367, 
0, 403, 248, 140, 283, 547, 
0, 543, 149, 336, 172, 125, 
0, 180, 31, 404, 408, 260, 473, 
0, 472, 589, 78, 578, 130, 
0, 19, 356, 21, 538, 333, 
0, 312, 97, 167, 126, 342, 
0, 6, 510, 53, 599, 462, 277, 
0, 46, 545, 156, 10, 202, 
0, 516, 455, 463, 558, 143, 
0, 457, 88, 272, 313, 546, 184, 
0, 161, 352, 108, 89, 518, 
0, 522, 372, 56, 343, 533, 374, 
0, 405, 64, 557, 550, 
0, 411, 271, 115, 583, 307, 
0, 382, 591, 443, 395, 448, 
0, 383, 565, 360, 406, 
0, 206, 387, 201, 165, 43, 
0, 493, 328, 355, 292, 
0, 7, 241, 487, 481, 401, 
0, 386, 474, 68, 425, 514, 104, 
0, 174, 433, 30, 366, 226, 492, 
0, 144, 164, 37, 92, 502, 18, 
0, 12, 375, 229, 244, 440, 
0, 380, 166, 477, 483, 290, 
0, 311, 479, 210, 263, 
0, 476, 216, 27, 152, 278, 
0, 289, 90, 461, 13, 14, 
0, 399, 191, 163, 
0, 593, 391, 5, 576, 238, 155, 
0, 309, 91, 259, 426, 137, 
0, 316, 329, 157, 398, 369, 28, 
0, 317, 512, 116, 213, 41, 
0, 450, 105, 198, 70, 196, 
0, 45, 222, 9, 193, 346, 
0, 124, 199, 84, 379, 373, 132, 
0, 331, 187, 148, 286, 11, 478, 
0, 505, 142, 330, 47, 250, 541, 
0, 287, 106, 208, 553, 303, 552, 
0, 269, 424, 219, 413, 50, 113, 
0, 308, 334, 418, 365, 
0, 498, 429, 194, 245, 470, 
0, 451, 183, 24, 189, 207, 171, 
0, 517, 364, 134, 438, 36, 275, 
0, 169, 101, 414, 239, 280, 
0, 494, 323, 310, 232, 225, 482, 
0, 419, 434, 571, 266, 381, 
0, 453, 192, 136, 123, 2, 
0, 523, 423, 107, 337, 221, 592, 
0, 242, 361, 249, 44, 188, 338, 
0, 412, 83, 1, 212, 
0, 146, 4, 177, 100, 69, 181, 
0, 52, 562, 585, 586, 435, 119, 
0, 175, 51, 279, 247, 178, 59, 
0, 559, 73, 288, 173, 237, 400, 
0, 572, 469, 139, 42, 215, 
0, 291, 80, 151, 35, 
0, 598, 236, 214, 87, 389, 
0, 61, 339, 347, 484, 394, 511, 
0, 261, 75, 376, 370, 459, 
0, 82, 128, 224, 445, 179, 
0, 93, 325, 254, 504, 447, 220, 
0, 390, 3, 102, 282, 332, 20, 
0, 524, 368, 485, 118, 121, 211, 
0, 471, 8, 452, 153, 590, 
0, 539, 233, 385, 561, 297, 437, 
0, 577, 579, 519, 556, 276, 421, 
0, 354, 227, 138, 594, 573, 
0, 526, 540, 515, 40, 530, 
0, 234, 162, 415, 416, 262, 103, 
0, 495, 185, 182, 22, 223, 501, 
0, 320, 86, 159, 508, 496, 
