Solution: 113 143742.816000 177642.816000

0, 403, 326, 579, 239, 280, 
0, 144, 254, 37, 164, 278, 
0, 311, 479, 384, 427, 207, 171, 
0, 341, 299, 489, 396, 430, 155, 
0, 64, 329, 481, 40, 530, 
0, 327, 398, 116, 41, 581, 
0, 261, 75, 376, 533, 374, 
0, 52, 562, 585, 586, 435, 119, 
0, 206, 214, 201, 462, 277, 
0, 110, 98, 497, 467, 18, 
0, 525, 318, 300, 369, 431, 
0, 46, 112, 595, 488, 346, 
0, 498, 429, 461, 304, 143, 
0, 6, 510, 53, 181, 265, 
0, 308, 334, 10, 557, 550, 
0, 335, 524, 485, 50, 395, 
0, 312, 535, 504, 447, 243, 
0, 200, 301, 542, 314, 258, 203, 
0, 19, 222, 567, 596, 209, 
0, 161, 591, 443, 24, 448, 
0, 572, 320, 139, 469, 217, 306, 
0, 380, 31, 328, 355, 292, 
0, 390, 3, 102, 282, 
0, 291, 80, 151, 35, 
0, 170, 177, 100, 115, 307, 
0, 269, 424, 219, 413, 529, 422, 
0, 54, 67, 42, 225, 482, 
0, 471, 8, 452, 213, 153, 
0, 494, 323, 172, 125, 492, 
0, 593, 391, 5, 576, 293, 
0, 505, 142, 330, 47, 250, 541, 
0, 331, 233, 385, 561, 297, 437, 
0, 548, 545, 157, 554, 370, 459, 
0, 289, 91, 259, 344, 129, 
0, 493, 128, 210, 39, 179, 
0, 17, 449, 192, 123, 212, 
0, 392, 339, 432, 336, 226, 444, 
0, 174, 109, 569, 428, 235, 458, 
0, 246, 345, 353, 305, 298, 496, 
0, 234, 365, 486, 532, 96, 
0, 598, 387, 506, 360, 406, 
0, 388, 350, 60, 274, 79, 409, 
0, 185, 182, 72, 25, 65, 
0, 45, 71, 272, 313, 546, 184, 
0, 456, 227, 138, 594, 573, 
0, 281, 580, 310, 286, 11, 527, 
0, 242, 361, 249, 44, 188, 338, 
0, 433, 30, 366, 332, 20, 
0, 522, 150, 48, 439, 537, 513, 
0, 22, 418, 407, 223, 501, 
0, 417, 257, 441, 232, 205, 
0, 450, 105, 198, 70, 196, 
0, 523, 186, 120, 13, 14, 
0, 570, 187, 26, 442, 32, 57, 
0, 520, 499, 420, 600, 154, 295, 
0, 517, 364, 582, 378, 528, 283, 
0, 412, 83, 1, 237, 400, 357, 
0, 521, 228, 480, 38, 195, 367, 
0, 419, 434, 571, 266, 95, 
0, 382, 199, 84, 379, 373, 132, 
0, 372, 194, 463, 558, 
0, 457, 88, 356, 21, 470, 
0, 575, 574, 584, 245, 333, 
0, 114, 526, 507, 15, 460, 465, 
0, 156, 363, 255, 165, 43, 
0, 597, 423, 107, 337, 538, 381, 
0, 117, 62, 118, 121, 377, 
0, 316, 405, 58, 33, 231, 256, 
0, 386, 474, 68, 425, 514, 104, 
0, 180, 404, 539, 408, 260, 
0, 472, 371, 78, 578, 130, 
0, 252, 519, 454, 556, 276, 421, 
0, 124, 368, 29, 133, 113, 76, 
0, 551, 491, 136, 322, 2, 
0, 516, 455, 9, 193, 397, 
0, 476, 216, 236, 27, 152, 220, 
0, 169, 166, 414, 168, 290, 
0, 559, 73, 515, 288, 173, 401, 
0, 453, 347, 484, 394, 348, 211, 
0, 284, 563, 319, 159, 508, 
0, 495, 324, 540, 294, 218, 160, 
0, 61, 352, 108, 89, 518, 
0, 543, 127, 487, 568, 66, 
0, 273, 141, 588, 340, 
0, 146, 99, 240, 147, 564, 
0, 464, 145, 122, 176, 285, 238, 
0, 359, 566, 248, 85, 547, 
0, 86, 468, 190, 500, 
0, 149, 241, 148, 215, 503, 
0, 230, 321, 402, 92, 502, 69, 
0, 268, 55, 560, 410, 23, 446, 
0, 399, 191, 163, 
0, 251, 534, 135, 302, 202, 
0, 411, 162, 415, 416, 262, 103, 
0, 90, 56, 343, 590, 28, 
0, 354, 94, 264, 221, 592, 
0, 362, 74, 475, 466, 549, 
0, 358, 77, 536, 49, 111, 
0, 309, 97, 167, 126, 342, 
0, 93, 325, 4, 583, 599, 511, 
0, 317, 512, 531, 436, 389, 87, 
0, 270, 7, 267, 473, 
0, 175, 51, 279, 247, 178, 59, 
0, 12, 375, 229, 244, 440, 
0, 577, 101, 477, 483, 131, 349, 
0, 16, 490, 271, 351, 555, 
0, 287, 106, 208, 553, 303, 552, 
0, 296, 140, 134, 438, 36, 275, 
0, 82, 63, 589, 224, 263, 
0, 451, 183, 189, 445, 253, 
0, 383, 565, 158, 393, 544, 
0, 204, 509, 315, 426, 137, 
0, 81, 197, 587, 478, 34, 
