Solution: 112 143582.432000 177182.432000

0, 113, 418, 360, 31, 194, 407, 
0, 585, 59, 189, 420, 274, 210, 
0, 478, 69, 437, 518, 17, 
0, 343, 201, 137, 243, 252, 
0, 597, 364, 425, 427, 481, 144, 
0, 209, 562, 288, 5, 467, 
0, 128, 2, 376, 216, 203, 
0, 525, 238, 232, 492, 247, 200, 
0, 49, 98, 10, 596, 294, 
0, 330, 349, 566, 335, 34, 25, 
0, 538, 126, 133, 574, 389, 127, 
0, 455, 22, 419, 227, 334, 
0, 557, 72, 519, 304, 179, 412, 
0, 58, 56, 246, 363, 553, 392, 
0, 477, 569, 116, 160, 517, 
0, 303, 73, 572, 123, 567, 
0, 138, 88, 272, 489, 358, 
0, 429, 190, 80, 1, 433, 404, 
0, 182, 50, 505, 315, 470, 
0, 125, 9, 214, 276, 
0, 181, 463, 487, 223, 65, 
0, 393, 416, 240, 380, 
0, 522, 291, 148, 551, 348, 
0, 92, 344, 169, 599, 422, 513, 
0, 403, 154, 460, 102, 241, 
0, 331, 411, 237, 145, 83, 423, 
0, 183, 325, 351, 268, 4, 417, 
0, 20, 226, 555, 281, 421, 
0, 410, 442, 234, 233, 
0, 176, 101, 284, 524, 484, 257, 
0, 495, 347, 41, 432, 93, 
0, 298, 510, 366, 323, 244, 
0, 12, 386, 516, 16, 
0, 491, 184, 365, 115, 324, 
0, 122, 195, 391, 384, 213, 
0, 527, 559, 63, 162, 11, 507, 
0, 352, 514, 533, 446, 192, 
0, 57, 221, 447, 406, 471, 174, 
0, 105, 327, 398, 600, 313, 
0, 383, 494, 164, 579, 
0, 135, 485, 408, 379, 556, 
0, 167, 224, 30, 134, 67, 75, 
0, 576, 394, 301, 451, 543, 85, 
0, 258, 269, 475, 262, 185, 435, 
0, 468, 249, 368, 560, 52, 
0, 498, 152, 337, 299, 582, 438, 
0, 583, 345, 340, 212, 308, 
0, 430, 186, 254, 541, 428, 
0, 251, 373, 45, 577, 279, 395, 
0, 319, 250, 292, 329, 563, 215, 
0, 511, 401, 13, 42, 97, 
0, 578, 476, 146, 300, 220, 95, 
0, 530, 317, 236, 26, 155, 211, 
0, 332, 570, 263, 82, 362, 129, 
0, 18, 457, 76, 121, 341, 3, 
0, 372, 7, 8, 441, 19, 161, 
0, 46, 70, 196, 287, 168, 
0, 369, 255, 575, 165, 508, 
0, 528, 353, 120, 370, 245, 193, 
0, 546, 124, 33, 253, 311, 
0, 61, 591, 295, 282, 
0, 581, 580, 587, 509, 414, 
0, 346, 333, 318, 103, 450, 
0, 565, 336, 549, 147, 547, 
0, 459, 229, 177, 456, 
0, 112, 357, 558, 561, 23, 454, 
0, 443, 273, 490, 534, 593, 286, 
0, 521, 84, 141, 217, 355, 
0, 496, 342, 71, 515, 228, 104, 
0, 270, 248, 493, 265, 261, 21, 
0, 275, 111, 449, 359, 378, 
0, 554, 163, 387, 35, 568, 
0, 306, 158, 328, 482, 36, 
0, 108, 99, 139, 225, 321, 
0, 536, 367, 504, 588, 445, 151, 
0, 307, 361, 440, 377, 55, 
0, 396, 208, 81, 452, 405, 297, 
0, 486, 399, 564, 316, 64, 483, 
0, 426, 466, 529, 89, 278, 431, 
0, 87, 54, 199, 385, 
0, 264, 535, 131, 320, 235, 
0, 544, 149, 590, 354, 388, 302, 
0, 415, 191, 545, 91, 472, 
0, 219, 132, 356, 550, 338, 
0, 479, 464, 175, 480, 
0, 314, 592, 586, 390, 290, 539, 
0, 178, 512, 51, 143, 188, 
0, 497, 520, 197, 473, 66, 
0, 239, 436, 173, 242, 230, 44, 
0, 374, 109, 14, 371, 465, 
0, 339, 296, 159, 43, 222, 
0, 114, 107, 136, 312, 166, 153, 
0, 322, 74, 461, 198, 142, 
0, 434, 28, 38, 117, 94, 
0, 259, 277, 462, 439, 140, 
0, 402, 469, 488, 119, 531, 130, 
0, 48, 326, 548, 381, 24, 532, 
0, 400, 206, 589, 503, 506, 170, 
0, 552, 6, 413, 573, 256, 47, 
0, 309, 79, 37, 375, 424, 
0, 266, 171, 502, 448, 39, 289, 
0, 283, 474, 537, 77, 110, 
0, 526, 96, 172, 260, 29, 
0, 180, 62, 571, 15, 100, 453, 
0, 118, 60, 280, 78, 523, 267, 
0, 444, 32, 305, 40, 501, 
0, 598, 202, 218, 27, 293, 
0, 397, 156, 204, 540, 350, 
0, 285, 53, 68, 90, 500, 
0, 499, 150, 106, 207, 86, 231, 
0, 205, 409, 382, 584, 187, 310, 595, 
0, 458, 157, 594, 271, 542, 
