Solution: 113 144323.004000 178223.004000

0, 359, 248, 140, 283, 547, 
0, 77, 569, 159, 508, 496, 
0, 169, 166, 414, 239, 276, 421, 
0, 62, 108, 267, 473, 
0, 371, 443, 161, 24, 189, 448, 
0, 45, 91, 259, 272, 546, 184, 
0, 127, 139, 469, 217, 306, 
0, 352, 241, 172, 125, 
0, 296, 528, 582, 378, 168, 
0, 535, 354, 435, 158, 393, 544, 
0, 521, 228, 480, 38, 195, 28, 
0, 472, 543, 542, 314, 70, 
0, 252, 454, 85, 556, 467, 95, 
0, 320, 86, 49, 111, 
0, 526, 540, 515, 25, 65, 
0, 281, 580, 310, 489, 34, 
0, 551, 491, 407, 22, 501, 
0, 495, 412, 83, 1, 211, 
0, 146, 490, 271, 416, 262, 253, 
0, 174, 112, 120, 13, 23, 
0, 327, 565, 116, 41, 581, 
0, 405, 64, 557, 550, 
0, 270, 30, 102, 282, 121, 
0, 419, 434, 571, 221, 592, 
0, 559, 73, 288, 173, 237, 401, 
0, 411, 162, 415, 599, 511, 
0, 476, 216, 462, 27, 152, 220, 
0, 341, 124, 199, 224, 445, 179, 
0, 185, 182, 481, 40, 530, 
0, 117, 433, 366, 400, 348, 66, 
0, 16, 99, 240, 147, 
0, 81, 197, 587, 527, 293, 
0, 464, 145, 122, 176, 285, 
0, 175, 51, 279, 247, 178, 59, 
0, 312, 55, 315, 426, 458, 
0, 572, 54, 67, 42, 225, 
0, 577, 101, 477, 483, 131, 
0, 520, 499, 420, 600, 154, 295, 
0, 509, 536, 428, 79, 137, 
0, 273, 141, 588, 340, 529, 196, 
0, 548, 186, 318, 229, 244, 440, 
0, 399, 191, 82, 163, 
0, 149, 432, 336, 226, 492, 
0, 331, 591, 413, 50, 395, 
0, 114, 109, 135, 15, 460, 
0, 380, 170, 4, 555, 258, 
0, 93, 325, 351, 583, 115, 307, 
0, 498, 429, 461, 343, 143, 
0, 522, 97, 9, 193, 346, 
0, 287, 106, 208, 553, 303, 552, 
0, 324, 334, 156, 10, 
0, 309, 525, 506, 255, 165, 43, 
0, 493, 128, 328, 355, 292, 
0, 358, 74, 567, 126, 558, 
0, 362, 71, 475, 466, 397, 14, 
0, 230, 326, 321, 402, 349, 
0, 523, 345, 353, 305, 298, 409, 
0, 234, 365, 486, 532, 96, 
0, 451, 84, 379, 373, 207, 171, 
0, 308, 507, 487, 302, 202, 
0, 597, 423, 194, 463, 470, 
0, 12, 363, 33, 231, 
0, 570, 257, 468, 190, 57, 500, 
0, 566, 21, 107, 538, 333, 
0, 180, 31, 404, 408, 260, 203, 
0, 471, 8, 452, 213, 153, 
0, 450, 227, 138, 594, 573, 
0, 390, 3, 7, 568, 465, 444, 
0, 200, 301, 177, 100, 254, 69, 
0, 19, 222, 167, 549, 209, 
0, 289, 90, 48, 439, 537, 513, 
0, 417, 441, 26, 442, 503, 
0, 386, 187, 148, 11, 232, 205, 
0, 242, 361, 44, 188, 337, 338, 
0, 388, 350, 60, 274, 235, 482, 
0, 317, 512, 531, 436, 389, 
0, 575, 574, 584, 304, 367, 
0, 593, 391, 5, 576, 238, 155, 
0, 63, 61, 198, 105, 422, 
0, 269, 424, 219, 29, 133, 113, 76, 
0, 516, 455, 596, 313, 342, 
0, 534, 251, 286, 215, 478, 
0, 268, 372, 56, 360, 406, 
0, 457, 88, 356, 245, 256, 
0, 383, 150, 294, 218, 160, 
0, 299, 474, 68, 425, 514, 104, 
0, 6, 510, 53, 181, 265, 
0, 382, 183, 78, 578, 130, 
0, 311, 479, 210, 263, 
0, 316, 545, 300, 398, 369, 590, 
0, 46, 72, 329, 418, 223, 394, 
0, 58, 75, 376, 533, 374, 
0, 494, 323, 396, 430, 377, 
0, 206, 387, 201, 87, 277, 
0, 144, 164, 37, 92, 502, 18, 
0, 392, 80, 192, 136, 322, 2, 
0, 456, 94, 264, 586, 119, 
0, 17, 261, 157, 554, 370, 459, 
0, 539, 233, 385, 561, 297, 437, 
0, 335, 384, 427, 39, 132, 
0, 505, 142, 330, 47, 250, 541, 
0, 517, 364, 134, 438, 36, 275, 
0, 52, 562, 585, 249, 266, 381, 
0, 524, 368, 485, 118, 332, 20, 
0, 246, 410, 560, 344, 129, 446, 
0, 453, 347, 484, 89, 518, 
0, 204, 375, 595, 488, 431, 
0, 284, 563, 319, 32, 357, 
0, 110, 98, 497, 447, 278, 
0, 598, 214, 236, 504, 243, 
0, 403, 519, 579, 290, 280, 
0, 291, 339, 151, 35, 
0, 589, 449, 123, 212, 564, 103, 
