Solution: 120 148316.224000 184316.224000

0, 295, 148, 570, 247, 344, 
0, 390, 593, 24, 184, 423, 
0, 46, 455, 476, 465, 187, 
0, 118, 159, 441, 399, 448, 
0, 60, 393, 512, 4, 
0, 383, 58, 33, 229, 567, 
0, 64, 338, 523, 151, 231, 
0, 248, 270, 324, 401, 381, 433, 
0, 436, 78, 294, 484, 38, 
0, 304, 475, 70, 309, 298, 
0, 581, 165, 368, 333, 524, 
0, 454, 357, 54, 212, 519, 
0, 242, 190, 27, 596, 307, 
0, 387, 492, 414, 271, 386, 
0, 77, 340, 337, 
0, 472, 591, 583, 164, 474, 
0, 144, 9, 173, 94, 71, 
0, 413, 522, 550, 21, 416, 
0, 404, 571, 93, 464, 442, 
0, 350, 32, 392, 37, 263, 
0, 223, 561, 544, 521, 65, 459, 
0, 120, 216, 
0, 470, 11, 453, 106, 
0, 169, 388, 440, 546, 191, 
0, 289, 107, 439, 356, 158, 254, 
0, 503, 139, 195, 520, 74, 
0, 300, 138, 257, 91, 389, 473, 
0, 420, 249, 588, 542, 421, 
0, 166, 530, 584, 296, 199, 422, 
0, 192, 402, 339, 566, 
0, 411, 160, 241, 145, 
0, 365, 508, 496, 273, 163, 
0, 109, 213, 487, 301, 3, 
0, 362, 458, 102, 343, 116, 123, 
0, 89, 334, 361, 351, 111, 177, 
0, 253, 100, 202, 23, 
0, 541, 377, 590, 261, 147, 198, 
0, 291, 152, 36, 557, 586, 
0, 415, 266, 468, 367, 31, 25, 
0, 578, 515, 233, 469, 146, 310, 
0, 194, 471, 354, 255, 290, 
0, 200, 600, 437, 83, 395, 
0, 547, 235, 218, 259, 545, 
0, 403, 400, 276, 
0, 186, 162, 
0, 297, 353, 489, 536, 180, 
0, 341, 181, 316, 287, 14, 480, 
0, 262, 132, 548, 236, 29, 
0, 283, 535, 507, 211, 346, 
0, 121, 243, 18, 540, 188, 
0, 538, 55, 539, 239, 
0, 418, 226, 219, 19, 221, 
0, 250, 47, 256, 174, 59, 
0, 598, 278, 435, 352, 398, 66, 
0, 197, 444, 210, 251, 
0, 328, 149, 427, 41, 150, 
0, 506, 438, 182, 43, 594, 
0, 371, 569, 80, 559, 342, 
0, 79, 99, 315, 526, 384, 
0, 443, 63, 131, 379, 534, 
0, 551, 7, 260, 53, 485, 
0, 44, 87, 268, 227, 112, 
0, 407, 189, 360, 467, 237, 
0, 533, 514, 385, 456, 
0, 84, 245, 319, 280, 491, 
0, 490, 228, 264, 269, 
0, 332, 335, 329, 35, 306, 462, 
0, 599, 50, 90, 88, 
0, 170, 510, 527, 105, 504, 
0, 156, 318, 117, 562, 
0, 130, 178, 2, 244, 370, 405, 
0, 417, 517, 1, 238, 312, 
0, 426, 479, 486, 125, 358, 
0, 320, 554, 220, 98, 537, 157, 
0, 275, 345, 563, 326, 185, 501, 
0, 15, 447, 153, 589, 113, 
0, 575, 101, 463, 51, 67, 
0, 172, 311, 246, 97, 205, 
0, 252, 466, 363, 430, 135, 
0, 531, 502, 39, 201, 
0, 396, 193, 327, 286, 582, 240, 
0, 323, 86, 56, 208, 234, 525, 
0, 5, 215, 555, 308, 17, 
0, 76, 330, 369, 171, 183, 161, 
0, 209, 272, 355, 122, 445, 
0, 104, 424, 499, 258, 214, 
0, 314, 597, 115, 378, 494, 
0, 45, 72, 48, 528, 293, 168, 
0, 397, 75, 495, 22, 446, 513, 
0, 176, 230, 274, 
0, 20, 493, 133, 375, 564, 279, 
0, 391, 568, 57, 40, 52, 
0, 577, 373, 175, 576, 347, 
0, 429, 558, 134, 509, 579, 
0, 126, 95, 529, 449, 483, 
0, 119, 30, 108, 207, 85, 
0, 394, 457, 574, 155, 303, 
0, 532, 380, 28, 129, 68, 
0, 359, 137, 305, 179, 565, 
0, 511, 62, 96, 285, 
0, 110, 103, 69, 217, 206, 
0, 292, 73, 12, 552, 282, 
0, 452, 127, 573, 224, 498, 
0, 500, 331, 349, 560, 425, 505, 
0, 225, 580, 587, 516, 140, 
0, 348, 450, 460, 488, 406, 
0, 277, 595, 428, 412, 49, 284, 
0, 477, 92, 592, 461, 497, 42, 
0, 322, 572, 82, 431, 6, 
0, 128, 302, 288, 26, 232, 482, 
0, 136, 518, 222, 372, 142, 
0, 196, 432, 267, 410, 374, 204, 
0, 317, 481, 203, 366, 299, 
0, 61, 124, 549, 34, 
0, 281, 8, 10, 434, 143, 585, 
0, 451, 478, 154, 553, 409, 
0, 336, 16, 556, 13, 364, 265, 
0, 81, 167, 114, 382, 
0, 141, 543, 376, 
0, 321, 408, 313, 419, 325, 
