Solution: 113 143952.858000 177852.858000

0, 283, 474, 575, 165, 508, 
0, 58, 56, 246, 363, 553, 392, 
0, 306, 386, 172, 379, 556, 
0, 258, 269, 475, 31, 194, 25, 
0, 383, 461, 540, 215, 
0, 219, 132, 561, 281, 421, 
0, 426, 514, 533, 446, 192, 
0, 526, 333, 111, 449, 359, 338, 
0, 259, 277, 462, 439, 140, 
0, 546, 154, 460, 102, 187, 267, 
0, 49, 98, 10, 572, 465, 
0, 209, 63, 387, 35, 568, 
0, 181, 463, 133, 574, 389, 453, 
0, 343, 201, 137, 243, 252, 
0, 415, 191, 545, 27, 293, 
0, 331, 411, 237, 145, 321, 83, 
0, 57, 91, 173, 242, 230, 286, 
0, 552, 6, 535, 136, 142, 378, 
0, 429, 238, 485, 204, 198, 29, 
0, 266, 171, 502, 448, 39, 289, 
0, 180, 410, 571, 15, 100, 350, 
0, 397, 156, 312, 166, 153, 
0, 176, 101, 284, 524, 484, 257, 
0, 122, 195, 30, 134, 67, 75, 
0, 178, 512, 51, 143, 188, 
0, 525, 62, 442, 234, 233, 
0, 528, 353, 120, 299, 241, 
0, 374, 109, 272, 287, 550, 47, 
0, 544, 319, 594, 144, 271, 
0, 273, 79, 341, 22, 228, 507, 
0, 581, 249, 596, 123, 567, 
0, 576, 394, 301, 451, 543, 85, 
0, 124, 33, 16, 40, 412, 
0, 87, 54, 217, 355, 52, 
0, 253, 158, 146, 476, 222, 
0, 92, 344, 364, 425, 427, 481, 
0, 597, 565, 254, 186, 541, 395, 
0, 486, 399, 564, 316, 64, 127, 
0, 149, 590, 354, 261, 388, 483, 
0, 131, 264, 53, 501, 
0, 2, 232, 492, 320, 235, 
0, 434, 28, 390, 290, 539, 
0, 183, 325, 250, 292, 599, 422, 
0, 270, 570, 263, 82, 362, 129, 
0, 125, 9, 214, 276, 
0, 536, 367, 504, 164, 588, 278, 
0, 221, 598, 447, 406, 174, 423, 
0, 46, 70, 368, 445, 151, 
0, 224, 493, 265, 482, 302, 
0, 114, 107, 505, 315, 470, 
0, 413, 558, 356, 23, 454, 
0, 403, 444, 80, 1, 179, 200, 
0, 459, 398, 313, 213, 
0, 330, 349, 566, 335, 34, 438, 
0, 559, 351, 162, 11, 
0, 477, 569, 116, 160, 517, 
0, 339, 418, 68, 90, 467, 
0, 497, 520, 473, 66, 547, 
0, 182, 50, 296, 5, 523, 
0, 303, 73, 371, 489, 358, 
0, 298, 159, 43, 300, 220, 211, 
0, 443, 106, 207, 86, 203, 
0, 205, 409, 585, 584, 78, 210, 
0, 491, 184, 365, 115, 324, 
0, 118, 60, 487, 231, 21, 
0, 554, 163, 408, 103, 450, 
0, 530, 317, 236, 26, 155, 95, 
0, 393, 416, 240, 380, 
0, 307, 361, 440, 377, 55, 
0, 112, 357, 366, 323, 110, 407, 
0, 135, 190, 515, 227, 334, 104, 
0, 529, 466, 268, 4, 
0, 113, 396, 208, 229, 310, 
0, 498, 327, 432, 41, 93, 600, 
0, 61, 591, 295, 282, 
0, 511, 401, 13, 42, 97, 
0, 478, 69, 437, 518, 17, 
0, 578, 360, 255, 262, 185, 435, 
0, 59, 128, 329, 563, 3, 
0, 372, 7, 8, 441, 19, 36, 
0, 285, 32, 305, 376, 65, 
0, 521, 84, 197, 587, 294, 
0, 138, 88, 14, 256, 573, 
0, 522, 291, 592, 586, 348, 
0, 314, 148, 38, 117, 551, 
0, 583, 345, 340, 308, 212, 472, 
0, 382, 452, 167, 405, 177, 456, 
0, 369, 510, 537, 244, 260, 
0, 458, 157, 464, 175, 480, 
0, 342, 72, 71, 24, 532, 
0, 275, 562, 288, 77, 500, 
0, 169, 202, 490, 534, 593, 
0, 12, 494, 89, 417, 
0, 18, 457, 76, 121, 216, 
0, 527, 96, 318, 199, 579, 
0, 496, 346, 557, 419, 455, 
0, 108, 373, 45, 577, 279, 94, 
0, 499, 150, 328, 503, 506, 170, 
0, 48, 326, 548, 519, 304, 247, 
0, 479, 189, 420, 274, 542, 
0, 309, 223, 37, 375, 424, 513, 
0, 430, 99, 139, 225, 431, 
0, 239, 436, 352, 218, 471, 44, 
0, 152, 337, 582, 370, 245, 161, 
0, 468, 580, 141, 509, 414, 
0, 81, 105, 384, 391, 297, 595, 
0, 332, 322, 74, 516, 381, 385, 
0, 400, 206, 589, 193, 311, 
0, 20, 226, 555, 196, 168, 
0, 402, 469, 488, 119, 531, 130, 
0, 495, 347, 
0, 251, 336, 549, 560, 147, 428, 
0, 538, 126, 248, 280, 433, 404, 
