Solution: 114 144932.900000 179132.900000

0, 335, 384, 427, 39, 132, 
0, 388, 54, 67, 49, 111, 
0, 311, 479, 210, 263, 
0, 144, 271, 415, 599, 550, 103, 
0, 19, 222, 167, 304, 342, 
0, 526, 540, 160, 302, 
0, 6, 510, 53, 181, 265, 
0, 383, 150, 294, 218, 28, 
0, 371, 331, 591, 24, 189, 448, 
0, 598, 236, 214, 87, 389, 
0, 317, 216, 456, 360, 406, 277, 
0, 309, 97, 567, 126, 209, 
0, 234, 365, 486, 532, 96, 
0, 411, 162, 240, 147, 564, 
0, 451, 183, 47, 250, 541, 
0, 16, 490, 351, 416, 262, 253, 
0, 457, 88, 356, 21, 338, 
0, 372, 194, 463, 558, 
0, 512, 116, 213, 533, 374, 
0, 498, 429, 461, 488, 346, 
0, 124, 199, 84, 379, 207, 171, 
0, 206, 387, 201, 165, 43, 
0, 471, 565, 56, 343, 143, 
0, 251, 60, 274, 153, 513, 
0, 296, 517, 248, 556, 276, 421, 
0, 358, 74, 9, 397, 14, 
0, 204, 509, 353, 426, 137, 
0, 63, 352, 108, 561, 332, 20, 
0, 534, 77, 79, 428, 500, 
0, 524, 368, 29, 133, 113, 76, 
0, 312, 8, 452, 255, 202, 
0, 597, 423, 107, 470, 538, 
0, 316, 405, 156, 10, 557, 
0, 93, 325, 4, 555, 203, 
0, 494, 323, 310, 580, 293, 
0, 110, 94, 264, 158, 393, 544, 
0, 523, 64, 329, 531, 41, 581, 
0, 82, 270, 172, 286, 125, 
0, 174, 112, 48, 439, 537, 
0, 22, 334, 418, 223, 511, 
0, 185, 182, 72, 25, 65, 
0, 589, 505, 78, 578, 130, 
0, 191, 163, 
0, 146, 535, 504, 447, 243, 
0, 268, 55, 560, 344, 129, 446, 
0, 289, 90, 300, 481, 40, 
0, 12, 375, 229, 244, 440, 
0, 287, 106, 208, 553, 303, 552, 
0, 134, 364, 140, 438, 36, 275, 
0, 252, 98, 497, 467, 18, 
0, 570, 187, 148, 11, 225, 482, 
0, 114, 109, 135, 15, 460, 
0, 521, 228, 480, 38, 195, 590, 
0, 516, 595, 120, 13, 458, 
0, 308, 73, 515, 288, 173, 401, 
0, 464, 145, 122, 285, 576, 238, 
0, 495, 412, 83, 1, 237, 492, 
0, 269, 424, 219, 413, 50, 529, 377, 
0, 291, 441, 442, 215, 503, 
0, 327, 58, 33, 231, 256, 
0, 81, 197, 587, 478, 155, 
0, 354, 227, 138, 594, 573, 
0, 385, 485, 118, 297, 437, 
0, 419, 434, 571, 221, 592, 
0, 180, 404, 408, 260, 473, 
0, 166, 101, 477, 483, 131, 349, 
0, 175, 51, 279, 42, 178, 59, 
0, 575, 574, 584, 245, 333, 
0, 522, 455, 596, 313, 554, 
0, 520, 499, 420, 600, 154, 295, 
0, 472, 105, 151, 35, 
0, 392, 80, 347, 484, 394, 518, 
0, 559, 350, 569, 159, 496, 
0, 242, 361, 44, 188, 337, 95, 
0, 17, 449, 192, 136, 322, 2, 
0, 551, 491, 407, 123, 
0, 52, 562, 585, 249, 266, 381, 
0, 149, 241, 102, 121, 
0, 380, 31, 328, 355, 292, 
0, 539, 233, 330, 198, 89, 196, 
0, 359, 566, 85, 454, 547, 
0, 341, 299, 489, 396, 430, 34, 
0, 169, 414, 582, 378, 168, 
0, 324, 157, 398, 369, 431, 
0, 326, 321, 402, 290, 280, 
0, 593, 391, 5, 527, 373, 
0, 403, 230, 37, 92, 502, 220, 
0, 362, 71, 475, 466, 193, 549, 
0, 246, 345, 315, 410, 23, 
0, 281, 176, 26, 232, 205, 
0, 390, 3, 7, 568, 465, 444, 
0, 386, 474, 68, 425, 514, 104, 
0, 261, 75, 376, 370, 459, 
0, 453, 30, 400, 348, 211, 
0, 45, 91, 259, 272, 546, 184, 
0, 284, 563, 319, 32, 357, 
0, 273, 141, 588, 340, 
0, 339, 536, 508, 298, 
0, 399, 61, 542, 314, 212, 
0, 577, 579, 519, 239, 528, 283, 
0, 417, 257, 468, 247, 190, 57, 
0, 46, 545, 86, 305, 235, 409, 
0, 572, 320, 139, 469, 217, 306, 
0, 142, 62, 267, 282, 70, 
0, 117, 433, 366, 226, 501, 66, 
0, 548, 186, 318, 435, 586, 119, 
0, 525, 363, 506, 436, 
0, 543, 127, 432, 336, 258, 
0, 170, 177, 100, 115, 307, 
0, 493, 128, 224, 445, 179, 
0, 382, 161, 443, 395, 422, 
0, 200, 301, 507, 487, 367, 530, 
0, 476, 99, 462, 27, 152, 69, 
0, 450, 583, 254, 164, 278, 
