Solution: 114 142606.016000 176806.016000

0, 436, 78, 294, 375, 519, 
0, 297, 353, 370, 244, 425, 505, 
0, 599, 246, 349, 419, 325, 97, 
0, 86, 56, 378, 234, 140, 
0, 186, 162, 
0, 170, 250, 574, 155, 303, 501, 
0, 209, 272, 355, 122, 445, 
0, 420, 499, 43, 182, 347, 
0, 500, 331, 560, 16, 556, 106, 586, 
0, 454, 357, 54, 212, 191, 
0, 144, 9, 478, 553, 409, 154, 
0, 532, 194, 330, 369, 171, 161, 
0, 332, 95, 529, 449, 483, 
0, 323, 429, 509, 351, 111, 386, 
0, 383, 225, 88, 596, 579, 
0, 598, 235, 487, 301, 423, 263, 
0, 541, 377, 590, 261, 147, 198, 
0, 447, 496, 153, 589, 142, 
0, 270, 324, 227, 112, 158, 
0, 318, 152, 98, 557, 521, 
0, 577, 506, 438, 473, 91, 
0, 192, 402, 583, 269, 
0, 262, 132, 548, 264, 71, 
0, 81, 490, 173, 94, 177, 
0, 295, 148, 570, 247, 344, 
0, 5, 365, 508, 372, 307, 
0, 443, 36, 401, 381, 65, 
0, 249, 588, 101, 576, 389, 
0, 169, 388, 288, 287, 232, 482, 
0, 396, 193, 327, 286, 582, 240, 
0, 104, 373, 258, 175, 542, 416, 
0, 50, 90, 424, 214, 273, 594, 
0, 531, 99, 79, 216, 
0, 172, 311, 549, 34, 374, 204, 
0, 522, 550, 21, 113, 
0, 196, 538, 558, 134, 494, 421, 
0, 407, 189, 237, 35, 462, 
0, 391, 568, 57, 40, 52, 
0, 371, 569, 80, 584, 296, 
0, 252, 517, 363, 430, 135, 
0, 20, 510, 82, 527, 105, 
0, 390, 159, 441, 399, 259, 520, 
0, 109, 55, 115, 491, 282, 
0, 44, 87, 268, 251, 525, 
0, 275, 220, 338, 313, 13, 364, 265, 
0, 45, 72, 48, 293, 168, 188, 
0, 314, 450, 460, 280, 488, 
0, 554, 493, 133, 562, 410, 
0, 76, 471, 354, 255, 116, 123, 
0, 578, 515, 233, 469, 146, 310, 
0, 551, 7, 260, 256, 185, 25, 
0, 130, 533, 514, 385, 585, 
0, 477, 92, 27, 236, 497, 42, 
0, 283, 535, 507, 183, 298, 
0, 156, 336, 178, 291, 239, 405, 
0, 341, 181, 316, 14, 211, 
0, 322, 103, 131, 540, 2, 346, 
0, 397, 75, 495, 22, 446, 513, 
0, 292, 73, 12, 552, 524, 
0, 119, 30, 108, 207, 
0, 281, 8, 10, 434, 143, 498, 
0, 128, 302, 26, 440, 546, 85, 
0, 197, 444, 238, 431, 504, 
0, 320, 345, 563, 326, 31, 150, 
0, 242, 466, 539, 47, 6, 
0, 61, 124, 117, 205, 564, 279, 
0, 63, 571, 18, 93, 464, 
0, 89, 334, 167, 114, 382, 
0, 277, 595, 213, 28, 129, 68, 
0, 470, 11, 453, 151, 459, 
0, 575, 165, 368, 463, 51, 
0, 141, 543, 376, 
0, 300, 138, 257, 360, 342, 
0, 415, 266, 468, 367, 174, 59, 
0, 348, 215, 333, 305, 67, 
0, 394, 149, 41, 427, 217, 206, 
0, 278, 243, 96, 285, 
0, 502, 380, 315, 526, 384, 
0, 289, 107, 597, 439, 356, 433, 
0, 451, 432, 267, 164, 474, 
0, 411, 160, 461, 163, 592, 
0, 426, 530, 559, 467, 306, 
0, 503, 62, 452, 224, 221, 
0, 200, 600, 437, 83, 395, 
0, 413, 518, 393, 222, 536, 180, 312, 
0, 328, 53, 69, 457, 485, 
0, 223, 561, 544, 528, 379, 19, 
0, 403, 400, 77, 276, 
0, 253, 100, 202, 23, 17, 
0, 15, 58, 33, 229, 567, 
0, 321, 408, 64, 523, 537, 157, 
0, 176, 230, 274, 
0, 418, 226, 219, 484, 38, 534, 
0, 248, 387, 492, 361, 414, 271, 29, 
0, 472, 591, 566, 545, 
0, 228, 329, 335, 422, 199, 358, 
0, 136, 489, 512, 4, 231, 
0, 581, 580, 587, 516, 406, 
0, 304, 475, 70, 309, 480, 290, 
0, 166, 126, 479, 486, 125, 
0, 121, 127, 573, 456, 442, 
0, 417, 572, 1, 210, 254, 
0, 118, 593, 24, 184, 448, 
0, 359, 137, 208, 179, 565, 
0, 350, 32, 392, 39, 299, 
0, 46, 455, 476, 465, 187, 
0, 60, 190, 241, 145, 3, 
0, 362, 458, 102, 343, 218, 
0, 547, 428, 412, 49, 284, 
0, 84, 245, 319, 555, 308, 
0, 511, 139, 195, 339, 74, 
0, 120, 340, 337, 37, 201, 
0, 317, 481, 203, 366, 
0, 110, 404, 435, 352, 398, 66, 
