Solution: 116 144457.054000 179257.054000

0, 248, 387, 492, 111, 478, 154, 
0, 110, 404, 514, 385, 456, 
0, 418, 226, 219, 484, 38, 65, 
0, 300, 138, 257, 91, 389, 473, 
0, 551, 7, 260, 158, 254, 379, 
0, 577, 506, 438, 182, 594, 
0, 15, 58, 33, 229, 567, 
0, 249, 588, 101, 175, 421, 
0, 5, 215, 12, 552, 524, 
0, 371, 569, 80, 134, 347, 
0, 581, 165, 368, 333, 565, 
0, 322, 103, 131, 540, 2, 346, 
0, 172, 311, 246, 375, 205, 3, 
0, 45, 72, 48, 293, 534, 66, 
0, 348, 245, 319, 280, 488, 179, 
0, 451, 432, 267, 164, 474, 
0, 351, 522, 383, 88, 163, 
0, 413, 518, 393, 222, 372, 579, 
0, 60, 349, 241, 145, 
0, 292, 73, 202, 23, 17, 
0, 396, 330, 261, 309, 
0, 321, 408, 313, 419, 325, 97, 
0, 196, 50, 90, 153, 589, 113, 
0, 415, 266, 468, 367, 485, 
0, 541, 377, 590, 354, 255, 290, 
0, 295, 148, 570, 247, 344, 
0, 538, 558, 264, 236, 497, 29, 
0, 341, 181, 316, 198, 211, 
0, 403, 400, 543, 376, 
0, 275, 345, 563, 326, 31, 150, 
0, 336, 560, 16, 556, 180, 312, 
0, 200, 600, 437, 83, 395, 
0, 109, 390, 79, 216, 
0, 121, 243, 96, 116, 482, 
0, 452, 127, 573, 352, 123, 
0, 350, 32, 392, 37, 545, 
0, 517, 363, 430, 1, 135, 
0, 192, 402, 583, 269, 
0, 281, 8, 10, 434, 143, 585, 
0, 277, 428, 213, 28, 129, 68, 
0, 472, 591, 566, 
0, 365, 508, 496, 214, 494, 
0, 128, 302, 26, 440, 232, 546, 
0, 130, 178, 294, 239, 244, 405, 
0, 297, 353, 370, 34, 410, 
0, 197, 444, 115, 251, 525, 
0, 575, 550, 21, 542, 416, 
0, 228, 329, 335, 422, 199, 462, 
0, 166, 126, 529, 449, 483, 
0, 454, 357, 212, 374, 204, 
0, 578, 515, 233, 469, 146, 310, 
0, 89, 334, 167, 114, 382, 
0, 304, 471, 412, 49, 284, 
0, 118, 99, 24, 184, 448, 
0, 328, 53, 69, 147, 161, 
0, 81, 490, 173, 94, 71, 177, 
0, 391, 568, 57, 40, 52, 
0, 64, 338, 13, 364, 265, 
0, 141, 77, 276, 
0, 500, 493, 331, 133, 564, 279, 
0, 119, 30, 108, 207, 85, 
0, 144, 9, 361, 414, 271, 386, 
0, 477, 429, 509, 596, 307, 
0, 511, 139, 195, 339, 74, 
0, 317, 481, 203, 366, 299, 
0, 124, 549, 117, 562, 
0, 503, 436, 78, 168, 188, 
0, 394, 149, 47, 256, 174, 59, 
0, 318, 136, 489, 536, 592, 
0, 417, 466, 539, 431, 6, 
0, 159, 593, 441, 399, 423, 263, 
0, 291, 152, 36, 557, 537, 
0, 470, 11, 453, 151, 459, 
0, 407, 189, 360, 559, 467, 237, 
0, 63, 571, 18, 93, 464, 
0, 443, 450, 460, 491, 406, 
0, 61, 62, 498, 285, 343, 191, 
0, 186, 162, 
0, 209, 272, 355, 122, 445, 
0, 426, 530, 584, 125, 358, 
0, 262, 132, 548, 35, 306, 
0, 531, 502, 39, 201, 
0, 289, 107, 597, 439, 356, 433, 
0, 598, 278, 435, 224, 221, 
0, 420, 373, 43, 576, 273, 
0, 194, 475, 70, 369, 298, 
0, 554, 220, 98, 523, 231, 157, 
0, 104, 424, 499, 258, 342, 
0, 46, 455, 476, 465, 187, 
0, 176, 230, 274, 
0, 84, 580, 305, 587, 282, 
0, 20, 510, 82, 527, 105, 
0, 323, 86, 56, 378, 234, 140, 
0, 595, 487, 301, 259, 520, 
0, 332, 95, 479, 486, 296, 
0, 120, 340, 337, 
0, 253, 100, 555, 308, 142, 
0, 411, 160, 553, 409, 519, 
0, 283, 327, 193, 171, 286, 
0, 156, 55, 210, 457, 504, 
0, 76, 535, 507, 183, 582, 240, 
0, 252, 572, 238, 185, 25, 
0, 242, 225, 512, 4, 106, 586, 
0, 314, 447, 51, 463, 67, 
0, 44, 87, 268, 227, 112, 
0, 170, 250, 574, 155, 303, 501, 
0, 547, 235, 54, 398, 425, 505, 
0, 359, 137, 208, 516, 
0, 532, 380, 315, 526, 384, 
0, 397, 75, 495, 22, 446, 513, 
0, 320, 270, 324, 401, 381, 521, 
0, 599, 92, 190, 27, 461, 42, 
0, 533, 41, 427, 217, 206, 
0, 169, 388, 288, 287, 14, 480, 
0, 223, 561, 544, 528, 19, 442, 
0, 362, 458, 102, 218, 
