Solution: 110 140506.674000 173506.674000

0, 341, 391, 349, 257, 55, 167, 
0, 488, 373, 263, 7, 114, 582, 
0, 208, 403, 168, 557, 359, 563, 
0, 390, 151, 158, 116, 220, 
0, 570, 5, 162, 184, 250, 446, 
0, 530, 371, 523, 374, 134, 
0, 392, 455, 81, 122, 560, 210, 
0, 111, 420, 42, 594, 574, 
0, 502, 34, 41, 95, 166, 183, 
0, 118, 69, 273, 535, 544, 
0, 527, 282, 534, 150, 549, 
0, 286, 121, 204, 576, 245, 429, 
0, 381, 376, 177, 253, 146, 
0, 332, 556, 419, 228, 322, 
0, 8, 131, 354, 246, 157, 279, 
0, 363, 515, 319, 524, 112, 
0, 49, 227, 15, 566, 521, 
0, 445, 590, 25, 198, 453, 
0, 360, 504, 495, 438, 591, 
0, 542, 240, 335, 84, 129, 
0, 187, 309, 546, 317, 369, 164, 
0, 153, 161, 595, 432, 78, 
0, 52, 96, 271, 169, 585, 421, 
0, 499, 154, 325, 444, 239, 
0, 301, 205, 12, 533, 197, 97, 
0, 293, 347, 223, 274, 554, 
0, 251, 357, 101, 599, 408, 170, 
0, 67, 388, 232, 366, 404, 
0, 47, 307, 80, 520, 165, 522, 
0, 320, 311, 98, 237, 119, 567, 
0, 92, 330, 543, 519, 375, 448, 
0, 559, 451, 143, 2, 6, 
0, 414, 452, 200, 441, 195, 310, 
0, 304, 314, 494, 248, 424, 393, 
0, 267, 85, 58, 226, 74, 
0, 457, 137, 569, 342, 147, 
0, 427, 324, 548, 475, 53, 75, 
0, 93, 516, 278, 355, 415, 380, 
0, 326, 11, 33, 225, 308, 
0, 597, 262, 598, 244, 450, 284, 
0, 191, 440, 178, 
0, 385, 160, 540, 173, 28, 
0, 222, 135, 409, 306, 561, 
0, 577, 104, 481, 486, 133, 422, 
0, 447, 71, 489, 127, 201, 
0, 529, 100, 316, 280, 443, 
0, 62, 238, 38, 91, 471, 468, 
0, 87, 182, 103, 552, 211, 
0, 417, 405, 505, 45, 508, 426, 
0, 470, 536, 581, 482, 35, 
0, 312, 456, 465, 490, 348, 
0, 156, 175, 413, 242, 496, 410, 
0, 19, 72, 186, 553, 467, 163, 
0, 233, 538, 260, 56, 230, 219, 
0, 185, 492, 192, 485, 40, 235, 
0, 399, 395, 459, 
0, 532, 428, 412, 51, 20, 115, 
0, 507, 152, 206, 48, 259, 517, 
0, 575, 302, 583, 513, 345, 
0, 86, 498, 336, 333, 361, 439, 
0, 203, 398, 580, 423, 514, 77, 
0, 215, 283, 209, 394, 108, 
0, 254, 525, 469, 558, 264, 
0, 298, 588, 379, 460, 353, 132, 
0, 117, 400, 565, 102, 464, 472, 
0, 528, 321, 303, 50, 350, 589, 
0, 402, 94, 110, 149, 493, 
0, 337, 484, 387, 73, 300, 231, 
0, 480, 224, 442, 221, 281, 479, 
0, 296, 352, 397, 107, 372, 434, 
0, 141, 258, 474, 362, 401, 
0, 252, 568, 88, 83, 120, 9, 
0, 212, 449, 142, 57, 339, 
0, 275, 436, 30, 106, 255, 596, 
0, 477, 36, 29, 139, 76, 
0, 82, 243, 171, 512, 501, 
0, 571, 22, 180, 126, 194, 
0, 241, 370, 329, 406, 229, 509, 
0, 291, 23, 584, 541, 89, 
0, 389, 351, 66, 10, 462, 407, 
0, 526, 458, 270, 128, 24, 
0, 266, 1, 285, 256, 189, 65, 
0, 179, 136, 276, 181, 454, 217, 
0, 105, 328, 550, 290, 16, 213, 
0, 364, 79, 365, 461, 18, 
0, 140, 531, 510, 305, 378, 579, 
0, 382, 327, 331, 578, 214, 21, 
0, 68, 218, 487, 90, 4, 
0, 425, 37, 437, 478, 384, 
0, 318, 518, 537, 476, 44, 54, 
0, 593, 586, 261, 491, 483, 
0, 123, 207, 386, 430, 600, 297, 
0, 277, 31, 564, 124, 
0, 555, 176, 144, 113, 338, 
0, 418, 411, 295, 3, 294, 247, 
0, 138, 265, 323, 125, 32, 63, 
0, 573, 511, 299, 148, 159, 130, 
0, 547, 344, 334, 377, 26, 463, 
0, 315, 59, 539, 431, 145, 
0, 289, 551, 64, 17, 43, 99, 
0, 367, 13, 435, 234, 155, 497, 
0, 292, 109, 396, 199, 473, 174, 
0, 416, 383, 236, 27, 545, 202, 
0, 340, 433, 60, 346, 61, 
0, 188, 358, 288, 506, 249, 
0, 503, 466, 500, 272, 268, 
0, 313, 14, 216, 39, 190, 
0, 356, 592, 269, 287, 
0, 172, 193, 70, 587, 562, 
0, 572, 368, 46, 196, 343, 
