Solution: 113 142724.008000 176624.008000

0, 490, 264, 132, 548, 497, 42, 
0, 248, 270, 324, 401, 491, 282, 
0, 84, 580, 305, 587, 179, 
0, 109, 121, 243, 96, 116, 482, 
0, 503, 62, 487, 285, 343, 191, 
0, 118, 380, 28, 129, 68, 
0, 407, 189, 360, 559, 467, 237, 
0, 159, 235, 24, 384, 201, 
0, 415, 388, 288, 232, 217, 206, 
0, 130, 127, 452, 573, 464, 442, 
0, 292, 73, 12, 552, 524, 
0, 436, 78, 294, 375, 66, 
0, 332, 95, 529, 479, 483, 
0, 44, 87, 268, 227, 112, 
0, 359, 137, 208, 234, 525, 
0, 341, 181, 316, 287, 14, 480, 
0, 390, 593, 441, 184, 448, 
0, 443, 63, 131, 540, 2, 346, 
0, 283, 535, 507, 183, 298, 
0, 176, 81, 114, 382, 274, 
0, 278, 435, 352, 224, 221, 498, 
0, 581, 245, 319, 280, 488, 
0, 451, 432, 478, 154, 409, 279, 
0, 166, 126, 449, 199, 422, 
0, 5, 577, 506, 438, 473, 389, 
0, 61, 124, 549, 164, 474, 
0, 253, 100, 202, 23, 
0, 300, 138, 257, 91, 342, 
0, 60, 349, 13, 560, 405, 
0, 420, 576, 43, 182, 347, 
0, 46, 455, 476, 465, 187, 
0, 20, 510, 82, 527, 105, 
0, 532, 194, 330, 369, 171, 161, 
0, 362, 458, 102, 218, 284, 
0, 209, 272, 355, 122, 445, 
0, 172, 311, 246, 34, 374, 410, 204, 
0, 351, 429, 509, 27, 461, 163, 
0, 197, 444, 115, 251, 586, 
0, 331, 58, 16, 556, 370, 
0, 249, 588, 550, 21, 142, 
0, 317, 481, 203, 366, 
0, 371, 569, 80, 584, 296, 
0, 242, 466, 539, 47, 6, 
0, 350, 32, 392, 37, 423, 263, 
0, 547, 428, 412, 49, 399, 
0, 426, 530, 486, 125, 358, 
0, 408, 64, 33, 40, 52, 
0, 391, 568, 372, 596, 579, 
0, 323, 86, 56, 378, 57, 140, 
0, 541, 377, 590, 261, 255, 290, 
0, 320, 345, 563, 326, 31, 546, 
0, 186, 77, 340, 276, 
0, 277, 220, 338, 98, 523, 534, 
0, 365, 508, 496, 273, 594, 
0, 413, 518, 393, 222, 536, 180, 312, 
0, 192, 402, 583, 
0, 223, 561, 544, 521, 537, 157, 
0, 403, 400, 162, 
0, 387, 492, 111, 236, 29, 
0, 578, 515, 233, 469, 146, 310, 
0, 281, 8, 10, 434, 143, 123, 
0, 314, 450, 460, 516, 406, 
0, 119, 30, 585, 385, 456, 
0, 418, 226, 219, 19, 239, 188, 
0, 136, 489, 512, 106, 513, 
0, 411, 160, 553, 267, 
0, 394, 328, 149, 41, 427, 150, 
0, 200, 600, 437, 83, 395, 
0, 397, 75, 495, 244, 562, 
0, 252, 215, 555, 308, 17, 
0, 304, 471, 354, 108, 207, 85, 
0, 170, 250, 574, 155, 303, 501, 
0, 598, 120, 337, 
0, 551, 260, 53, 69, 457, 504, 
0, 470, 11, 453, 151, 459, 
0, 361, 92, 592, 414, 271, 386, 
0, 295, 148, 570, 247, 344, 
0, 472, 591, 566, 545, 
0, 104, 373, 258, 463, 51, 67, 
0, 417, 572, 431, 254, 158, 
0, 321, 517, 363, 430, 1, 135, 
0, 289, 107, 597, 439, 356, 433, 
0, 348, 90, 101, 542, 416, 
0, 477, 190, 241, 145, 564, 97, 
0, 511, 139, 195, 339, 74, 
0, 353, 419, 313, 364, 231, 567, 
0, 599, 50, 225, 88, 307, 
0, 128, 302, 26, 440, 211, 
0, 141, 543, 376, 
0, 297, 318, 117, 205, 3, 
0, 110, 404, 571, 484, 38, 65, 
0, 502, 315, 526, 39, 299, 
0, 15, 447, 153, 589, 113, 
0, 575, 165, 368, 333, 565, 
0, 531, 99, 79, 216, 
0, 213, 595, 301, 259, 520, 
0, 45, 72, 48, 528, 293, 168, 
0, 275, 103, 7, 256, 185, 25, 
0, 228, 335, 329, 35, 306, 462, 
0, 76, 475, 70, 309, 147, 198, 
0, 396, 193, 327, 286, 582, 240, 
0, 533, 514, 18, 93, 379, 
0, 554, 493, 133, 446, 325, 398, 
0, 322, 522, 383, 4, 229, 265, 
0, 196, 538, 558, 134, 214, 494, 
0, 262, 424, 499, 175, 421, 
0, 156, 55, 210, 238, 485, 
0, 169, 266, 468, 367, 174, 59, 
0, 500, 336, 178, 22, 425, 505, 
0, 144, 9, 173, 94, 71, 177, 
0, 291, 152, 36, 381, 557, 
0, 454, 357, 54, 212, 519, 
0, 89, 334, 167, 230, 269, 
