Solution: 112 143195.220000 176795.220000

0, 570, 187, 441, 442, 32, 57, 
0, 124, 183, 84, 379, 373, 
0, 169, 166, 414, 168, 276, 421, 
0, 494, 323, 26, 232, 437, 
0, 117, 62, 267, 473, 
0, 134, 364, 140, 438, 36, 275, 
0, 493, 128, 328, 355, 292, 
0, 200, 301, 339, 484, 394, 348, 66, 
0, 331, 424, 413, 118, 121, 211, 
0, 399, 539, 233, 443, 395, 448, 
0, 464, 145, 122, 176, 285, 
0, 526, 540, 515, 40, 530, 
0, 362, 74, 9, 397, 14, 
0, 12, 531, 33, 231, 256, 
0, 423, 21, 107, 538, 338, 
0, 417, 257, 468, 190, 178, 59, 
0, 180, 31, 404, 408, 260, 203, 
0, 372, 56, 343, 594, 573, 
0, 110, 98, 497, 447, 278, 
0, 204, 375, 595, 488, 346, 
0, 19, 222, 553, 303, 552, 
0, 311, 479, 210, 263, 
0, 46, 545, 86, 305, 298, 500, 
0, 403, 230, 37, 164, 220, 69, 
0, 252, 454, 85, 556, 467, 95, 
0, 572, 350, 569, 159, 508, 496, 
0, 270, 432, 568, 336, 357, 400, 
0, 17, 449, 192, 136, 123, 
0, 291, 80, 151, 35, 
0, 358, 300, 112, 439, 537, 513, 
0, 456, 525, 506, 436, 581, 
0, 268, 55, 536, 428, 79, 
0, 498, 429, 194, 245, 333, 
0, 383, 565, 360, 406, 
0, 316, 405, 334, 557, 10, 202, 
0, 269, 308, 99, 462, 27, 152, 277, 
0, 219, 50, 29, 133, 113, 
0, 457, 88, 356, 126, 342, 
0, 535, 354, 470, 463, 558, 
0, 386, 474, 68, 425, 104, 76, 
0, 476, 216, 236, 504, 243, 
0, 149, 30, 366, 226, 444, 
0, 433, 83, 1, 173, 237, 401, 
0, 593, 391, 5, 576, 238, 155, 
0, 597, 254, 598, 214, 87, 389, 
0, 451, 371, 78, 578, 130, 
0, 114, 109, 135, 15, 460, 
0, 521, 228, 480, 38, 195, 28, 
0, 81, 197, 587, 478, 34, 
0, 93, 325, 507, 487, 302, 465, 
0, 534, 77, 49, 111, 
0, 261, 75, 554, 481, 
0, 380, 170, 4, 555, 258, 
0, 419, 434, 571, 44, 188, 
0, 317, 512, 116, 213, 41, 
0, 411, 162, 240, 147, 550, 
0, 52, 562, 585, 586, 435, 119, 
0, 471, 8, 452, 153, 590, 
0, 246, 345, 315, 410, 23, 446, 
0, 575, 574, 584, 304, 367, 
0, 175, 509, 353, 426, 137, 
0, 324, 157, 398, 369, 431, 
0, 359, 566, 248, 283, 547, 
0, 390, 485, 385, 561, 297, 422, 
0, 505, 142, 330, 47, 250, 541, 
0, 522, 318, 186, 294, 533, 374, 
0, 486, 363, 255, 532, 96, 
0, 90, 461, 272, 546, 184, 
0, 144, 227, 138, 221, 592, 
0, 499, 368, 514, 420, 154, 600, 
0, 287, 106, 208, 344, 129, 
0, 495, 412, 288, 22, 564, 103, 
0, 161, 591, 24, 189, 179, 
0, 58, 329, 376, 370, 459, 
0, 517, 101, 477, 483, 131, 349, 
0, 320, 51, 279, 247, 409, 
0, 82, 191, 163, 
0, 577, 579, 519, 239, 280, 
0, 206, 387, 201, 165, 43, 
0, 284, 563, 319, 42, 225, 
0, 296, 528, 582, 378, 290, 
0, 289, 91, 13, 560, 458, 
0, 45, 71, 475, 466, 193, 549, 
0, 309, 94, 264, 158, 393, 544, 
0, 551, 491, 407, 322, 2, 
0, 516, 455, 596, 313, 143, 
0, 524, 141, 588, 340, 529, 132, 
0, 16, 490, 271, 415, 416, 262, 
0, 548, 251, 60, 274, 235, 482, 
0, 174, 453, 347, 172, 125, 492, 
0, 63, 61, 198, 105, 70, 196, 
0, 341, 299, 489, 396, 430, 377, 
0, 523, 120, 259, 229, 218, 160, 
0, 273, 3, 102, 282, 332, 20, 
0, 327, 150, 48, 244, 440, 
0, 520, 382, 199, 224, 445, 253, 
0, 335, 384, 39, 427, 295, 
0, 146, 177, 100, 115, 307, 
0, 450, 351, 583, 599, 511, 
0, 589, 352, 108, 89, 207, 171, 
0, 242, 361, 337, 249, 266, 381, 
0, 281, 580, 310, 205, 293, 
0, 326, 321, 402, 92, 502, 18, 
0, 559, 73, 72, 25, 65, 
0, 234, 64, 156, 365, 518, 
0, 185, 182, 418, 223, 501, 
0, 6, 510, 53, 181, 265, 
0, 392, 127, 139, 469, 217, 306, 
0, 312, 97, 167, 567, 209, 
0, 388, 54, 67, 286, 215, 503, 
0, 472, 543, 542, 314, 212, 
0, 7, 241, 148, 11, 527, 
