Solution: 118 146955.074000 182355.074000

0, 249, 588, 101, 542, 594, 
0, 408, 64, 556, 106, 586, 
0, 426, 530, 559, 467, 237, 
0, 411, 160, 553, 592, 386, 
0, 587, 580, 137, 516, 406, 
0, 522, 98, 557, 537, 157, 
0, 76, 471, 261, 309, 298, 
0, 292, 100, 202, 555, 308, 
0, 200, 600, 437, 83, 395, 
0, 87, 268, 355, 23, 445, 
0, 130, 436, 78, 168, 239, 188, 
0, 581, 165, 368, 21, 416, 
0, 572, 272, 122, 17, 
0, 110, 103, 53, 287, 211, 
0, 166, 479, 296, 486, 125, 358, 
0, 350, 32, 392, 37, 201, 
0, 283, 535, 507, 480, 290, 
0, 15, 58, 33, 229, 567, 
0, 314, 447, 496, 153, 589, 113, 
0, 413, 518, 393, 222, 536, 180, 312, 
0, 45, 220, 338, 484, 38, 513, 
0, 248, 387, 492, 111, 478, 154, 
0, 250, 47, 155, 303, 
0, 197, 444, 210, 238, 504, 
0, 8, 590, 354, 
0, 223, 561, 544, 528, 65, 534, 
0, 511, 593, 441, 399, 284, 
0, 394, 69, 149, 41, 427, 150, 
0, 500, 493, 22, 133, 410, 
0, 320, 318, 124, 117, 205, 
0, 126, 95, 529, 449, 483, 
0, 417, 457, 574, 527, 105, 
0, 533, 514, 224, 221, 
0, 181, 316, 198, 147, 161, 
0, 351, 429, 558, 509, 596, 579, 
0, 551, 336, 331, 419, 446, 
0, 128, 302, 288, 440, 31, 546, 
0, 44, 215, 12, 333, 524, 
0, 109, 390, 79, 216, 
0, 242, 383, 512, 372, 307, 
0, 345, 563, 326, 367, 174, 59, 
0, 321, 136, 349, 560, 13, 364, 265, 
0, 156, 61, 74, 269, 
0, 84, 245, 597, 491, 433, 
0, 281, 121, 10, 434, 143, 498, 
0, 397, 75, 495, 244, 562, 
0, 159, 380, 28, 129, 68, 
0, 371, 569, 80, 360, 342, 
0, 226, 219, 379, 19, 
0, 192, 402, 583, 423, 263, 
0, 252, 517, 363, 430, 501, 
0, 186, 77, 340, 276, 
0, 253, 73, 187, 465, 552, 
0, 328, 55, 251, 464, 
0, 86, 56, 208, 234, 282, 
0, 420, 499, 43, 182, 347, 
0, 46, 455, 319, 305, 565, 
0, 275, 487, 377, 96, 285, 482, 
0, 359, 401, 523, 231, 
0, 472, 591, 566, 
0, 443, 63, 18, 540, 2, 
0, 297, 353, 370, 405, 425, 505, 
0, 547, 235, 195, 259, 520, 191, 
0, 5, 365, 508, 378, 140, 142, 
0, 470, 11, 453, 151, 459, 
0, 490, 173, 94, 264, 71, 
0, 262, 373, 175, 258, 576, 
0, 7, 260, 131, 93, 346, 
0, 176, 81, 114, 
0, 277, 595, 213, 49, 343, 218, 
0, 144, 9, 322, 409, 267, 
0, 396, 193, 327, 286, 582, 240, 
0, 119, 30, 108, 207, 85, 
0, 404, 571, 385, 442, 
0, 538, 577, 506, 438, 473, 389, 
0, 415, 388, 26, 232, 344, 
0, 141, 541, 376, 
0, 454, 357, 54, 212, 519, 
0, 295, 148, 570, 247, 206, 
0, 300, 138, 257, 134, 91, 
0, 243, 127, 14, 217, 485, 
0, 62, 452, 573, 456, 585, 
0, 172, 311, 549, 34, 374, 204, 
0, 270, 324, 439, 356, 525, 
0, 317, 481, 337, 
0, 403, 400, 543, 162, 
0, 348, 90, 424, 214, 494, 
0, 531, 502, 315, 39, 299, 
0, 60, 190, 27, 461, 163, 
0, 598, 120, 203, 366, 545, 
0, 451, 196, 432, 164, 474, 
0, 323, 50, 225, 88, 273, 421, 
0, 118, 99, 24, 184, 448, 
0, 20, 291, 178, 294, 375, 
0, 341, 428, 412, 255, 301, 3, 
0, 418, 278, 435, 352, 398, 66, 
0, 362, 458, 102, 116, 123, 
0, 450, 460, 158, 254, 
0, 503, 139, 339, 230, 274, 
0, 466, 539, 431, 6, 
0, 169, 266, 468, 256, 185, 25, 
0, 578, 515, 233, 469, 146, 310, 
0, 575, 550, 463, 51, 67, 
0, 209, 476, 280, 488, 179, 
0, 304, 475, 70, 526, 384, 
0, 289, 107, 115, 227, 112, 
0, 599, 246, 241, 145, 564, 279, 
0, 104, 189, 132, 548, 306, 462, 
0, 170, 510, 82, 1, 135, 
0, 407, 228, 35, 236, 497, 42, 
0, 391, 568, 57, 40, 52, 
0, 332, 335, 329, 199, 584, 422, 
0, 532, 194, 330, 369, 171, 183, 
0, 89, 334, 167, 177, 382, 
0, 72, 48, 293, 325, 97, 
0, 554, 152, 36, 381, 521, 
0, 489, 313, 16, 4, 
0, 477, 92, 361, 414, 271, 29, 
