Solution: 121 149833.726000 186133.726000

0, 109, 121, 127, 573, 221, 
0, 223, 450, 115, 251, 586, 
0, 77, 340, 337, 
0, 348, 225, 383, 372, 579, 
0, 44, 87, 268, 227, 112, 
0, 283, 535, 507, 211, 206, 
0, 575, 165, 368, 463, 140, 
0, 554, 331, 489, 536, 592, 42, 
0, 304, 475, 70, 526, 384, 
0, 276, 
0, 415, 388, 288, 287, 232, 398, 
0, 547, 235, 218, 259, 545, 
0, 350, 213, 412, 49, 284, 
0, 578, 515, 41, 427, 344, 
0, 418, 226, 219, 379, 19, 
0, 197, 444, 574, 238, 459, 
0, 581, 245, 137, 516, 406, 
0, 371, 569, 80, 559, 342, 
0, 58, 152, 523, 151, 525, 
0, 598, 120, 216, 
0, 533, 514, 456, 442, 
0, 144, 9, 478, 154, 409, 279, 
0, 577, 373, 43, 576, 182, 
0, 472, 591, 566, 
0, 532, 194, 330, 369, 171, 183, 
0, 300, 138, 257, 91, 389, 473, 
0, 20, 510, 47, 527, 105, 
0, 76, 471, 309, 298, 
0, 291, 294, 293, 168, 239, 188, 
0, 295, 148, 217, 14, 161, 
0, 394, 328, 149, 59, 310, 
0, 242, 600, 437, 83, 395, 
0, 196, 50, 90, 214, 273, 494, 
0, 572, 82, 1, 210, 
0, 92, 393, 512, 4, 229, 567, 
0, 104, 424, 588, 175, 347, 
0, 260, 7, 233, 385, 585, 
0, 297, 353, 133, 375, 
0, 417, 53, 69, 469, 146, 
0, 5, 365, 508, 378, 51, 67, 
0, 413, 522, 98, 537, 157, 
0, 322, 72, 48, 528, 521, 65, 
0, 100, 12, 465, 187, 552, 
0, 209, 272, 122, 23, 445, 
0, 262, 132, 548, 264, 71, 
0, 192, 402, 583, 74, 
0, 429, 538, 496, 153, 113, 142, 
0, 253, 215, 555, 333, 524, 
0, 551, 466, 363, 155, 303, 501, 
0, 390, 79, 399, 448, 423, 
0, 252, 55, 355, 430, 
0, 110, 103, 131, 540, 346, 
0, 503, 139, 195, 339, 164, 474, 
0, 126, 95, 529, 479, 449, 422, 
0, 289, 107, 597, 319, 179, 565, 
0, 404, 435, 352, 343, 191, 
0, 45, 220, 338, 484, 38, 513, 
0, 391, 568, 57, 40, 52, 
0, 169, 266, 185, 256, 174, 485, 
0, 46, 455, 476, 488, 557, 
0, 490, 173, 94, 111, 
0, 403, 400, 543, 376, 
0, 248, 270, 324, 401, 381, 433, 
0, 556, 16, 560, 13, 364, 231, 
0, 281, 8, 10, 434, 143, 85, 
0, 61, 318, 117, 205, 
0, 511, 62, 498, 285, 
0, 396, 193, 327, 286, 582, 240, 
0, 200, 461, 27, 596, 307, 
0, 317, 481, 203, 366, 299, 
0, 443, 544, 36, 439, 356, 254, 
0, 441, 593, 24, 184, 
0, 313, 349, 419, 325, 
0, 541, 377, 243, 96, 116, 482, 
0, 359, 460, 280, 491, 
0, 341, 181, 261, 480, 290, 
0, 470, 11, 453, 106, 
0, 136, 518, 222, 180, 312, 
0, 502, 32, 392, 37, 263, 
0, 176, 81, 114, 274, 
0, 84, 580, 305, 587, 282, 
0, 454, 357, 54, 212, 
0, 292, 73, 202, 308, 17, 
0, 170, 250, 468, 367, 25, 
0, 336, 561, 158, 457, 504, 
0, 320, 345, 563, 326, 31, 150, 
0, 60, 190, 241, 145, 
0, 599, 351, 329, 296, 483, 306, 
0, 397, 75, 495, 22, 446, 
0, 420, 249, 101, 589, 421, 
0, 332, 228, 35, 236, 497, 29, 
0, 172, 311, 246, 562, 370, 405, 
0, 186, 162, 
0, 130, 436, 78, 244, 425, 
0, 506, 438, 499, 258, 594, 
0, 477, 558, 134, 509, 163, 
0, 321, 408, 64, 33, 265, 
0, 314, 21, 550, 542, 416, 
0, 500, 493, 178, 2, 534, 66, 
0, 15, 447, 88, 
0, 141, 230, 269, 
0, 275, 119, 30, 108, 207, 
0, 387, 492, 361, 414, 271, 386, 
0, 407, 189, 360, 467, 237, 
0, 362, 458, 102, 123, 
0, 128, 302, 26, 440, 546, 198, 
0, 278, 452, 224, 505, 204, 
0, 426, 335, 199, 462, 358, 
0, 531, 99, 315, 39, 201, 
0, 118, 380, 28, 129, 68, 
0, 159, 595, 487, 301, 3, 
0, 156, 124, 549, 34, 
0, 63, 571, 18, 93, 464, 
0, 277, 428, 590, 354, 255, 520, 
0, 247, 570, 316, 147, 
0, 517, 539, 135, 431, 6, 
0, 166, 530, 584, 486, 125, 
0, 411, 160, 553, 564, 97, 
0, 451, 432, 267, 410, 374, 519, 
0, 323, 86, 56, 208, 234, 
0, 89, 334, 167, 177, 382, 
