Solution: 114 144047.330000 178247.330000

0, 502, 380, 315, 526, 384, 
0, 50, 90, 424, 214, 307, 
0, 121, 243, 434, 143, 123, 
0, 45, 220, 338, 88, 273, 421, 
0, 371, 569, 80, 559, 360, 422, 
0, 44, 455, 12, 333, 524, 
0, 578, 515, 41, 427, 217, 150, 
0, 209, 202, 555, 308, 17, 
0, 186, 162, 
0, 58, 64, 33, 229, 567, 
0, 575, 165, 368, 576, 473, 
0, 328, 53, 69, 457, 504, 
0, 547, 428, 412, 301, 423, 
0, 533, 514, 540, 2, 513, 
0, 407, 189, 237, 35, 306, 462, 
0, 130, 127, 452, 224, 221, 498, 
0, 447, 378, 463, 51, 67, 
0, 411, 160, 553, 409, 519, 
0, 5, 365, 508, 587, 179, 565, 
0, 383, 107, 597, 491, 381, 
0, 192, 511, 583, 74, 
0, 470, 11, 453, 151, 459, 
0, 110, 103, 233, 469, 146, 310, 
0, 451, 432, 267, 164, 474, 
0, 345, 563, 326, 155, 303, 501, 
0, 350, 32, 392, 39, 299, 
0, 331, 313, 419, 22, 505, 
0, 413, 518, 393, 222, 536, 180, 312, 
0, 551, 7, 260, 131, 158, 254, 
0, 169, 388, 288, 440, 546, 85, 
0, 320, 408, 349, 560, 13, 364, 265, 
0, 475, 471, 354, 255, 274, 
0, 391, 568, 57, 40, 52, 
0, 248, 387, 492, 361, 414, 271, 29, 
0, 120, 340, 337, 37, 201, 
0, 348, 225, 512, 4, 106, 586, 
0, 60, 190, 163, 592, 279, 
0, 532, 194, 330, 369, 298, 
0, 417, 466, 539, 431, 6, 
0, 156, 278, 435, 352, 464, 442, 
0, 418, 226, 219, 484, 38, 534, 
0, 397, 75, 495, 244, 562, 3, 
0, 403, 400, 543, 376, 
0, 76, 396, 70, 309, 
0, 253, 73, 187, 465, 552, 
0, 128, 302, 26, 232, 211, 206, 
0, 136, 489, 16, 556, 
0, 170, 510, 47, 367, 585, 
0, 572, 82, 1, 210, 
0, 541, 377, 590, 261, 480, 290, 
0, 420, 438, 257, 342, 
0, 297, 353, 370, 405, 425, 398, 
0, 197, 444, 574, 238, 485, 
0, 283, 535, 507, 183, 582, 240, 
0, 581, 245, 319, 280, 282, 
0, 394, 149, 250, 256, 174, 59, 
0, 295, 148, 570, 247, 344, 
0, 109, 124, 549, 117, 205, 
0, 15, 496, 153, 589, 113, 
0, 362, 458, 102, 343, 218, 
0, 415, 266, 468, 185, 31, 25, 
0, 322, 522, 98, 557, 537, 157, 
0, 242, 324, 115, 227, 112, 
0, 166, 126, 449, 483, 
0, 139, 62, 96, 108, 207, 
0, 141, 77, 276, 
0, 228, 329, 335, 199, 125, 
0, 89, 334, 167, 230, 269, 
0, 200, 600, 437, 83, 395, 
0, 341, 181, 316, 198, 147, 
0, 317, 481, 203, 366, 263, 
0, 304, 327, 193, 171, 286, 
0, 472, 591, 566, 545, 
0, 46, 215, 476, 488, 406, 
0, 390, 159, 441, 399, 259, 284, 
0, 277, 72, 48, 293, 291, 204, 
0, 262, 132, 548, 236, 386, 
0, 144, 9, 173, 94, 71, 177, 
0, 454, 357, 54, 212, 66, 
0, 402, 235, 339, 195, 520, 191, 
0, 426, 530, 584, 486, 358, 
0, 281, 8, 10, 573, 385, 456, 
0, 252, 87, 268, 251, 525, 
0, 176, 81, 114, 382, 
0, 118, 593, 24, 184, 448, 
0, 503, 436, 78, 168, 239, 188, 
0, 323, 86, 56, 208, 234, 140, 
0, 554, 493, 133, 446, 325, 97, 
0, 332, 95, 529, 479, 296, 
0, 321, 55, 272, 430, 135, 
0, 20, 270, 152, 521, 65, 
0, 213, 49, 28, 129, 68, 
0, 196, 538, 558, 134, 467, 91, 
0, 223, 561, 544, 528, 379, 19, 
0, 289, 517, 363, 527, 105, 
0, 84, 580, 137, 305, 494, 
0, 359, 401, 439, 356, 433, 
0, 404, 571, 18, 93, 346, 
0, 314, 450, 460, 516, 142, 
0, 104, 373, 175, 258, 182, 389, 
0, 292, 100, 355, 122, 23, 445, 
0, 599, 429, 509, 372, 596, 579, 
0, 172, 311, 246, 241, 145, 564, 
0, 490, 264, 351, 111, 478, 154, 
0, 275, 119, 30, 287, 14, 161, 
0, 531, 99, 79, 216, 
0, 598, 595, 487, 285, 116, 482, 
0, 300, 138, 550, 21, 416, 
0, 500, 336, 178, 294, 375, 
0, 249, 588, 101, 542, 347, 
0, 443, 63, 36, 523, 231, 
0, 61, 318, 34, 374, 410, 
0, 577, 506, 499, 43, 594, 
0, 477, 92, 461, 27, 497, 42, 
