Solution: 113 144370.688000 178270.688000

0, 576, 394, 301, 451, 543, 211, 
0, 583, 592, 586, 390, 308, 
0, 273, 202, 406, 218, 286, 
0, 382, 452, 167, 405, 177, 456, 
0, 57, 340, 345, 212, 129, 539, 
0, 189, 420, 274, 542, 
0, 332, 570, 82, 290, 144, 
0, 400, 370, 120, 193, 311, 
0, 479, 464, 175, 480, 
0, 374, 109, 14, 371, 465, 
0, 330, 269, 475, 31, 194, 25, 
0, 266, 171, 362, 91, 472, 
0, 48, 326, 548, 381, 24, 532, 
0, 554, 63, 13, 35, 568, 
0, 530, 224, 30, 134, 297, 
0, 270, 317, 236, 26, 155, 438, 
0, 458, 157, 594, 271, 210, 
0, 443, 455, 419, 227, 334, 
0, 557, 72, 519, 304, 179, 412, 
0, 46, 70, 196, 287, 489, 168, 
0, 122, 105, 327, 518, 67, 75, 
0, 298, 159, 505, 315, 470, 
0, 426, 511, 401, 268, 4, 
0, 514, 533, 446, 192, 
0, 49, 98, 10, 596, 567, 
0, 343, 201, 137, 243, 252, 
0, 403, 285, 33, 503, 506, 170, 
0, 478, 589, 354, 261, 302, 
0, 20, 226, 555, 358, 
0, 526, 333, 111, 449, 359, 338, 
0, 135, 190, 80, 1, 216, 
0, 369, 510, 366, 323, 110, 
0, 578, 562, 172, 550, 47, 
0, 497, 520, 197, 473, 66, 
0, 527, 96, 132, 356, 23, 454, 
0, 275, 74, 387, 160, 517, 
0, 283, 383, 494, 164, 104, 
0, 410, 442, 234, 233, 
0, 118, 60, 280, 404, 433, 501, 
0, 372, 7, 8, 441, 19, 161, 
0, 87, 54, 355, 278, 431, 
0, 182, 50, 296, 262, 185, 
0, 219, 558, 561, 281, 421, 
0, 463, 487, 223, 21, 
0, 125, 9, 214, 276, 187, 267, 
0, 581, 580, 587, 509, 414, 
0, 565, 336, 549, 147, 547, 
0, 546, 154, 460, 102, 388, 483, 
0, 239, 436, 352, 242, 230, 44, 
0, 253, 158, 146, 476, 222, 
0, 597, 319, 481, 292, 2, 3, 
0, 59, 128, 37, 375, 424, 
0, 181, 124, 133, 574, 389, 85, 
0, 307, 411, 237, 145, 321, 215, 
0, 466, 529, 89, 83, 423, 
0, 393, 416, 240, 380, 
0, 495, 347, 41, 432, 93, 
0, 339, 53, 68, 90, 29, 
0, 538, 126, 248, 492, 320, 200, 
0, 552, 264, 413, 288, 77, 500, 
0, 178, 99, 139, 225, 579, 
0, 522, 291, 263, 148, 348, 
0, 183, 325, 250, 329, 563, 203, 
0, 221, 598, 447, 27, 471, 174, 
0, 415, 191, 545, 173, 293, 
0, 258, 535, 6, 131, 260, 378, 
0, 259, 277, 462, 439, 140, 
0, 251, 373, 45, 577, 279, 94, 
0, 306, 328, 300, 220, 482, 
0, 331, 163, 485, 204, 540, 198, 
0, 309, 79, 341, 22, 228, 507, 
0, 544, 149, 590, 265, 493, 36, 
0, 108, 430, 254, 186, 395, 
0, 322, 461, 199, 417, 
0, 18, 457, 76, 121, 376, 65, 
0, 314, 448, 502, 117, 39, 289, 
0, 12, 386, 5, 467, 
0, 418, 360, 255, 34, 435, 
0, 112, 474, 537, 244, 142, 
0, 92, 51, 512, 143, 427, 188, 
0, 209, 71, 351, 559, 11, 
0, 113, 396, 208, 398, 600, 313, 
0, 176, 101, 284, 524, 484, 257, 
0, 114, 107, 136, 312, 166, 153, 
0, 429, 238, 232, 16, 247, 350, 
0, 498, 195, 391, 384, 213, 
0, 138, 88, 272, 256, 573, 
0, 349, 566, 335, 43, 95, 
0, 496, 346, 490, 534, 593, 513, 
0, 397, 569, 103, 379, 556, 
0, 491, 184, 365, 115, 324, 
0, 477, 408, 116, 450, 52, 
0, 521, 84, 141, 217, 294, 
0, 434, 28, 38, 551, 
0, 344, 169, 425, 599, 422, 
0, 486, 399, 564, 316, 64, 127, 
0, 61, 591, 295, 282, 
0, 459, 81, 229, 595, 310, 
0, 499, 150, 106, 207, 86, 231, 
0, 364, 156, 318, 516, 385, 
0, 58, 56, 246, 363, 553, 392, 
0, 180, 62, 571, 15, 100, 453, 
0, 402, 469, 488, 119, 531, 130, 
0, 536, 367, 504, 588, 445, 151, 
0, 342, 515, 162, 42, 97, 
0, 468, 249, 368, 541, 428, 
0, 303, 73, 572, 123, 560, 
0, 357, 575, 165, 508, 407, 
0, 525, 361, 440, 377, 55, 
0, 444, 32, 305, 40, 235, 
0, 205, 409, 585, 584, 78, 523, 
0, 152, 353, 337, 299, 582, 245, 
0, 528, 206, 69, 437, 241, 17, 
