Solution: 109 139799.632000 172499.632000

0, 105, 536, 581, 97, 124, 219, 
0, 320, 59, 539, 431, 83, 
0, 52, 420, 500, 541, 264, 
0, 298, 466, 46, 196, 272, 384, 
0, 266, 307, 80, 520, 589, 375, 
0, 252, 538, 260, 142, 57, 339, 
0, 477, 36, 29, 139, 76, 
0, 390, 151, 158, 290, 239, 483, 
0, 86, 498, 336, 333, 361, 439, 
0, 575, 180, 469, 558, 75, 
0, 559, 329, 406, 370, 
0, 286, 121, 236, 45, 508, 426, 
0, 502, 371, 25, 198, 453, 
0, 292, 376, 177, 237, 119, 567, 
0, 418, 411, 295, 3, 294, 247, 
0, 67, 388, 232, 441, 582, 
0, 389, 351, 66, 243, 540, 146, 
0, 326, 405, 56, 230, 159, 
0, 179, 136, 276, 379, 454, 132, 
0, 445, 590, 269, 523, 374, 
0, 22, 227, 199, 473, 174, 
0, 530, 205, 586, 51, 287, 
0, 593, 391, 349, 55, 115, 20, 
0, 315, 347, 319, 524, 112, 
0, 92, 330, 288, 21, 91, 471, 468, 
0, 499, 154, 325, 576, 245, 429, 
0, 529, 98, 280, 316, 513, 194, 
0, 251, 381, 413, 415, 599, 380, 
0, 555, 100, 566, 126, 521, 
0, 373, 452, 169, 438, 591, 
0, 203, 398, 580, 84, 514, 77, 202, 
0, 527, 282, 588, 534, 181, 217, 
0, 87, 182, 103, 552, 211, 
0, 289, 352, 433, 583, 302, 345, 
0, 313, 14, 216, 39, 190, 
0, 208, 403, 168, 553, 359, 563, 
0, 49, 79, 365, 306, 561, 
0, 382, 327, 331, 578, 214, 268, 
0, 140, 436, 30, 485, 40, 
0, 19, 72, 186, 7, 114, 310, 
0, 215, 467, 209, 394, 108, 
0, 185, 531, 543, 173, 253, 28, 
0, 138, 383, 27, 444, 545, 213, 
0, 68, 218, 546, 317, 164, 
0, 188, 358, 262, 242, 496, 410, 
0, 447, 71, 505, 299, 305, 
0, 364, 334, 160, 50, 350, 235, 
0, 341, 34, 41, 95, 166, 183, 
0, 470, 204, 12, 257, 197, 533, 
0, 222, 135, 409, 24, 145, 
0, 573, 511, 148, 33, 225, 308, 
0, 8, 137, 435, 342, 234, 446, 
0, 141, 258, 474, 362, 189, 65, 
0, 425, 37, 150, 549, 
0, 277, 457, 106, 255, 596, 
0, 597, 324, 548, 475, 23, 53, 
0, 340, 456, 465, 490, 348, 
0, 547, 344, 192, 293, 248, 393, 
0, 172, 193, 70, 587, 562, 
0, 1, 285, 256, 26, 463, 
0, 117, 400, 565, 102, 464, 472, 
0, 427, 525, 571, 149, 343, 
0, 417, 449, 407, 10, 462, 
0, 123, 207, 386, 430, 600, 297, 
0, 570, 5, 162, 184, 378, 579, 
0, 240, 58, 487, 424, 74, 
0, 363, 515, 171, 512, 501, 
0, 111, 176, 503, 437, 478, 
0, 47, 311, 377, 107, 165, 522, 
0, 250, 564, 550, 16, 482, 
0, 360, 504, 495, 271, 163, 
0, 191, 440, 542, 178, 
0, 526, 458, 270, 128, 461, 
0, 309, 510, 489, 127, 201, 
0, 118, 69, 273, 116, 220, 130, 
0, 291, 460, 353, 113, 338, 
0, 367, 356, 90, 206, 517, 134, 
0, 528, 11, 82, 223, 274, 554, 
0, 212, 568, 88, 120, 9, 
0, 153, 161, 595, 432, 78, 
0, 572, 368, 144, 249, 
0, 93, 516, 278, 355, 170, 279, 
0, 507, 152, 335, 48, 259, 544, 
0, 62, 238, 38, 450, 284, 
0, 267, 85, 226, 369, 4, 
0, 296, 402, 94, 366, 404, 
0, 598, 96, 42, 493, 574, 
0, 414, 385, 60, 346, 61, 443, 
0, 416, 265, 323, 125, 32, 63, 
0, 480, 224, 244, 506, 594, 89, 
0, 312, 109, 15, 396, 18, 
0, 392, 455, 81, 122, 560, 210, 
0, 337, 484, 387, 73, 300, 231, 
0, 187, 304, 131, 283, 2, 6, 
0, 332, 557, 17, 43, 195, 99, 
0, 399, 395, 459, 129, 
0, 577, 104, 481, 486, 133, 422, 
0, 241, 519, 419, 228, 322, 509, 
0, 532, 31, 13, 569, 155, 497, 
0, 233, 321, 303, 397, 372, 434, 
0, 254, 584, 110, 585, 421, 
0, 318, 518, 537, 476, 44, 54, 
0, 488, 64, 263, 200, 448, 
0, 275, 592, 428, 412, 535, 423, 
0, 314, 494, 143, 157, 
0, 301, 328, 261, 491, 35, 167, 
0, 156, 175, 442, 221, 281, 479, 
0, 551, 492, 556, 451, 229, 401, 
0, 357, 101, 246, 354, 408, 147, 
