Solution: 112 142704.814000 176304.814000

0, 499, 150, 106, 207, 86, 231, 
0, 189, 420, 274, 542, 
0, 578, 360, 255, 262, 185, 435, 
0, 48, 326, 548, 519, 304, 247, 
0, 224, 493, 265, 482, 302, 
0, 479, 372, 594, 144, 271, 
0, 498, 327, 518, 41, 432, 
0, 497, 520, 197, 66, 52, 
0, 528, 353, 328, 370, 311, 
0, 546, 154, 460, 102, 388, 483, 
0, 122, 195, 30, 134, 67, 75, 
0, 581, 70, 287, 489, 358, 
0, 525, 6, 535, 136, 320, 200, 
0, 557, 72, 71, 24, 532, 
0, 92, 344, 364, 425, 427, 481, 
0, 402, 7, 8, 441, 19, 36, 
0, 118, 60, 404, 223, 513, 
0, 430, 99, 139, 225, 579, 
0, 343, 201, 137, 173, 252, 
0, 397, 156, 312, 198, 29, 
0, 135, 190, 305, 515, 179, 412, 
0, 597, 565, 254, 186, 541, 395, 
0, 468, 580, 587, 509, 414, 
0, 477, 569, 116, 379, 556, 
0, 511, 401, 13, 42, 97, 
0, 61, 591, 295, 282, 
0, 521, 84, 141, 217, 355, 
0, 529, 466, 268, 4, 235, 
0, 309, 79, 341, 455, 228, 507, 
0, 463, 80, 1, 216, 215, 
0, 178, 512, 51, 143, 188, 
0, 332, 570, 263, 82, 362, 129, 
0, 113, 396, 208, 229, 187, 267, 
0, 180, 62, 571, 15, 100, 453, 
0, 298, 159, 43, 300, 220, 
0, 403, 285, 33, 503, 506, 170, 
0, 374, 249, 368, 473, 151, 
0, 415, 191, 545, 91, 293, 
0, 181, 124, 133, 574, 389, 350, 
0, 270, 126, 248, 280, 531, 130, 
0, 434, 28, 390, 290, 539, 
0, 183, 325, 250, 292, 599, 422, 
0, 81, 105, 384, 391, 213, 
0, 526, 333, 111, 449, 359, 338, 
0, 125, 9, 214, 276, 
0, 266, 171, 502, 448, 39, 289, 
0, 339, 418, 68, 90, 467, 
0, 413, 558, 356, 23, 454, 
0, 12, 494, 588, 445, 547, 
0, 527, 96, 318, 204, 540, 142, 
0, 426, 514, 533, 446, 192, 
0, 176, 101, 284, 524, 484, 257, 
0, 182, 50, 296, 5, 550, 47, 
0, 131, 264, 53, 378, 
0, 18, 457, 76, 121, 376, 65, 
0, 20, 226, 555, 196, 168, 
0, 169, 598, 447, 406, 174, 423, 
0, 576, 394, 301, 451, 543, 85, 
0, 544, 149, 590, 354, 261, 21, 
0, 496, 346, 232, 492, 40, 16, 
0, 108, 373, 45, 577, 279, 94, 
0, 219, 132, 561, 281, 421, 
0, 22, 351, 11, 559, 203, 
0, 536, 367, 504, 164, 278, 431, 
0, 478, 69, 437, 241, 17, 
0, 459, 398, 313, 600, 93, 
0, 253, 158, 146, 476, 222, 
0, 314, 148, 38, 117, 551, 
0, 495, 347, 595, 310, 
0, 57, 221, 27, 218, 471, 44, 
0, 283, 383, 461, 199, 
0, 112, 357, 366, 323, 110, 407, 
0, 429, 238, 485, 516, 381, 385, 
0, 306, 386, 172, 166, 153, 
0, 209, 63, 162, 35, 568, 
0, 58, 56, 246, 363, 553, 392, 
0, 393, 416, 240, 380, 
0, 552, 474, 575, 165, 508, 
0, 319, 202, 490, 534, 593, 
0, 410, 442, 234, 233, 
0, 49, 98, 10, 596, 294, 
0, 583, 345, 340, 308, 212, 472, 
0, 322, 562, 288, 77, 500, 
0, 138, 88, 272, 256, 573, 
0, 491, 184, 365, 115, 324, 
0, 239, 436, 352, 242, 230, 286, 
0, 443, 273, 37, 375, 424, 523, 
0, 307, 361, 440, 89, 417, 
0, 382, 452, 167, 405, 177, 456, 
0, 330, 349, 566, 335, 34, 95, 
0, 486, 399, 564, 316, 297, 
0, 303, 73, 572, 123, 567, 
0, 331, 411, 237, 145, 321, 83, 
0, 114, 107, 505, 315, 470, 
0, 258, 269, 475, 31, 194, 25, 
0, 554, 163, 408, 103, 450, 
0, 46, 109, 14, 371, 465, 
0, 530, 317, 236, 26, 155, 211, 
0, 59, 128, 329, 563, 3, 
0, 87, 54, 377, 55, 
0, 369, 510, 537, 244, 260, 
0, 251, 336, 549, 560, 147, 428, 
0, 400, 206, 589, 193, 582, 438, 
0, 2, 342, 419, 227, 334, 104, 
0, 522, 291, 592, 586, 348, 243, 
0, 444, 32, 487, 433, 501, 
0, 275, 74, 387, 160, 517, 
0, 259, 277, 462, 439, 140, 
0, 152, 120, 337, 299, 245, 161, 
0, 205, 409, 585, 584, 78, 210, 
0, 538, 469, 488, 119, 64, 127, 
0, 458, 157, 464, 175, 480, 
