Solution: 115 143745.630000 178245.630000

0, 391, 447, 372, 596, 163, 
0, 295, 148, 570, 247, 344, 
0, 420, 576, 43, 182, 594, 
0, 577, 373, 175, 258, 389, 
0, 77, 340, 276, 
0, 46, 215, 12, 552, 524, 
0, 500, 493, 178, 291, 239, 188, 
0, 118, 99, 315, 526, 384, 
0, 599, 429, 509, 351, 264, 71, 
0, 396, 330, 298, 309, 
0, 394, 328, 7, 256, 185, 25, 
0, 289, 580, 587, 208, 234, 140, 
0, 598, 62, 452, 224, 221, 
0, 441, 235, 195, 259, 399, 
0, 159, 593, 24, 184, 448, 
0, 403, 400, 543, 376, 
0, 317, 481, 337, 
0, 531, 471, 590, 108, 207, 482, 
0, 443, 63, 36, 439, 356, 158, 
0, 223, 561, 544, 528, 379, 19, 
0, 350, 32, 392, 39, 299, 
0, 362, 458, 102, 343, 116, 123, 
0, 541, 121, 127, 573, 456, 585, 
0, 314, 450, 460, 516, 142, 
0, 169, 266, 468, 367, 174, 59, 
0, 477, 190, 27, 461, 592, 
0, 61, 318, 495, 244, 425, 505, 
0, 575, 165, 368, 463, 67, 
0, 502, 380, 487, 301, 218, 191, 
0, 454, 357, 54, 212, 519, 
0, 197, 444, 47, 105, 504, 
0, 270, 152, 98, 537, 157, 
0, 390, 79, 216, 366, 545, 
0, 353, 149, 41, 427, 206, 
0, 119, 30, 74, 
0, 387, 92, 241, 145, 564, 
0, 166, 479, 486, 125, 358, 
0, 300, 138, 257, 360, 342, 237, 
0, 170, 250, 574, 155, 303, 501, 
0, 253, 73, 187, 465, 17, 
0, 109, 124, 549, 117, 205, 
0, 167, 81, 114, 382, 
0, 136, 489, 16, 556, 106, 
0, 172, 311, 246, 34, 374, 410, 204, 
0, 397, 533, 514, 385, 442, 
0, 578, 515, 233, 469, 146, 310, 
0, 407, 228, 35, 236, 29, 
0, 517, 363, 430, 1, 135, 
0, 581, 245, 137, 589, 113, 
0, 120, 203, 37, 201, 
0, 511, 339, 377, 261, 480, 290, 
0, 341, 181, 316, 14, 217, 150, 
0, 15, 58, 33, 229, 567, 
0, 408, 64, 523, 557, 586, 
0, 436, 78, 294, 375, 97, 
0, 144, 492, 361, 414, 271, 386, 
0, 313, 349, 560, 13, 364, 265, 
0, 321, 55, 355, 122, 23, 445, 
0, 44, 455, 333, 488, 282, 
0, 45, 220, 338, 22, 370, 405, 
0, 104, 189, 132, 548, 497, 42, 
0, 242, 324, 115, 227, 112, 
0, 365, 225, 88, 273, 421, 
0, 196, 50, 101, 416, 542, 347, 
0, 336, 331, 419, 446, 325, 
0, 490, 173, 94, 111, 177, 
0, 323, 86, 56, 378, 65, 
0, 470, 11, 453, 151, 459, 
0, 417, 466, 539, 431, 6, 
0, 551, 260, 53, 69, 457, 485, 
0, 371, 569, 80, 584, 296, 
0, 20, 510, 82, 527, 238, 
0, 547, 428, 412, 49, 284, 
0, 252, 87, 268, 251, 525, 
0, 60, 393, 512, 4, 
0, 554, 518, 222, 536, 180, 312, 
0, 451, 432, 164, 269, 474, 
0, 348, 508, 496, 153, 579, 
0, 186, 162, 
0, 415, 388, 288, 287, 211, 85, 
0, 192, 402, 583, 423, 263, 
0, 413, 522, 401, 381, 231, 
0, 156, 278, 435, 352, 398, 66, 
0, 332, 329, 335, 422, 199, 462, 
0, 130, 48, 72, 293, 168, 513, 
0, 5, 538, 558, 134, 307, 
0, 248, 359, 568, 57, 40, 52, 
0, 297, 75, 133, 562, 3, 
0, 506, 438, 499, 473, 91, 
0, 262, 84, 305, 319, 179, 565, 
0, 89, 334, 9, 478, 154, 409, 279, 
0, 110, 404, 571, 18, 93, 464, 
0, 176, 230, 274, 
0, 418, 226, 219, 484, 38, 534, 
0, 532, 194, 354, 255, 520, 
0, 283, 327, 193, 171, 286, 
0, 126, 95, 529, 449, 483, 
0, 383, 107, 597, 491, 433, 
0, 277, 595, 213, 28, 129, 68, 
0, 503, 139, 243, 96, 285, 
0, 281, 8, 10, 434, 143, 498, 
0, 322, 103, 131, 540, 2, 346, 
0, 275, 572, 272, 210, 254, 
0, 128, 302, 26, 440, 232, 198, 
0, 426, 530, 559, 467, 306, 
0, 411, 160, 553, 267, 
0, 200, 600, 437, 83, 395, 
0, 76, 535, 507, 183, 582, 240, 
0, 249, 588, 550, 21, 51, 
0, 472, 591, 566, 
0, 141, 90, 424, 214, 494, 
0, 320, 345, 563, 326, 31, 546, 
0, 209, 202, 555, 308, 406, 
0, 292, 100, 476, 280, 521, 
0, 304, 475, 70, 369, 147, 161, 
