Solution: 114 145190.878000 179390.878000

0, 112, 474, 537, 244, 421, 
0, 331, 326, 548, 387, 381, 385, 
0, 124, 33, 389, 85, 
0, 415, 191, 545, 173, 293, 
0, 303, 73, 10, 572, 294, 
0, 180, 62, 571, 15, 100, 453, 
0, 583, 171, 94, 243, 539, 
0, 181, 463, 557, 71, 24, 532, 
0, 554, 202, 406, 218, 593, 
0, 364, 425, 427, 143, 188, 
0, 343, 201, 137, 362, 129, 472, 
0, 426, 466, 529, 89, 321, 83, 
0, 443, 273, 487, 501, 456, 
0, 346, 418, 68, 90, 260, 
0, 81, 195, 391, 384, 213, 
0, 12, 477, 533, 446, 
0, 499, 150, 106, 207, 86, 231, 
0, 528, 353, 120, 370, 245, 193, 
0, 84, 249, 368, 123, 560, 
0, 114, 410, 442, 234, 433, 404, 
0, 183, 325, 250, 329, 563, 424, 
0, 498, 152, 337, 299, 582, 438, 
0, 330, 269, 335, 31, 194, 25, 
0, 495, 347, 41, 432, 93, 
0, 167, 486, 399, 316, 297, 595, 
0, 209, 13, 42, 534, 192, 97, 
0, 264, 413, 288, 77, 500, 
0, 18, 457, 76, 121, 341, 3, 
0, 309, 79, 223, 37, 267, 
0, 59, 295, 189, 420, 274, 210, 
0, 521, 336, 549, 588, 547, 
0, 122, 105, 327, 518, 67, 75, 
0, 266, 502, 117, 448, 39, 289, 
0, 546, 154, 460, 102, 388, 483, 
0, 138, 88, 555, 168, 47, 
0, 434, 28, 38, 551, 
0, 61, 591, 585, 584, 78, 187, 
0, 455, 22, 419, 227, 334, 
0, 46, 109, 14, 371, 465, 
0, 496, 342, 72, 519, 304, 179, 
0, 48, 569, 116, 103, 450, 
0, 491, 184, 365, 115, 324, 
0, 107, 131, 315, 470, 
0, 374, 386, 172, 550, 29, 
0, 322, 74, 461, 417, 
0, 397, 156, 312, 166, 153, 
0, 479, 464, 175, 480, 
0, 576, 394, 236, 26, 155, 211, 
0, 239, 436, 352, 242, 230, 286, 
0, 251, 373, 45, 577, 279, 395, 
0, 339, 296, 255, 34, 95, 
0, 393, 416, 240, 380, 
0, 369, 510, 366, 323, 110, 
0, 314, 592, 586, 390, 308, 
0, 49, 98, 473, 147, 428, 
0, 275, 562, 540, 247, 350, 
0, 372, 7, 8, 441, 19, 161, 
0, 544, 149, 590, 354, 261, 21, 
0, 178, 512, 51, 481, 271, 
0, 490, 351, 162, 11, 235, 
0, 125, 9, 214, 276, 542, 
0, 270, 126, 248, 280, 531, 302, 
0, 113, 128, 292, 2, 376, 65, 
0, 530, 224, 30, 134, 241, 17, 
0, 332, 570, 82, 290, 144, 
0, 403, 285, 232, 492, 378, 16, 
0, 458, 157, 594, 375, 215, 523, 
0, 219, 132, 356, 23, 454, 
0, 367, 504, 494, 445, 151, 
0, 108, 430, 225, 145, 579, 
0, 598, 199, 268, 35, 568, 
0, 527, 559, 63, 515, 228, 507, 
0, 57, 340, 345, 91, 212, 
0, 578, 360, 575, 165, 508, 407, 
0, 400, 206, 589, 503, 506, 170, 
0, 282, 
0, 514, 408, 4, 
0, 459, 398, 600, 313, 
0, 298, 159, 505, 43, 435, 
0, 253, 158, 146, 476, 222, 
0, 396, 208, 452, 405, 177, 130, 
0, 478, 437, 69, 311, 
0, 357, 558, 561, 281, 379, 
0, 526, 96, 272, 573, 256, 338, 
0, 182, 50, 53, 5, 467, 
0, 581, 70, 287, 489, 358, 
0, 444, 32, 305, 40, 412, 
0, 258, 163, 485, 516, 160, 517, 
0, 58, 56, 246, 363, 553, 392, 
0, 259, 277, 462, 439, 140, 
0, 306, 301, 317, 451, 543, 
0, 402, 119, 493, 265, 482, 36, 
0, 118, 60, 328, 300, 220, 
0, 20, 226, 196, 596, 567, 
0, 87, 318, 204, 198, 142, 
0, 205, 409, 382, 229, 310, 
0, 597, 536, 99, 139, 252, 
0, 565, 186, 254, 541, 431, 
0, 468, 580, 141, 509, 414, 
0, 429, 238, 133, 574, 233, 
0, 411, 237, 278, 164, 
0, 552, 6, 535, 136, 320, 200, 
0, 283, 383, 54, 217, 355, 52, 
0, 538, 469, 488, 564, 64, 127, 
0, 319, 221, 27, 471, 423, 44, 
0, 522, 291, 263, 148, 348, 
0, 349, 566, 475, 262, 185, 
0, 135, 190, 80, 1, 216, 203, 
0, 525, 333, 111, 449, 359, 556, 
0, 307, 361, 440, 377, 55, 
0, 497, 520, 197, 587, 66, 
0, 176, 101, 284, 524, 484, 257, 
0, 511, 401, 447, 174, 104, 
0, 92, 344, 169, 599, 422, 513, 
