Solution: 116 144078.760000 178878.760000

0, 397, 75, 357, 54, 398, 425, 505, 
0, 176, 230, 274, 
0, 322, 548, 225, 88, 273, 421, 
0, 517, 363, 430, 1, 135, 
0, 224, 10, 14, 147, 198, 
0, 277, 595, 428, 412, 49, 284, 
0, 503, 139, 195, 339, 74, 
0, 418, 226, 219, 19, 239, 405, 
0, 436, 78, 294, 484, 38, 
0, 291, 55, 355, 210, 
0, 581, 245, 319, 280, 488, 
0, 407, 189, 499, 258, 594, 
0, 451, 432, 267, 164, 474, 
0, 323, 86, 56, 378, 234, 140, 
0, 300, 138, 257, 91, 342, 
0, 119, 30, 385, 456, 
0, 20, 510, 82, 527, 105, 
0, 502, 380, 315, 526, 384, 
0, 297, 353, 133, 375, 
0, 118, 593, 24, 184, 448, 
0, 64, 338, 536, 180, 312, 
0, 166, 126, 584, 486, 296, 
0, 89, 334, 167, 114, 382, 
0, 404, 571, 469, 146, 310, 
0, 348, 73, 187, 333, 67, 
0, 120, 340, 337, 37, 201, 
0, 417, 466, 539, 431, 6, 
0, 141, 558, 351, 111, 177, 
0, 248, 387, 492, 361, 414, 271, 29, 
0, 283, 535, 507, 108, 207, 
0, 169, 388, 288, 232, 217, 206, 
0, 314, 450, 460, 491, 282, 
0, 295, 148, 570, 247, 344, 
0, 197, 444, 115, 251, 586, 
0, 46, 455, 476, 465, 17, 
0, 531, 99, 79, 216, 
0, 394, 149, 47, 256, 174, 59, 
0, 209, 272, 122, 23, 445, 
0, 45, 72, 48, 293, 168, 188, 
0, 532, 194, 330, 369, 171, 183, 
0, 156, 278, 435, 352, 585, 442, 
0, 281, 121, 243, 434, 143, 498, 
0, 60, 190, 241, 145, 519, 
0, 104, 90, 424, 214, 494, 
0, 575, 165, 368, 463, 51, 
0, 170, 250, 574, 155, 303, 501, 
0, 110, 103, 131, 540, 346, 
0, 472, 591, 566, 
0, 489, 349, 560, 13, 364, 231, 
0, 223, 561, 544, 528, 65, 459, 
0, 426, 530, 449, 483, 
0, 490, 173, 94, 264, 71, 
0, 321, 408, 313, 16, 556, 567, 
0, 186, 162, 
0, 391, 568, 57, 40, 52, 
0, 172, 311, 246, 34, 374, 204, 
0, 144, 9, 478, 154, 409, 279, 
0, 599, 50, 101, 175, 542, 347, 
0, 61, 318, 117, 205, 410, 
0, 415, 266, 468, 367, 31, 25, 
0, 554, 92, 461, 27, 497, 42, 
0, 304, 471, 354, 255, 520, 3, 
0, 336, 331, 419, 446, 513, 
0, 253, 572, 238, 254, 379, 
0, 371, 569, 80, 559, 360, 237, 
0, 136, 518, 222, 163, 97, 
0, 76, 475, 70, 309, 298, 
0, 289, 107, 597, 439, 356, 433, 
0, 317, 481, 203, 366, 
0, 292, 100, 202, 555, 308, 
0, 470, 11, 453, 592, 
0, 362, 458, 102, 123, 
0, 275, 345, 563, 326, 185, 504, 
0, 242, 393, 512, 4, 106, 
0, 538, 577, 506, 438, 473, 389, 
0, 454, 495, 22, 244, 370, 
0, 200, 600, 437, 83, 395, 
0, 396, 193, 327, 286, 582, 240, 
0, 350, 32, 392, 39, 299, 
0, 44, 215, 12, 552, 524, 
0, 81, 329, 335, 422, 199, 462, 
0, 15, 58, 33, 229, 265, 
0, 383, 324, 401, 381, 557, 
0, 84, 580, 305, 587, 142, 
0, 420, 373, 43, 182, 576, 
0, 276, 
0, 109, 328, 53, 69, 457, 485, 
0, 413, 447, 496, 153, 589, 113, 
0, 77, 62, 487, 301, 343, 191, 
0, 477, 429, 509, 596, 307, 579, 
0, 196, 228, 35, 236, 386, 
0, 341, 181, 316, 287, 211, 161, 
0, 511, 235, 218, 259, 545, 
0, 262, 132, 134, 467, 306, 
0, 124, 549, 212, 562, 
0, 541, 377, 590, 261, 480, 290, 
0, 5, 365, 508, 372, 325, 
0, 128, 302, 26, 440, 546, 85, 
0, 249, 588, 550, 21, 416, 
0, 547, 8, 96, 285, 116, 482, 
0, 332, 95, 529, 479, 125, 358, 
0, 192, 402, 583, 269, 
0, 252, 87, 268, 516, 406, 
0, 551, 260, 7, 227, 112, 158, 
0, 403, 400, 543, 376, 
0, 270, 152, 98, 537, 157, 
0, 500, 493, 178, 2, 534, 66, 
0, 578, 515, 233, 41, 427, 150, 
0, 411, 160, 553, 564, 
0, 359, 137, 208, 179, 565, 
0, 390, 159, 441, 399, 423, 263, 
0, 320, 522, 220, 151, 525, 
0, 598, 213, 28, 129, 68, 
0, 443, 63, 36, 523, 521, 
0, 533, 514, 18, 93, 464, 
0, 130, 127, 452, 573, 221, 
