Solution: 125 152895.400000 190395.400000

0, 353, 495, 22, 446, 
0, 89, 334, 167, 114, 382, 
0, 176, 230, 274, 
0, 511, 124, 205, 
0, 503, 139, 195, 339, 164, 474, 
0, 591, 61, 74, 269, 
0, 109, 260, 7, 18, 93, 
0, 320, 554, 152, 401, 381, 433, 
0, 547, 235, 218, 520, 
0, 79, 99, 315, 526, 384, 
0, 248, 387, 492, 414, 236, 386, 
0, 341, 49, 412, 255, 399, 
0, 277, 428, 213, 24, 284, 
0, 472, 566, 
0, 350, 216, 
0, 266, 563, 468, 367, 25, 
0, 411, 160, 553, 564, 
0, 281, 458, 102, 116, 123, 
0, 172, 311, 190, 163, 592, 97, 
0, 500, 493, 419, 157, 325, 
0, 418, 226, 219, 19, 239, 405, 
0, 81, 490, 173, 94, 71, 
0, 295, 148, 570, 247, 344, 
0, 551, 466, 363, 155, 303, 501, 
0, 200, 518, 222, 536, 180, 312, 
0, 413, 522, 4, 
0, 196, 246, 549, 34, 
0, 119, 30, 385, 85, 
0, 283, 535, 507, 183, 298, 
0, 332, 329, 335, 422, 199, 
0, 328, 53, 69, 485, 
0, 443, 540, 544, 528, 38, 534, 
0, 477, 429, 351, 111, 177, 
0, 292, 100, 476, 280, 488, 
0, 538, 580, 305, 587, 179, 565, 
0, 578, 515, 233, 469, 146, 310, 
0, 407, 228, 35, 264, 271, 29, 
0, 289, 84, 137, 208, 234, 140, 
0, 15, 58, 33, 229, 265, 
0, 128, 302, 26, 232, 217, 206, 
0, 415, 388, 440, 546, 482, 
0, 599, 64, 313, 364, 231, 567, 
0, 5, 558, 509, 596, 307, 
0, 359, 463, 542, 416, 
0, 394, 149, 185, 256, 174, 59, 
0, 470, 11, 453, 106, 
0, 371, 569, 80, 584, 296, 
0, 126, 95, 529, 449, 483, 
0, 365, 508, 153, 3, 
0, 336, 220, 98, 523, 346, 
0, 391, 568, 57, 40, 
0, 300, 138, 257, 342, 
0, 104, 189, 360, 389, 473, 91, 
0, 242, 600, 437, 83, 395, 
0, 426, 530, 559, 467, 306, 
0, 598, 62, 377, 108, 207, 
0, 197, 444, 210, 457, 504, 
0, 46, 455, 333, 67, 51, 
0, 252, 55, 227, 112, 
0, 86, 56, 378, 52, 
0, 297, 75, 133, 375, 
0, 44, 215, 12, 552, 524, 
0, 420, 576, 43, 182, 347, 
0, 322, 92, 461, 27, 497, 42, 
0, 581, 245, 319, 254, 158, 
0, 262, 132, 134, 237, 462, 
0, 323, 87, 268, 355, 23, 445, 
0, 8, 590, 354, 
0, 253, 73, 187, 465, 17, 
0, 345, 517, 539, 238, 
0, 321, 548, 225, 372, 579, 
0, 575, 165, 368, 151, 525, 
0, 170, 250, 47, 6, 379, 
0, 331, 349, 241, 145, 
0, 270, 338, 521, 65, 459, 
0, 577, 373, 175, 258, 594, 
0, 502, 32, 392, 39, 299, 
0, 348, 90, 424, 273, 421, 
0, 436, 78, 244, 425, 505, 
0, 45, 72, 48, 293, 168, 188, 
0, 223, 561, 36, 557, 537, 
0, 408, 16, 556, 370, 279, 
0, 291, 324, 115, 251, 586, 
0, 397, 127, 10, 434, 143, 498, 
0, 169, 316, 198, 211, 161, 
0, 120, 340, 337, 366, 37, 263, 
0, 63, 571, 456, 442, 
0, 454, 357, 54, 212, 519, 
0, 533, 514, 224, 221, 
0, 404, 435, 352, 398, 66, 
0, 541, 121, 243, 585, 573, 464, 
0, 471, 194, 70, 309, 
0, 396, 330, 261, 480, 290, 
0, 192, 402, 583, 
0, 144, 9, 361, 409, 478, 154, 
0, 209, 202, 555, 308, 
0, 20, 510, 82, 1, 430, 
0, 362, 487, 595, 301, 343, 191, 
0, 130, 178, 294, 484, 2, 513, 
0, 278, 452, 96, 285, 
0, 156, 318, 117, 562, 
0, 317, 481, 203, 201, 
0, 532, 380, 28, 129, 68, 
0, 531, 390, 184, 448, 423, 
0, 403, 400, 543, 376, 
0, 166, 479, 486, 125, 358, 
0, 60, 393, 512, 
0, 136, 489, 13, 560, 
0, 572, 272, 122, 135, 
0, 451, 432, 267, 410, 374, 204, 
0, 77, 276, 
0, 506, 438, 499, 214, 494, 
0, 288, 326, 41, 150, 
0, 249, 588, 550, 21, 113, 
0, 314, 447, 496, 88, 
0, 141, 50, 101, 589, 142, 
0, 159, 450, 460, 516, 406, 
0, 118, 593, 441, 259, 545, 
0, 110, 103, 131, 439, 356, 
0, 383, 107, 597, 491, 282, 
0, 186, 162, 
0, 76, 193, 327, 286, 582, 240, 
0, 417, 574, 431, 527, 105, 
0, 275, 181, 287, 14, 31, 427, 
0, 304, 475, 369, 171, 147, 
