Solution: 110 141389.248000 174389.248000

0, 250, 564, 550, 290, 124, 
0, 373, 452, 60, 346, 554, 
0, 1, 285, 505, 508, 308, 
0, 526, 525, 110, 23, 443, 
0, 153, 161, 595, 432, 78, 
0, 266, 307, 80, 520, 26, 463, 
0, 156, 94, 584, 541, 343, 
0, 233, 538, 260, 142, 57, 146, 
0, 218, 559, 143, 2, 6, 
0, 301, 391, 55, 12, 482, 35, 
0, 511, 299, 148, 33, 219, 
0, 252, 71, 510, 305, 579, 446, 
0, 499, 154, 325, 444, 239, 
0, 477, 36, 29, 139, 115, 20, 
0, 208, 403, 168, 553, 195, 310, 
0, 117, 400, 565, 102, 464, 472, 
0, 570, 5, 162, 184, 378, 339, 
0, 191, 440, 178, 
0, 52, 254, 495, 169, 594, 
0, 480, 224, 209, 394, 108, 
0, 140, 436, 30, 342, 234, 497, 
0, 360, 504, 585, 438, 421, 
0, 185, 376, 177, 237, 119, 567, 
0, 312, 321, 303, 107, 44, 54, 
0, 470, 536, 581, 491, 167, 
0, 93, 182, 355, 170, 408, 147, 
0, 47, 311, 334, 485, 40, 235, 
0, 577, 578, 331, 422, 214, 21, 
0, 8, 137, 457, 106, 190, 
0, 382, 87, 103, 552, 211, 
0, 179, 136, 276, 181, 454, 217, 
0, 251, 381, 278, 413, 242, 496, 410, 
0, 427, 324, 548, 475, 149, 
0, 337, 484, 387, 73, 300, 231, 
0, 298, 37, 150, 460, 353, 132, 
0, 425, 588, 534, 379, 268, 
0, 123, 207, 374, 25, 287, 
0, 555, 176, 144, 113, 338, 
0, 455, 81, 122, 560, 210, 
0, 392, 277, 31, 116, 220, 483, 
0, 172, 193, 70, 587, 562, 544, 
0, 356, 64, 263, 200, 61, 
0, 417, 82, 462, 10, 253, 
0, 275, 309, 344, 487, 90, 4, 
0, 445, 590, 269, 198, 453, 
0, 49, 227, 15, 566, 521, 
0, 296, 352, 433, 583, 302, 345, 
0, 320, 282, 368, 42, 493, 574, 
0, 340, 458, 270, 128, 461, 
0, 222, 135, 409, 24, 145, 
0, 56, 405, 45, 426, 225, 
0, 502, 371, 523, 41, 95, 
0, 141, 258, 474, 362, 189, 65, 
0, 318, 518, 537, 476, 165, 589, 
0, 92, 330, 516, 415, 599, 380, 
0, 389, 351, 66, 223, 274, 372, 
0, 105, 328, 261, 514, 77, 202, 
0, 528, 347, 88, 524, 112, 
0, 91, 288, 506, 450, 249, 
0, 291, 100, 469, 53, 75, 
0, 313, 14, 216, 39, 430, 183, 
0, 187, 304, 175, 467, 221, 281, 479, 
0, 68, 314, 494, 248, 424, 393, 
0, 118, 69, 273, 255, 517, 
0, 131, 283, 419, 228, 322, 
0, 203, 398, 580, 459, 129, 
0, 293, 192, 3, 294, 247, 401, 
0, 390, 151, 158, 16, 230, 159, 
0, 551, 492, 556, 451, 229, 509, 
0, 212, 449, 397, 540, 522, 
0, 67, 370, 186, 359, 563, 448, 
0, 188, 358, 262, 163, 284, 
0, 402, 96, 271, 366, 404, 
0, 363, 568, 319, 83, 431, 
0, 341, 34, 386, 600, 166, 297, 
0, 416, 383, 236, 27, 545, 213, 
0, 529, 98, 50, 490, 434, 
0, 598, 244, 442, 89, 279, 
0, 215, 388, 232, 441, 582, 
0, 86, 498, 336, 333, 361, 439, 
0, 289, 531, 543, 519, 375, 264, 
0, 111, 420, 500, 478, 384, 
0, 385, 160, 350, 173, 28, 
0, 597, 466, 196, 46, 272, 591, 
0, 572, 503, 437, 549, 
0, 575, 280, 316, 194, 561, 
0, 399, 542, 240, 335, 84, 423, 
0, 332, 329, 406, 157, 
0, 527, 104, 481, 486, 133, 
0, 357, 515, 171, 512, 501, 
0, 138, 265, 323, 125, 32, 63, 
0, 447, 456, 465, 513, 348, 
0, 315, 59, 539, 243, 407, 
0, 286, 121, 204, 576, 245, 429, 
0, 62, 238, 327, 38, 471, 468, 
0, 573, 326, 11, 256, 120, 9, 
0, 414, 488, 557, 17, 43, 99, 
0, 267, 85, 58, 226, 74, 
0, 292, 109, 396, 199, 473, 174, 
0, 507, 152, 206, 48, 259, 596, 
0, 418, 411, 295, 489, 127, 201, 
0, 395, 547, 546, 317, 369, 
0, 367, 13, 435, 569, 155, 130, 
0, 364, 79, 365, 306, 18, 
0, 241, 72, 377, 7, 114, 
0, 571, 22, 180, 126, 558, 
0, 19, 101, 246, 354, 164, 
0, 593, 349, 257, 197, 533, 97, 
0, 532, 428, 592, 412, 535, 134, 
0, 530, 205, 586, 51, 76, 
