Solution: 114 144195.380000 178395.380000

0, 46, 455, 476, 465, 187, 
0, 141, 162, 
0, 242, 466, 539, 47, 6, 
0, 348, 215, 333, 179, 565, 
0, 362, 487, 595, 301, 284, 
0, 192, 402, 583, 
0, 391, 568, 57, 40, 52, 
0, 104, 373, 258, 175, 542, 416, 
0, 186, 77, 340, 276, 
0, 578, 515, 233, 469, 146, 310, 
0, 371, 569, 80, 559, 360, 237, 
0, 295, 148, 570, 247, 344, 
0, 426, 530, 486, 125, 358, 
0, 196, 518, 393, 222, 180, 312, 
0, 76, 396, 316, 198, 147, 
0, 262, 132, 548, 467, 306, 
0, 20, 560, 349, 419, 325, 398, 
0, 60, 190, 27, 461, 97, 
0, 502, 32, 392, 39, 299, 
0, 420, 499, 43, 182, 473, 
0, 176, 81, 114, 382, 274, 
0, 209, 202, 355, 23, 445, 
0, 345, 563, 326, 367, 174, 59, 
0, 304, 475, 70, 369, 582, 240, 
0, 541, 121, 243, 96, 116, 123, 
0, 169, 388, 26, 232, 211, 206, 
0, 350, 99, 24, 184, 448, 
0, 551, 260, 53, 69, 457, 521, 
0, 213, 49, 28, 129, 68, 
0, 300, 138, 257, 342, 
0, 503, 278, 435, 352, 585, 442, 
0, 253, 100, 555, 308, 17, 
0, 159, 450, 460, 516, 406, 
0, 341, 458, 102, 285, 343, 191, 
0, 110, 103, 131, 540, 2, 346, 
0, 130, 127, 452, 573, 385, 456, 
0, 128, 302, 288, 440, 546, 482, 
0, 323, 429, 509, 351, 111, 386, 
0, 436, 78, 294, 375, 
0, 45, 72, 48, 293, 239, 188, 
0, 411, 160, 553, 409, 519, 
0, 44, 87, 268, 227, 112, 
0, 581, 245, 319, 280, 488, 
0, 156, 318, 331, 133, 478, 154, 
0, 50, 90, 424, 214, 273, 594, 
0, 443, 63, 36, 523, 65, 
0, 5, 365, 508, 153, 589, 113, 
0, 397, 75, 495, 244, 562, 3, 
0, 511, 139, 195, 339, 74, 
0, 418, 226, 219, 484, 38, 534, 
0, 404, 571, 18, 93, 464, 
0, 554, 136, 489, 536, 592, 
0, 321, 572, 272, 122, 254, 
0, 248, 387, 492, 361, 414, 271, 29, 
0, 320, 220, 338, 313, 13, 364, 513, 
0, 332, 95, 529, 479, 296, 
0, 394, 328, 149, 41, 217, 150, 
0, 283, 327, 193, 171, 286, 
0, 547, 235, 218, 259, 545, 
0, 451, 432, 267, 164, 474, 
0, 413, 522, 401, 381, 557, 
0, 490, 264, 35, 236, 497, 42, 
0, 61, 124, 117, 205, 
0, 289, 107, 597, 439, 356, 158, 
0, 86, 56, 378, 51, 67, 
0, 359, 137, 208, 234, 140, 
0, 281, 8, 10, 434, 143, 498, 
0, 277, 428, 590, 354, 255, 520, 
0, 84, 580, 305, 587, 282, 
0, 228, 329, 335, 422, 199, 462, 
0, 270, 152, 98, 537, 157, 
0, 109, 118, 79, 216, 
0, 322, 510, 82, 1, 430, 
0, 454, 357, 54, 212, 66, 
0, 314, 447, 496, 88, 579, 
0, 408, 64, 556, 567, 231, 
0, 383, 324, 115, 491, 433, 
0, 599, 577, 506, 438, 91, 347, 
0, 172, 311, 246, 34, 374, 410, 204, 
0, 500, 493, 178, 168, 425, 505, 
0, 194, 471, 412, 309, 298, 
0, 317, 481, 203, 366, 
0, 15, 58, 33, 229, 265, 
0, 470, 11, 453, 151, 459, 
0, 200, 225, 372, 596, 163, 
0, 89, 334, 167, 230, 269, 
0, 549, 600, 437, 83, 395, 
0, 166, 126, 584, 449, 483, 
0, 297, 353, 22, 446, 370, 405, 
0, 417, 7, 431, 527, 105, 
0, 291, 55, 251, 525, 
0, 170, 250, 574, 155, 303, 501, 
0, 598, 120, 337, 37, 201, 
0, 538, 558, 134, 494, 307, 
0, 197, 444, 210, 238, 485, 
0, 390, 593, 441, 399, 423, 263, 
0, 119, 30, 108, 207, 85, 
0, 415, 266, 468, 256, 185, 25, 
0, 62, 377, 261, 480, 290, 
0, 531, 330, 535, 507, 183, 161, 
0, 532, 380, 315, 526, 384, 
0, 336, 16, 512, 4, 106, 586, 
0, 575, 165, 368, 463, 142, 
0, 275, 181, 287, 14, 31, 427, 
0, 252, 517, 363, 135, 504, 
0, 144, 9, 173, 94, 71, 177, 
0, 292, 73, 12, 552, 524, 
0, 533, 514, 224, 221, 
0, 223, 561, 544, 528, 379, 19, 
0, 472, 591, 566, 
0, 407, 189, 101, 576, 389, 
0, 249, 588, 550, 21, 421, 
0, 403, 400, 543, 376, 
0, 477, 92, 241, 145, 564, 279, 
