Solution: 117 146115.452000 181215.452000

0, 554, 493, 133, 446, 325, 513, 
0, 429, 538, 558, 134, 307, 
0, 277, 595, 213, 28, 129, 68, 
0, 15, 58, 33, 40, 52, 
0, 578, 515, 233, 41, 427, 150, 
0, 411, 160, 553, 592, 519, 
0, 466, 539, 135, 431, 6, 
0, 89, 334, 167, 230, 269, 
0, 223, 72, 48, 528, 293, 168, 
0, 577, 438, 499, 182, 347, 
0, 253, 73, 187, 465, 17, 
0, 404, 435, 352, 425, 66, 
0, 371, 569, 80, 559, 342, 
0, 443, 544, 131, 540, 2, 534, 
0, 350, 32, 392, 37, 545, 
0, 169, 388, 26, 232, 217, 206, 
0, 252, 517, 363, 238, 485, 
0, 472, 591, 566, 
0, 128, 302, 288, 440, 31, 546, 
0, 63, 571, 469, 146, 310, 
0, 197, 561, 439, 356, 158, 254, 
0, 76, 535, 507, 183, 582, 240, 
0, 407, 329, 335, 422, 199, 462, 
0, 533, 514, 18, 93, 346, 
0, 323, 228, 264, 35, 306, 71, 
0, 332, 95, 529, 479, 125, 358, 
0, 249, 588, 175, 258, 214, 
0, 248, 387, 492, 361, 414, 271, 29, 
0, 317, 481, 203, 366, 299, 
0, 420, 373, 43, 576, 594, 
0, 599, 92, 600, 437, 83, 163, 
0, 532, 380, 487, 301, 343, 191, 
0, 359, 137, 208, 234, 525, 
0, 451, 196, 432, 267, 
0, 417, 444, 36, 381, 557, 
0, 314, 225, 383, 372, 395, 
0, 209, 272, 122, 23, 445, 
0, 547, 235, 218, 259, 520, 
0, 46, 215, 12, 552, 524, 
0, 186, 77, 340, 276, 
0, 304, 471, 412, 49, 284, 
0, 100, 202, 555, 308, 
0, 86, 56, 378, 57, 140, 
0, 391, 568, 523, 265, 
0, 341, 428, 590, 108, 207, 85, 
0, 348, 447, 496, 88, 142, 
0, 345, 563, 326, 155, 303, 501, 
0, 44, 245, 319, 280, 
0, 87, 268, 355, 430, 
0, 418, 291, 178, 294, 375, 
0, 426, 530, 449, 483, 
0, 490, 173, 94, 111, 177, 
0, 300, 138, 257, 91, 389, 473, 
0, 226, 219, 19, 239, 188, 
0, 159, 593, 441, 399, 423, 263, 
0, 289, 107, 597, 491, 433, 
0, 192, 402, 216, 
0, 170, 510, 574, 527, 105, 
0, 109, 390, 79, 24, 184, 448, 
0, 477, 509, 351, 236, 497, 42, 
0, 328, 55, 251, 464, 
0, 572, 82, 1, 210, 
0, 8, 10, 434, 14, 480, 
0, 295, 148, 570, 247, 344, 
0, 506, 101, 21, 542, 416, 
0, 141, 541, 376, 
0, 394, 149, 250, 256, 174, 59, 
0, 110, 103, 69, 47, 504, 
0, 503, 139, 195, 339, 74, 
0, 61, 281, 377, 354, 255, 290, 
0, 45, 220, 338, 484, 38, 65, 
0, 270, 152, 98, 537, 157, 
0, 121, 127, 573, 143, 442, 
0, 130, 436, 78, 405, 370, 505, 
0, 397, 75, 357, 54, 212, 
0, 531, 502, 39, 201, 
0, 84, 580, 305, 587, 282, 
0, 20, 331, 419, 313, 13, 364, 567, 
0, 104, 189, 132, 360, 467, 237, 
0, 275, 181, 316, 287, 211, 198, 
0, 166, 126, 584, 486, 296, 
0, 551, 349, 241, 145, 564, 279, 
0, 403, 400, 543, 162, 
0, 450, 460, 516, 406, 
0, 598, 120, 337, 
0, 278, 243, 96, 285, 116, 482, 
0, 62, 452, 224, 221, 498, 
0, 118, 99, 315, 526, 384, 
0, 396, 330, 261, 309, 298, 
0, 500, 336, 560, 16, 556, 106, 586, 
0, 176, 81, 114, 382, 274, 
0, 194, 475, 70, 369, 147, 161, 
0, 5, 365, 508, 153, 589, 113, 
0, 522, 401, 521, 379, 
0, 242, 324, 115, 227, 112, 
0, 320, 318, 124, 117, 562, 3, 
0, 413, 518, 393, 222, 536, 180, 
0, 262, 90, 424, 273, 421, 
0, 119, 30, 585, 385, 456, 
0, 321, 548, 50, 494, 596, 579, 
0, 470, 11, 453, 151, 459, 
0, 172, 311, 246, 97, 205, 410, 
0, 581, 165, 368, 333, 565, 
0, 292, 455, 476, 488, 179, 
0, 136, 489, 512, 4, 
0, 297, 353, 34, 374, 204, 
0, 408, 64, 231, 229, 312, 
0, 575, 550, 463, 51, 67, 
0, 200, 549, 164, 474, 
0, 7, 260, 53, 185, 25, 
0, 362, 458, 102, 123, 
0, 60, 190, 461, 27, 386, 
0, 283, 327, 193, 171, 286, 
0, 144, 9, 322, 478, 409, 154, 
0, 415, 266, 468, 367, 457, 
0, 454, 495, 22, 244, 398, 
0, 156, 511, 583, 
