Solution: 113 144681.936000 178581.936000

0, 581, 249, 141, 509, 414, 
0, 92, 344, 143, 427, 599, 392, 
0, 552, 474, 366, 165, 508, 
0, 87, 54, 217, 355, 450, 
0, 20, 70, 555, 281, 379, 
0, 400, 206, 69, 437, 241, 
0, 369, 510, 537, 110, 260, 
0, 491, 91, 173, 242, 324, 
0, 479, 464, 175, 480, 
0, 122, 195, 30, 134, 67, 75, 
0, 459, 229, 177, 456, 
0, 576, 394, 301, 300, 220, 95, 
0, 81, 105, 384, 391, 405, 130, 
0, 468, 84, 368, 123, 465, 
0, 113, 396, 208, 282, 
0, 298, 159, 505, 43, 435, 
0, 458, 157, 594, 271, 210, 
0, 397, 156, 556, 381, 385, 
0, 135, 190, 80, 1, 216, 
0, 178, 512, 51, 188, 380, 
0, 444, 32, 487, 404, 65, 
0, 182, 360, 255, 262, 185, 500, 
0, 530, 224, 488, 531, 64, 127, 
0, 535, 264, 53, 155, 211, 
0, 325, 202, 218, 27, 293, 
0, 269, 50, 296, 315, 
0, 363, 569, 116, 55, 52, 
0, 495, 347, 313, 600, 93, 
0, 331, 570, 82, 139, 252, 
0, 538, 469, 119, 354, 261, 21, 
0, 309, 79, 37, 375, 424, 513, 
0, 578, 339, 475, 31, 194, 25, 
0, 108, 430, 254, 186, 395, 
0, 266, 171, 502, 448, 39, 289, 
0, 597, 536, 99, 145, 321, 
0, 118, 60, 280, 78, 523, 
0, 415, 191, 545, 425, 230, 44, 
0, 12, 477, 533, 446, 579, 
0, 330, 349, 566, 335, 34, 438, 
0, 598, 466, 268, 4, 
0, 367, 504, 494, 445, 151, 
0, 125, 9, 214, 276, 
0, 529, 580, 587, 560, 66, 
0, 295, 493, 265, 503, 506, 170, 
0, 46, 226, 10, 196, 294, 
0, 426, 514, 408, 103, 16, 
0, 205, 409, 585, 584, 187, 310, 
0, 478, 370, 337, 299, 582, 245, 
0, 270, 126, 248, 102, 388, 483, 
0, 361, 318, 516, 160, 517, 
0, 176, 101, 284, 524, 484, 257, 
0, 314, 592, 586, 390, 290, 539, 
0, 152, 317, 328, 482, 302, 
0, 219, 132, 356, 244, 421, 
0, 486, 399, 564, 316, 297, 595, 
0, 183, 319, 169, 292, 455, 228, 507, 
0, 209, 63, 387, 35, 568, 
0, 346, 557, 419, 227, 334, 
0, 499, 150, 106, 207, 86, 231, 
0, 511, 401, 13, 42, 97, 
0, 525, 6, 413, 288, 77, 407, 
0, 49, 98, 473, 541, 428, 
0, 275, 562, 312, 166, 29, 
0, 498, 327, 518, 41, 432, 
0, 372, 7, 8, 441, 19, 161, 
0, 258, 163, 72, 304, 179, 412, 
0, 526, 333, 111, 449, 359, 358, 
0, 382, 452, 167, 398, 213, 267, 
0, 527, 96, 14, 287, 489, 168, 
0, 239, 436, 352, 471, 593, 104, 
0, 521, 440, 197, 588, 547, 
0, 546, 124, 33, 389, 453, 
0, 443, 273, 76, 121, 376, 
0, 253, 236, 26, 451, 543, 
0, 307, 411, 237, 89, 278, 83, 
0, 343, 201, 137, 243, 362, 129, 
0, 114, 410, 571, 100, 320, 85, 
0, 18, 457, 22, 341, 422, 286, 
0, 59, 128, 329, 563, 3, 
0, 402, 154, 133, 574, 233, 
0, 364, 386, 172, 550, 338, 
0, 322, 74, 461, 198, 142, 
0, 303, 73, 572, 596, 567, 
0, 522, 291, 263, 148, 348, 
0, 332, 107, 575, 5, 467, 
0, 112, 357, 558, 561, 23, 454, 
0, 583, 345, 340, 308, 212, 472, 
0, 496, 342, 71, 515, 24, 532, 
0, 306, 158, 146, 476, 222, 
0, 544, 149, 590, 589, 36, 17, 
0, 554, 162, 490, 534, 192, 
0, 434, 28, 38, 551, 
0, 61, 591, 189, 420, 274, 542, 
0, 250, 351, 11, 559, 553, 
0, 251, 373, 45, 577, 279, 117, 
0, 48, 326, 548, 519, 40, 235, 
0, 2, 232, 305, 247, 215, 
0, 259, 277, 462, 323, 
0, 497, 520, 164, 225, 431, 
0, 403, 62, 136, 15, 470, 
0, 565, 336, 549, 147, 94, 
0, 180, 285, 442, 492, 378, 200, 
0, 138, 88, 371, 439, 140, 
0, 131, 418, 68, 90, 153, 
0, 57, 221, 447, 406, 174, 423, 
0, 374, 109, 272, 573, 256, 47, 
0, 528, 353, 120, 193, 311, 
0, 283, 383, 377, 199, 417, 
0, 429, 238, 485, 204, 540, 350, 
0, 58, 56, 246, 223, 203, 
0, 181, 463, 460, 234, 433, 501, 
0, 393, 416, 240, 
0, 184, 365, 115, 481, 144, 
