Solution: 125 152670.672000 190170.672000

0, 156, 136, 437, 83, 395, 
0, 591, 61, 583, 
0, 304, 471, 70, 309, 
0, 317, 481, 203, 366, 299, 
0, 511, 139, 195, 339, 74, 
0, 141, 50, 101, 589, 113, 
0, 118, 99, 39, 201, 
0, 260, 7, 485, 
0, 172, 311, 518, 222, 536, 180, 
0, 502, 380, 315, 526, 384, 
0, 248, 387, 492, 361, 414, 154, 
0, 159, 593, 24, 184, 448, 
0, 411, 160, 553, 564, 279, 
0, 350, 32, 392, 37, 423, 263, 
0, 396, 193, 327, 286, 582, 240, 
0, 598, 213, 49, 399, 284, 
0, 541, 458, 102, 285, 
0, 599, 246, 117, 562, 410, 
0, 297, 353, 370, 405, 425, 398, 
0, 418, 226, 219, 379, 19, 
0, 81, 329, 335, 422, 199, 462, 
0, 295, 288, 326, 41, 150, 
0, 291, 178, 294, 484, 2, 
0, 60, 190, 163, 592, 519, 
0, 413, 393, 512, 560, 513, 
0, 554, 493, 22, 446, 
0, 200, 241, 271, 386, 
0, 119, 30, 385, 85, 
0, 120, 340, 337, 
0, 533, 514, 352, 464, 
0, 332, 95, 529, 479, 296, 
0, 275, 338, 220, 65, 459, 157, 
0, 443, 540, 544, 528, 38, 534, 
0, 5, 558, 509, 596, 307, 
0, 314, 450, 460, 516, 406, 
0, 451, 164, 269, 
0, 407, 189, 499, 214, 494, 
0, 331, 11, 453, 346, 
0, 15, 58, 33, 229, 265, 
0, 169, 266, 468, 367, 457, 504, 
0, 247, 570, 14, 217, 206, 
0, 242, 324, 401, 381, 521, 
0, 477, 429, 351, 236, 29, 
0, 408, 64, 13, 364, 231, 
0, 394, 149, 427, 287, 344, 
0, 365, 508, 372, 579, 
0, 577, 506, 438, 473, 389, 
0, 166, 126, 584, 449, 483, 
0, 262, 132, 134, 467, 306, 
0, 197, 444, 574, 238, 254, 
0, 391, 568, 57, 40, 
0, 300, 138, 257, 91, 342, 
0, 104, 373, 175, 258, 273, 421, 
0, 581, 165, 368, 305, 142, 
0, 371, 569, 80, 559, 360, 237, 
0, 600, 90, 424, 594, 
0, 192, 402, 276, 
0, 517, 82, 1, 430, 
0, 252, 55, 251, 586, 
0, 209, 202, 355, 23, 445, 
0, 289, 73, 12, 552, 524, 
0, 292, 87, 268, 280, 488, 
0, 420, 576, 43, 182, 347, 
0, 359, 208, 378, 52, 
0, 46, 455, 476, 465, 187, 
0, 44, 215, 333, 179, 565, 
0, 84, 580, 137, 234, 140, 
0, 253, 100, 555, 308, 17, 
0, 345, 510, 539, 210, 
0, 186, 162, 
0, 551, 466, 363, 155, 303, 501, 
0, 575, 550, 21, 542, 416, 
0, 321, 561, 115, 227, 112, 
0, 109, 121, 243, 96, 116, 123, 
0, 323, 86, 56, 523, 537, 
0, 181, 316, 198, 232, 482, 
0, 348, 447, 496, 153, 567, 
0, 404, 435, 224, 505, 66, 
0, 223, 72, 48, 293, 325, 97, 
0, 45, 152, 36, 439, 356, 158, 
0, 277, 127, 148, 108, 207, 
0, 278, 452, 585, 573, 221, 
0, 128, 302, 26, 440, 211, 
0, 547, 590, 354, 255, 520, 
0, 63, 571, 456, 442, 
0, 170, 328, 53, 256, 174, 59, 
0, 417, 69, 47, 185, 25, 
0, 110, 103, 131, 18, 93, 
0, 281, 8, 10, 434, 143, 498, 
0, 76, 369, 171, 147, 161, 
0, 62, 377, 261, 
0, 403, 400, 376, 
0, 89, 334, 167, 114, 382, 
0, 9, 173, 94, 111, 177, 
0, 144, 92, 461, 27, 497, 42, 
0, 543, 349, 419, 145, 
0, 362, 487, 595, 301, 3, 
0, 130, 245, 319, 587, 282, 
0, 531, 475, 28, 129, 68, 
0, 322, 522, 470, 4, 106, 
0, 176, 230, 274, 
0, 454, 357, 54, 34, 
0, 320, 318, 124, 205, 
0, 472, 549, 212, 374, 204, 
0, 503, 436, 78, 168, 239, 188, 
0, 490, 228, 35, 264, 71, 
0, 572, 272, 122, 135, 
0, 489, 313, 16, 556, 312, 
0, 20, 270, 98, 557, 151, 525, 
0, 500, 336, 133, 375, 
0, 77, 566, 
0, 390, 79, 216, 
0, 426, 530, 486, 125, 358, 
0, 283, 535, 507, 480, 290, 
0, 249, 588, 51, 463, 67, 
0, 538, 548, 225, 88, 
0, 196, 432, 478, 409, 267, 
0, 341, 428, 412, 343, 191, 
0, 441, 235, 218, 259, 545, 
0, 578, 515, 233, 469, 146, 310, 
0, 383, 107, 597, 491, 433, 
0, 397, 75, 495, 244, 474, 
0, 250, 431, 527, 105, 6, 
0, 415, 388, 563, 31, 546, 
0, 532, 194, 330, 183, 298, 
