Solution: 113 143833.368000 177733.368000

0, 511, 401, 246, 363, 104, 
0, 307, 565, 254, 186, 541, 428, 
0, 332, 570, 82, 290, 144, 
0, 303, 73, 371, 196, 168, 
0, 181, 562, 288, 165, 508, 407, 
0, 544, 149, 590, 354, 261, 21, 
0, 309, 223, 37, 375, 424, 513, 
0, 182, 50, 505, 315, 404, 
0, 18, 457, 76, 121, 376, 65, 
0, 270, 124, 33, 234, 233, 
0, 374, 109, 272, 35, 568, 
0, 598, 336, 549, 147, 431, 
0, 411, 237, 278, 89, 417, 
0, 306, 301, 317, 451, 211, 
0, 479, 464, 175, 480, 
0, 403, 62, 136, 15, 470, 
0, 92, 51, 512, 143, 427, 188, 
0, 298, 357, 558, 561, 23, 454, 
0, 239, 436, 352, 115, 324, 
0, 538, 126, 133, 574, 64, 127, 
0, 522, 291, 592, 586, 390, 129, 
0, 108, 430, 225, 145, 579, 
0, 283, 318, 386, 312, 166, 153, 
0, 135, 96, 172, 550, 338, 
0, 597, 536, 99, 139, 321, 83, 
0, 319, 158, 328, 482, 36, 
0, 125, 9, 214, 276, 542, 
0, 87, 408, 516, 385, 
0, 131, 418, 68, 90, 500, 
0, 491, 184, 365, 91, 472, 
0, 114, 107, 575, 5, 467, 
0, 314, 263, 148, 551, 348, 
0, 275, 199, 268, 4, 
0, 367, 504, 494, 445, 151, 
0, 525, 361, 440, 377, 55, 
0, 205, 409, 585, 584, 78, 523, 
0, 282, 
0, 22, 557, 419, 227, 334, 
0, 331, 322, 74, 387, 381, 215, 
0, 259, 277, 462, 439, 140, 
0, 498, 152, 337, 299, 582, 438, 
0, 118, 60, 30, 134, 17, 
0, 20, 226, 473, 560, 66, 
0, 112, 474, 537, 77, 260, 
0, 546, 154, 460, 102, 388, 483, 
0, 342, 72, 71, 24, 532, 
0, 382, 452, 167, 405, 177, 456, 
0, 58, 202, 218, 27, 293, 
0, 372, 7, 8, 441, 19, 302, 
0, 497, 520, 197, 587, 52, 
0, 393, 416, 240, 380, 
0, 273, 79, 341, 455, 228, 507, 
0, 138, 88, 14, 281, 378, 
0, 402, 469, 248, 280, 433, 501, 
0, 591, 59, 189, 420, 274, 210, 
0, 429, 238, 232, 16, 40, 235, 
0, 266, 171, 502, 448, 39, 289, 
0, 180, 410, 571, 100, 320, 200, 
0, 176, 101, 284, 524, 484, 257, 
0, 499, 150, 106, 207, 86, 231, 
0, 554, 56, 490, 534, 593, 
0, 258, 163, 485, 540, 142, 350, 
0, 459, 398, 600, 313, 
0, 443, 128, 292, 2, 553, 286, 
0, 285, 442, 492, 389, 85, 
0, 426, 466, 529, 164, 588, 547, 
0, 369, 510, 366, 323, 110, 
0, 527, 559, 351, 162, 11, 392, 
0, 400, 206, 589, 370, 245, 161, 
0, 12, 477, 533, 446, 97, 
0, 530, 224, 488, 119, 531, 130, 
0, 434, 28, 38, 117, 94, 
0, 397, 156, 204, 198, 29, 
0, 581, 249, 287, 489, 358, 
0, 528, 353, 120, 193, 311, 
0, 295, 493, 265, 503, 506, 170, 
0, 183, 325, 250, 329, 563, 3, 
0, 122, 105, 327, 518, 67, 75, 
0, 578, 360, 255, 262, 185, 435, 
0, 61, 208, 81, 229, 310, 
0, 349, 566, 335, 34, 543, 
0, 478, 69, 437, 241, 
0, 576, 394, 236, 26, 155, 95, 
0, 444, 32, 487, 187, 267, 
0, 521, 84, 368, 123, 294, 
0, 486, 399, 564, 316, 297, 595, 
0, 48, 326, 548, 519, 304, 247, 
0, 57, 221, 447, 406, 174, 423, 
0, 49, 98, 572, 596, 567, 
0, 495, 347, 41, 432, 93, 
0, 415, 191, 545, 173, 252, 
0, 383, 54, 217, 355, 450, 
0, 346, 569, 116, 160, 517, 
0, 178, 169, 471, 242, 230, 44, 
0, 583, 345, 340, 212, 308, 
0, 251, 373, 45, 577, 279, 395, 
0, 458, 157, 594, 481, 271, 
0, 496, 190, 305, 515, 179, 412, 
0, 396, 195, 391, 384, 213, 
0, 339, 296, 159, 43, 222, 
0, 46, 70, 10, 555, 465, 
0, 330, 269, 475, 31, 194, 25, 
0, 514, 13, 42, 192, 
0, 343, 201, 137, 362, 243, 539, 
0, 253, 476, 146, 300, 220, 
0, 344, 364, 425, 599, 422, 
0, 209, 63, 461, 103, 379, 
0, 468, 580, 141, 509, 414, 
0, 552, 6, 413, 573, 256, 47, 
0, 463, 80, 1, 216, 203, 
0, 219, 132, 356, 244, 421, 
0, 526, 333, 111, 449, 359, 556, 
0, 113, 535, 264, 53, 453, 
