Solution: 113 145037.004000 178937.004000

0, 219, 132, 356, 23, 454, 
0, 578, 360, 505, 315, 320, 235, 
0, 396, 167, 452, 405, 177, 
0, 576, 394, 301, 451, 220, 211, 
0, 367, 504, 494, 588, 547, 
0, 135, 190, 80, 1, 216, 513, 
0, 125, 9, 214, 41, 432, 93, 
0, 255, 575, 165, 508, 407, 
0, 264, 535, 131, 470, 
0, 527, 559, 63, 515, 228, 507, 
0, 332, 570, 82, 362, 308, 
0, 552, 6, 413, 288, 260, 166, 
0, 182, 50, 43, 300, 21, 
0, 331, 87, 318, 145, 321, 
0, 330, 349, 566, 335, 34, 543, 
0, 498, 327, 398, 213, 267, 
0, 459, 195, 391, 384, 297, 
0, 369, 510, 366, 323, 244, 
0, 48, 326, 548, 519, 40, 16, 
0, 181, 562, 172, 550, 338, 
0, 18, 457, 76, 121, 2, 3, 
0, 20, 226, 473, 560, 66, 
0, 415, 191, 545, 242, 230, 44, 
0, 209, 351, 162, 11, 192, 97, 
0, 486, 399, 564, 316, 64, 127, 
0, 521, 84, 141, 217, 355, 
0, 400, 206, 589, 311, 
0, 402, 469, 488, 119, 531, 130, 
0, 491, 184, 365, 173, 471, 83, 
0, 463, 223, 37, 375, 215, 
0, 429, 238, 485, 204, 540, 350, 
0, 565, 336, 549, 541, 428, 
0, 522, 291, 592, 586, 390, 129, 
0, 546, 154, 460, 102, 241, 
0, 525, 333, 111, 103, 385, 
0, 270, 124, 33, 574, 233, 
0, 205, 409, 585, 584, 187, 310, 
0, 557, 72, 71, 24, 532, 
0, 298, 159, 296, 262, 185, 500, 
0, 403, 133, 442, 234, 501, 65, 
0, 538, 126, 248, 280, 456, 
0, 275, 163, 516, 247, 200, 
0, 118, 60, 487, 563, 203, 
0, 458, 157, 464, 78, 523, 
0, 12, 386, 449, 359, 378, 
0, 597, 536, 99, 139, 252, 
0, 303, 73, 572, 596, 567, 
0, 49, 98, 10, 196, 168, 
0, 239, 436, 352, 115, 324, 144, 
0, 307, 361, 440, 89, 417, 
0, 443, 273, 594, 175, 480, 
0, 434, 28, 38, 290, 539, 
0, 46, 109, 14, 371, 465, 
0, 58, 202, 218, 27, 293, 
0, 113, 122, 208, 282, 
0, 478, 69, 437, 518, 17, 
0, 530, 317, 236, 26, 155, 95, 
0, 253, 158, 146, 476, 222, 
0, 581, 70, 287, 489, 358, 
0, 59, 128, 329, 481, 271, 
0, 343, 201, 137, 243, 212, 
0, 372, 7, 8, 441, 19, 36, 
0, 383, 54, 377, 55, 
0, 112, 357, 558, 561, 286, 
0, 114, 107, 53, 5, 467, 
0, 178, 512, 51, 143, 188, 
0, 251, 373, 45, 577, 279, 395, 
0, 138, 88, 555, 281, 421, 
0, 544, 149, 590, 354, 482, 302, 
0, 479, 591, 189, 420, 274, 
0, 477, 533, 408, 379, 556, 
0, 314, 263, 148, 551, 348, 
0, 266, 171, 502, 448, 39, 289, 
0, 339, 418, 68, 90, 435, 
0, 374, 249, 368, 123, 294, 
0, 283, 474, 537, 77, 110, 
0, 393, 416, 240, 380, 210, 
0, 382, 370, 120, 193, 582, 438, 
0, 108, 430, 254, 186, 431, 
0, 319, 169, 246, 363, 553, 104, 
0, 57, 221, 447, 406, 174, 423, 
0, 180, 62, 136, 304, 179, 412, 
0, 499, 150, 106, 207, 86, 231, 
0, 466, 278, 164, 445, 151, 
0, 176, 101, 284, 524, 484, 257, 
0, 410, 571, 15, 100, 453, 
0, 511, 401, 42, 446, 
0, 496, 342, 13, 268, 35, 568, 
0, 309, 79, 341, 376, 424, 
0, 526, 96, 272, 573, 256, 47, 
0, 528, 224, 30, 134, 67, 75, 
0, 258, 269, 475, 31, 194, 25, 
0, 61, 295, 493, 265, 261, 388, 483, 
0, 397, 156, 312, 153, 29, 
0, 495, 347, 600, 313, 595, 
0, 554, 56, 490, 534, 593, 
0, 259, 277, 462, 439, 140, 
0, 322, 74, 461, 198, 142, 
0, 444, 32, 305, 433, 404, 
0, 583, 345, 340, 91, 472, 
0, 81, 105, 229, 276, 542, 
0, 497, 520, 197, 147, 579, 
0, 152, 353, 337, 299, 245, 161, 
0, 426, 514, 387, 381, 160, 517, 
0, 346, 569, 116, 450, 52, 
0, 92, 344, 364, 425, 427, 392, 
0, 455, 22, 419, 227, 334, 
0, 468, 580, 587, 509, 414, 
0, 411, 237, 225, 117, 94, 
0, 598, 529, 199, 4, 
0, 183, 325, 250, 292, 599, 422, 
0, 285, 232, 492, 389, 85, 
0, 306, 328, 503, 506, 170, 
