Solution: 113 143838.240000 177738.240000

0, 403, 154, 460, 102, 388, 483, 
0, 443, 128, 329, 563, 203, 
0, 114, 107, 136, 312, 166, 260, 
0, 514, 13, 42, 192, 
0, 20, 226, 555, 196, 168, 
0, 298, 357, 575, 165, 508, 
0, 530, 317, 236, 26, 155, 211, 
0, 283, 386, 172, 573, 256, 338, 
0, 478, 370, 337, 299, 582, 245, 
0, 576, 394, 301, 451, 543, 85, 
0, 331, 171, 99, 139, 225, 431, 
0, 275, 74, 387, 55, 52, 
0, 108, 430, 502, 448, 39, 289, 
0, 466, 529, 164, 445, 151, 
0, 176, 101, 284, 524, 484, 257, 
0, 18, 70, 287, 489, 358, 
0, 578, 476, 505, 300, 220, 95, 
0, 182, 50, 255, 262, 104, 
0, 131, 264, 53, 185, 435, 
0, 306, 328, 503, 506, 170, 
0, 521, 440, 408, 142, 378, 
0, 458, 157, 464, 175, 480, 
0, 479, 372, 594, 422, 481, 144, 
0, 58, 56, 246, 363, 593, 286, 
0, 167, 224, 30, 134, 67, 75, 
0, 400, 206, 589, 69, 241, 161, 
0, 536, 436, 352, 427, 271, 
0, 583, 345, 340, 212, 308, 
0, 554, 163, 516, 381, 160, 517, 
0, 426, 511, 401, 268, 4, 
0, 125, 9, 214, 276, 542, 
0, 581, 580, 587, 509, 414, 
0, 219, 277, 356, 23, 454, 
0, 322, 485, 204, 540, 198, 
0, 87, 54, 377, 355, 450, 
0, 597, 565, 254, 186, 541, 428, 
0, 118, 60, 280, 78, 523, 
0, 253, 158, 146, 315, 350, 
0, 429, 238, 232, 16, 40, 235, 
0, 325, 202, 490, 534, 97, 
0, 522, 291, 148, 551, 348, 
0, 468, 84, 141, 217, 579, 
0, 205, 409, 382, 229, 310, 595, 
0, 209, 63, 162, 35, 568, 
0, 367, 504, 494, 278, 83, 
0, 544, 364, 471, 218, 27, 293, 
0, 221, 598, 447, 406, 174, 423, 
0, 383, 461, 199, 
0, 266, 336, 549, 560, 147, 
0, 497, 520, 197, 588, 547, 
0, 361, 116, 103, 379, 556, 
0, 183, 319, 250, 292, 37, 424, 
0, 499, 150, 106, 207, 86, 231, 
0, 181, 463, 133, 574, 389, 453, 
0, 525, 562, 535, 5, 90, 
0, 459, 195, 391, 384, 213, 
0, 48, 326, 548, 519, 304, 247, 
0, 552, 6, 413, 288, 77, 500, 
0, 251, 373, 45, 577, 279, 395, 
0, 46, 109, 272, 371, 465, 
0, 49, 98, 10, 596, 294, 
0, 343, 201, 137, 243, 252, 
0, 138, 88, 14, 281, 47, 
0, 495, 347, 41, 432, 93, 
0, 393, 416, 240, 380, 
0, 113, 2, 342, 419, 227, 334, 
0, 180, 410, 442, 234, 233, 
0, 498, 327, 437, 518, 17, 
0, 59, 351, 11, 559, 553, 
0, 62, 571, 100, 320, 200, 
0, 538, 469, 488, 119, 531, 130, 
0, 61, 591, 585, 584, 187, 267, 
0, 112, 474, 537, 140, 244, 
0, 346, 156, 318, 550, 29, 
0, 496, 457, 76, 121, 376, 65, 
0, 528, 149, 590, 354, 261, 21, 
0, 314, 592, 586, 390, 290, 539, 
0, 402, 7, 8, 441, 19, 36, 
0, 339, 296, 159, 43, 222, 
0, 295, 493, 265, 482, 302, 
0, 259, 132, 558, 561, 153, 
0, 270, 126, 248, 492, 179, 412, 
0, 189, 420, 274, 210, 
0, 396, 208, 81, 452, 405, 297, 
0, 374, 249, 368, 473, 66, 
0, 285, 32, 487, 433, 501, 
0, 92, 344, 169, 425, 599, 392, 
0, 12, 477, 533, 446, 507, 
0, 397, 569, 89, 417, 
0, 303, 73, 572, 123, 567, 
0, 307, 411, 237, 145, 321, 215, 
0, 434, 28, 38, 117, 94, 
0, 415, 191, 545, 91, 472, 
0, 135, 190, 305, 515, 228, 404, 
0, 491, 184, 365, 115, 324, 
0, 332, 570, 263, 82, 362, 129, 
0, 546, 124, 33, 15, 470, 
0, 369, 510, 366, 323, 110, 
0, 122, 105, 398, 600, 313, 
0, 309, 79, 223, 375, 513, 
0, 486, 399, 564, 316, 64, 127, 
0, 330, 349, 566, 335, 34, 438, 
0, 527, 96, 462, 439, 407, 
0, 258, 269, 475, 31, 194, 25, 
0, 282, 177, 456, 
0, 273, 22, 455, 341, 3, 
0, 557, 72, 71, 24, 532, 
0, 418, 360, 68, 467, 421, 
0, 57, 239, 173, 242, 230, 44, 
0, 152, 353, 120, 193, 311, 
0, 178, 512, 51, 143, 188, 
0, 526, 333, 111, 449, 359, 385, 
0, 444, 80, 1, 216, 
