Solution: 109 140088.340000 172788.340000

0, 314, 559, 143, 2, 6, 
0, 241, 370, 519, 375, 359, 563, 
0, 301, 391, 349, 12, 55, 167, 
0, 417, 405, 505, 45, 508, 426, 
0, 289, 31, 137, 489, 127, 201, 
0, 296, 352, 270, 365, 306, 
0, 118, 69, 273, 116, 220, 97, 
0, 337, 484, 387, 73, 300, 596, 
0, 529, 321, 456, 280, 194, 561, 
0, 298, 584, 110, 541, 264, 
0, 266, 1, 285, 256, 189, 65, 
0, 92, 330, 358, 288, 163, 284, 
0, 172, 193, 70, 587, 562, 
0, 414, 452, 548, 475, 149, 
0, 292, 376, 177, 237, 119, 567, 
0, 62, 327, 331, 578, 214, 21, 
0, 385, 160, 540, 146, 28, 
0, 233, 538, 260, 142, 57, 339, 
0, 123, 207, 374, 25, 453, 
0, 52, 96, 271, 169, 585, 421, 
0, 518, 537, 200, 44, 54, 
0, 357, 262, 598, 442, 89, 279, 
0, 86, 498, 336, 333, 361, 439, 
0, 573, 511, 299, 148, 124, 219, 
0, 267, 85, 58, 226, 74, 
0, 402, 94, 46, 196, 343, 
0, 185, 436, 30, 487, 231, 
0, 291, 460, 353, 113, 338, 
0, 47, 307, 80, 520, 165, 522, 
0, 93, 555, 176, 450, 249, 
0, 547, 344, 192, 3, 294, 247, 
0, 251, 381, 278, 413, 242, 496, 410, 
0, 105, 328, 550, 290, 239, 483, 
0, 275, 311, 334, 377, 26, 463, 
0, 488, 64, 263, 7, 114, 582, 
0, 68, 218, 546, 317, 560, 4, 
0, 477, 36, 29, 139, 115, 20, 
0, 367, 356, 592, 412, 287, 
0, 252, 568, 88, 83, 120, 9, 
0, 329, 419, 406, 228, 322, 
0, 480, 224, 244, 506, 594, 574, 
0, 363, 515, 319, 524, 112, 
0, 597, 304, 516, 355, 408, 147, 
0, 191, 440, 178, 
0, 179, 136, 276, 181, 454, 268, 
0, 416, 383, 27, 444, 545, 213, 
0, 212, 449, 407, 10, 462, 
0, 399, 395, 459, 129, 
0, 532, 428, 151, 535, 423, 
0, 111, 420, 144, 42, 493, 
0, 425, 37, 150, 549, 132, 
0, 340, 79, 316, 513, 345, 
0, 187, 309, 81, 122, 369, 164, 
0, 49, 100, 566, 126, 521, 
0, 153, 161, 595, 432, 78, 
0, 87, 182, 415, 599, 170, 380, 
0, 390, 277, 13, 569, 155, 497, 
0, 313, 14, 216, 39, 430, 183, 
0, 392, 455, 494, 248, 401, 393, 
0, 593, 581, 158, 16, 482, 
0, 364, 82, 243, 171, 512, 501, 
0, 138, 236, 564, 33, 225, 308, 
0, 551, 492, 556, 451, 229, 235, 
0, 175, 101, 467, 221, 281, 479, 
0, 286, 121, 204, 257, 197, 533, 
0, 530, 205, 586, 51, 76, 
0, 156, 238, 38, 91, 471, 468, 
0, 389, 351, 66, 223, 274, 372, 
0, 499, 154, 325, 576, 245, 429, 
0, 542, 240, 206, 90, 517, 
0, 528, 71, 435, 342, 424, 130, 
0, 502, 371, 523, 41, 95, 
0, 22, 227, 461, 396, 18, 
0, 447, 543, 50, 350, 253, 173, 
0, 572, 368, 437, 478, 384, 
0, 312, 98, 465, 490, 348, 
0, 570, 5, 162, 184, 250, 446, 
0, 208, 347, 135, 409, 145, 
0, 382, 188, 103, 552, 211, 
0, 8, 131, 354, 246, 157, 
0, 476, 397, 303, 107, 554, 
0, 326, 11, 56, 230, 159, 
0, 341, 34, 386, 600, 166, 297, 
0, 318, 265, 323, 125, 32, 63, 
0, 320, 403, 168, 17, 553, 448, 
0, 315, 59, 539, 431, 589, 
0, 427, 324, 53, 469, 558, 75, 
0, 117, 400, 565, 102, 464, 472, 
0, 67, 388, 232, 441, 509, 
0, 332, 557, 373, 366, 404, 
0, 203, 398, 580, 84, 514, 77, 202, 
0, 418, 411, 293, 295, 485, 40, 
0, 141, 258, 474, 362, 210, 
0, 109, 15, 199, 473, 174, 
0, 215, 283, 209, 394, 108, 
0, 507, 152, 335, 48, 259, 544, 
0, 254, 525, 571, 23, 443, 
0, 140, 531, 510, 305, 378, 579, 
0, 222, 458, 128, 24, 
0, 575, 583, 180, 302, 434, 
0, 19, 72, 186, 43, 195, 310, 
0, 470, 536, 261, 491, 35, 
0, 234, 457, 106, 255, 134, 
0, 445, 590, 269, 198, 190, 
0, 527, 282, 588, 379, 534, 217, 
0, 526, 433, 60, 346, 61, 
0, 577, 104, 481, 486, 133, 422, 
0, 360, 504, 495, 438, 591, 
0, 503, 466, 500, 272, 99, 
