Solution: 110 140484.274000 173484.274000

0, 364, 303, 433, 583, 302, 345, 
0, 49, 79, 365, 306, 18, 
0, 275, 309, 538, 142, 57, 339, 
0, 593, 391, 349, 55, 523, 
0, 188, 358, 288, 506, 249, 
0, 141, 258, 171, 256, 235, 
0, 251, 355, 101, 467, 221, 281, 380, 
0, 233, 347, 319, 524, 112, 145, 
0, 296, 352, 60, 346, 61, 443, 
0, 530, 371, 29, 139, 76, 
0, 528, 351, 66, 223, 274, 554, 
0, 92, 330, 175, 283, 560, 
0, 577, 104, 481, 486, 133, 422, 
0, 417, 405, 56, 45, 508, 426, 
0, 67, 388, 232, 441, 99, 
0, 111, 176, 144, 450, 284, 
0, 555, 100, 566, 126, 521, 
0, 381, 200, 373, 366, 594, 
0, 367, 13, 435, 342, 472, 446, 
0, 87, 182, 103, 552, 211, 
0, 357, 557, 17, 186, 359, 264, 
0, 532, 428, 592, 412, 535, 134, 
0, 570, 265, 474, 362, 159, 
0, 86, 498, 336, 333, 361, 544, 
0, 215, 329, 143, 2, 147, 
0, 47, 307, 80, 520, 589, 522, 
0, 385, 452, 169, 404, 
0, 291, 460, 113, 353, 132, 268, 
0, 360, 504, 495, 271, 310, 
0, 340, 109, 15, 396, 461, 
0, 222, 135, 409, 490, 
0, 241, 370, 488, 43, 195, 
0, 289, 531, 543, 519, 26, 463, 
0, 318, 518, 537, 476, 44, 54, 
0, 234, 457, 106, 255, 596, 
0, 301, 205, 586, 51, 115, 20, 
0, 105, 328, 261, 491, 35, 167, 
0, 382, 327, 331, 91, 471, 21, 
0, 572, 503, 37, 534, 217, 
0, 575, 180, 469, 558, 372, 
0, 212, 449, 50, 540, 146, 
0, 138, 383, 27, 444, 545, 213, 
0, 507, 152, 206, 77, 514, 4, 
0, 320, 311, 334, 377, 165, 375, 
0, 93, 516, 415, 242, 496, 410, 
0, 392, 455, 494, 248, 401, 210, 
0, 123, 207, 374, 25, 287, 
0, 402, 368, 42, 493, 574, 
0, 117, 400, 510, 305, 378, 579, 
0, 529, 321, 160, 350, 173, 28, 
0, 499, 154, 325, 576, 245, 429, 
0, 425, 588, 379, 454, 181, 
0, 156, 278, 413, 599, 408, 170, 
0, 118, 69, 273, 116, 220, 130, 
0, 277, 30, 489, 127, 201, 
0, 313, 14, 216, 39, 439, 
0, 597, 254, 110, 585, 438, 591, 
0, 399, 395, 459, 84, 
0, 312, 98, 280, 316, 194, 561, 
0, 62, 238, 38, 262, 163, 479, 
0, 390, 151, 158, 290, 239, 483, 
0, 418, 411, 293, 295, 485, 40, 
0, 341, 34, 386, 430, 600, 297, 
0, 218, 226, 58, 90, 202, 
0, 68, 314, 81, 122, 6, 
0, 526, 458, 270, 128, 24, 
0, 547, 344, 192, 3, 294, 247, 
0, 573, 511, 148, 33, 225, 308, 
0, 470, 204, 121, 581, 97, 
0, 414, 244, 598, 442, 89, 279, 
0, 571, 525, 23, 149, 421, 
0, 19, 72, 397, 107, 434, 
0, 332, 64, 263, 7, 114, 582, 
0, 502, 41, 95, 166, 183, 
0, 363, 515, 88, 512, 501, 
0, 52, 420, 500, 437, 478, 
0, 185, 71, 565, 102, 464, 
0, 445, 590, 269, 198, 453, 
0, 292, 376, 177, 237, 119, 567, 
0, 172, 193, 70, 587, 562, 
0, 140, 436, 137, 569, 155, 497, 
0, 286, 536, 550, 230, 219, 
0, 96, 94, 584, 541, 343, 
0, 153, 161, 595, 432, 78, 
0, 187, 304, 546, 317, 369, 164, 
0, 179, 136, 276, 578, 214, 468, 
0, 252, 568, 431, 83, 120, 9, 
0, 477, 36, 12, 257, 197, 533, 
0, 266, 5, 162, 564, 16, 482, 
0, 298, 466, 196, 46, 272, 384, 
0, 208, 403, 168, 553, 563, 448, 
0, 22, 227, 199, 473, 174, 
0, 11, 260, 285, 189, 65, 
0, 427, 324, 548, 475, 53, 75, 
0, 267, 85, 487, 424, 74, 
0, 389, 1, 505, 299, 124, 
0, 203, 398, 580, 129, 423, 190, 
0, 315, 59, 539, 243, 407, 
0, 480, 224, 209, 394, 108, 
0, 542, 240, 335, 48, 259, 517, 
0, 191, 440, 178, 
0, 527, 282, 150, 549, 338, 
0, 416, 236, 323, 125, 32, 63, 
0, 337, 484, 387, 73, 300, 231, 
0, 356, 31, 184, 250, 393, 
0, 8, 131, 354, 246, 157, 
0, 551, 492, 419, 451, 229, 509, 
0, 559, 556, 406, 228, 322, 
0, 326, 82, 10, 462, 253, 
0, 447, 456, 465, 513, 348, 
