Solution: 110 140753.788000 173753.788000

0, 191, 440, 542, 178, 
0, 577, 578, 331, 422, 214, 468, 
0, 179, 104, 481, 486, 133, 
0, 208, 403, 168, 557, 563, 448, 
0, 233, 347, 135, 409, 243, 
0, 360, 504, 495, 438, 591, 
0, 304, 188, 103, 552, 211, 
0, 445, 590, 25, 198, 453, 
0, 49, 100, 15, 396, 461, 
0, 140, 436, 30, 342, 127, 201, 
0, 455, 81, 122, 560, 210, 
0, 488, 553, 17, 441, 582, 
0, 277, 31, 184, 378, 579, 
0, 551, 492, 419, 451, 229, 509, 
0, 367, 13, 435, 569, 155, 497, 
0, 252, 538, 260, 56, 230, 159, 
0, 131, 354, 246, 157, 
0, 203, 398, 580, 129, 423, 190, 
0, 68, 218, 226, 514, 77, 
0, 414, 373, 452, 263, 89, 99, 
0, 480, 224, 442, 394, 108, 
0, 105, 205, 586, 255, 517, 
0, 318, 568, 88, 171, 512, 
0, 292, 79, 566, 126, 521, 
0, 212, 449, 177, 350, 434, 
0, 313, 14, 216, 361, 297, 596, 
0, 234, 137, 158, 124, 219, 
0, 52, 94, 500, 437, 478, 
0, 153, 161, 595, 432, 78, 147, 
0, 571, 23, 584, 541, 343, 
0, 527, 282, 150, 534, 454, 
0, 399, 395, 459, 84, 
0, 93, 516, 278, 413, 415, 380, 
0, 597, 385, 60, 346, 61, 443, 
0, 526, 458, 270, 128, 24, 
0, 289, 328, 536, 581, 482, 35, 
0, 222, 539, 431, 120, 9, 
0, 156, 175, 283, 599, 408, 170, 
0, 19, 355, 209, 2, 6, 
0, 117, 400, 565, 102, 464, 472, 
0, 528, 11, 82, 10, 462, 253, 
0, 8, 344, 457, 106, 535, 202, 
0, 337, 484, 387, 73, 300, 4, 
0, 301, 371, 412, 51, 115, 
0, 573, 511, 148, 33, 225, 308, 
0, 86, 547, 444, 45, 508, 426, 
0, 575, 180, 469, 53, 558, 
0, 320, 311, 72, 377, 26, 463, 
0, 22, 227, 199, 473, 174, 
0, 298, 466, 46, 196, 272, 384, 
0, 507, 152, 335, 48, 259, 544, 
0, 427, 324, 548, 475, 149, 
0, 293, 192, 3, 294, 247, 401, 
0, 254, 525, 110, 585, 421, 
0, 275, 518, 537, 476, 165, 522, 
0, 356, 240, 206, 90, 231, 
0, 138, 265, 323, 125, 32, 545, 
0, 340, 109, 365, 306, 18, 
0, 447, 71, 142, 146, 57, 
0, 363, 515, 319, 63, 501, 
0, 215, 598, 244, 450, 249, 
0, 381, 101, 467, 221, 281, 479, 
0, 47, 397, 303, 107, 44, 54, 
0, 570, 5, 162, 564, 250, 446, 
0, 118, 69, 273, 116, 220, 130, 
0, 341, 530, 523, 374, 134, 
0, 172, 193, 70, 587, 562, 
0, 593, 349, 261, 491, 20, 
0, 470, 154, 325, 533, 197, 97, 
0, 529, 321, 376, 237, 119, 567, 
0, 364, 334, 160, 50, 490, 348, 
0, 417, 405, 505, 299, 339, 
0, 111, 420, 144, 42, 493, 
0, 87, 358, 555, 506, 594, 574, 
0, 241, 370, 186, 43, 195, 310, 
0, 425, 37, 503, 549, 
0, 392, 85, 58, 487, 424, 74, 
0, 187, 309, 546, 317, 369, 164, 
0, 312, 456, 465, 513, 345, 
0, 185, 531, 543, 540, 173, 28, 
0, 141, 258, 474, 362, 189, 65, 
0, 390, 151, 550, 290, 16, 213, 
0, 315, 98, 280, 316, 194, 561, 
0, 382, 182, 262, 242, 496, 410, 
0, 389, 351, 66, 524, 112, 145, 
0, 572, 368, 460, 338, 
0, 418, 411, 295, 485, 40, 235, 
0, 67, 388, 232, 366, 404, 
0, 499, 204, 121, 576, 245, 429, 
0, 532, 428, 592, 269, 287, 
0, 332, 329, 519, 375, 359, 264, 
0, 416, 383, 236, 27, 239, 483, 
0, 123, 207, 386, 39, 430, 183, 
0, 326, 59, 223, 274, 372, 
0, 267, 510, 489, 305, 279, 
0, 559, 556, 406, 228, 322, 
0, 502, 34, 41, 95, 166, 600, 
0, 307, 80, 520, 554, 589, 
0, 291, 176, 113, 353, 132, 268, 
0, 266, 1, 285, 256, 83, 407, 
0, 92, 330, 327, 288, 163, 284, 
0, 136, 588, 379, 276, 181, 217, 
0, 314, 494, 143, 248, 393, 
0, 498, 336, 333, 439, 
0, 296, 352, 433, 583, 302, 75, 
0, 477, 36, 29, 139, 76, 
0, 286, 391, 55, 12, 257, 167, 
0, 251, 357, 64, 200, 7, 114, 
0, 62, 238, 38, 91, 471, 21, 
0, 402, 96, 271, 169, 
