Solution: 114 145612.236000 179812.236000

0, 443, 128, 329, 563, 3, 
0, 332, 221, 598, 447, 174, 286, 
0, 479, 591, 295, 282, 
0, 135, 190, 305, 515, 24, 412, 
0, 583, 101, 284, 82, 362, 129, 
0, 468, 84, 141, 217, 52, 
0, 183, 319, 250, 292, 599, 422, 
0, 372, 7, 8, 441, 19, 161, 
0, 514, 533, 446, 192, 
0, 273, 490, 534, 42, 97, 
0, 581, 249, 473, 560, 66, 
0, 415, 191, 545, 173, 293, 
0, 12, 386, 5, 467, 
0, 429, 238, 485, 204, 540, 517, 
0, 346, 232, 492, 389, 85, 
0, 22, 455, 341, 376, 
0, 209, 71, 351, 11, 228, 507, 
0, 396, 167, 452, 405, 177, 130, 
0, 339, 159, 296, 100, 453, 
0, 393, 416, 240, 
0, 331, 411, 237, 145, 321, 
0, 113, 444, 80, 1, 179, 501, 
0, 570, 171, 225, 278, 83, 
0, 402, 469, 488, 119, 64, 127, 
0, 118, 60, 280, 531, 456, 
0, 126, 133, 503, 311, 
0, 337, 317, 328, 300, 220, 95, 
0, 544, 149, 590, 354, 261, 302, 
0, 125, 9, 214, 276, 
0, 114, 107, 136, 15, 470, 
0, 239, 436, 352, 242, 230, 392, 
0, 330, 349, 566, 335, 34, 543, 
0, 108, 430, 254, 541, 395, 
0, 298, 418, 505, 43, 435, 
0, 369, 510, 366, 323, 110, 
0, 458, 157, 594, 271, 210, 
0, 546, 124, 33, 574, 65, 
0, 597, 536, 99, 139, 252, 
0, 459, 195, 391, 384, 213, 
0, 367, 504, 494, 588, 547, 
0, 2, 342, 419, 227, 334, 104, 
0, 49, 98, 572, 596, 567, 
0, 182, 50, 475, 262, 185, 
0, 578, 360, 255, 31, 194, 25, 
0, 138, 88, 555, 281, 573, 
0, 322, 74, 461, 198, 142, 
0, 251, 373, 186, 45, 577, 279, 
0, 18, 559, 63, 387, 160, 385, 
0, 426, 511, 401, 268, 4, 
0, 92, 344, 364, 425, 427, 188, 
0, 343, 345, 340, 212, 308, 380, 
0, 497, 520, 197, 445, 431, 
0, 48, 326, 548, 519, 40, 235, 
0, 495, 347, 600, 313, 595, 
0, 258, 562, 575, 165, 508, 407, 
0, 499, 150, 207, 86, 231, 21, 
0, 526, 333, 111, 449, 359, 556, 
0, 61, 59, 464, 175, 480, 
0, 530, 224, 589, 370, 245, 193, 
0, 525, 6, 535, 131, 320, 200, 
0, 478, 30, 134, 67, 75, 
0, 314, 148, 38, 117, 551, 
0, 434, 28, 524, 484, 257, 
0, 466, 529, 89, 417, 579, 
0, 383, 199, 164, 151, 
0, 58, 56, 246, 363, 553, 
0, 400, 206, 69, 437, 241, 17, 
0, 303, 226, 10, 196, 358, 
0, 413, 561, 288, 77, 500, 
0, 496, 557, 72, 304, 247, 215, 
0, 521, 569, 116, 379, 29, 
0, 152, 353, 120, 299, 582, 438, 
0, 554, 202, 406, 27, 423, 44, 
0, 189, 420, 274, 542, 
0, 219, 462, 356, 439, 
0, 309, 79, 37, 375, 424, 513, 
0, 498, 528, 327, 398, 187, 267, 
0, 205, 409, 382, 584, 78, 523, 
0, 306, 301, 451, 506, 170, 
0, 20, 580, 587, 509, 414, 
0, 527, 96, 172, 550, 338, 
0, 565, 336, 549, 147, 428, 
0, 253, 158, 146, 476, 222, 
0, 538, 51, 512, 143, 481, 144, 
0, 275, 163, 516, 381, 532, 
0, 112, 357, 558, 14, 294, 
0, 180, 486, 399, 564, 316, 297, 
0, 522, 291, 263, 94, 348, 
0, 259, 73, 371, 23, 454, 
0, 285, 32, 487, 433, 404, 
0, 576, 394, 236, 26, 155, 211, 
0, 552, 264, 53, 68, 90, 260, 
0, 410, 442, 234, 233, 
0, 403, 154, 460, 102, 388, 483, 
0, 307, 361, 440, 377, 55, 
0, 269, 277, 132, 256, 47, 
0, 176, 592, 586, 390, 290, 539, 
0, 477, 408, 318, 103, 450, 
0, 397, 156, 312, 166, 153, 
0, 178, 169, 471, 218, 593, 
0, 491, 184, 365, 115, 324, 
0, 283, 474, 537, 140, 244, 421, 
0, 325, 162, 13, 35, 568, 
0, 122, 105, 518, 41, 432, 93, 
0, 46, 70, 368, 123, 465, 
0, 374, 109, 272, 287, 489, 168, 
0, 87, 54, 355, 378, 16, 
0, 62, 571, 315, 350, 
0, 266, 137, 243, 91, 472, 
0, 181, 463, 223, 106, 203, 
0, 585, 208, 81, 229, 310, 
0, 270, 248, 493, 265, 482, 36, 
0, 57, 201, 502, 448, 39, 289, 
0, 457, 76, 121, 216, 
