Solution: 113 144443.138000 178343.138000

0, 388, 350, 60, 274, 79, 409, 
0, 291, 80, 151, 35, 
0, 296, 528, 582, 378, 168, 
0, 227, 74, 567, 596, 209, 
0, 335, 385, 485, 529, 422, 
0, 308, 334, 10, 557, 550, 
0, 495, 491, 22, 123, 70, 
0, 327, 363, 486, 532, 96, 
0, 476, 216, 236, 138, 594, 573, 
0, 526, 507, 302, 173, 492, 
0, 46, 545, 86, 305, 298, 500, 
0, 464, 391, 310, 286, 215, 
0, 206, 387, 201, 165, 43, 
0, 124, 199, 224, 445, 179, 
0, 191, 82, 328, 355, 292, 
0, 287, 106, 208, 344, 
0, 535, 574, 272, 313, 546, 184, 
0, 498, 429, 461, 343, 143, 
0, 390, 3, 102, 282, 332, 20, 
0, 93, 325, 254, 152, 504, 243, 
0, 372, 56, 584, 304, 342, 
0, 246, 410, 560, 129, 23, 446, 
0, 512, 116, 213, 533, 374, 
0, 17, 449, 192, 136, 322, 2, 
0, 456, 525, 506, 436, 
0, 261, 75, 376, 370, 459, 
0, 331, 424, 413, 118, 121, 
0, 242, 361, 249, 44, 188, 338, 
0, 45, 97, 9, 549, 554, 
0, 281, 323, 396, 489, 34, 
0, 117, 62, 267, 473, 
0, 471, 8, 452, 153, 590, 
0, 312, 112, 595, 488, 346, 
0, 494, 145, 122, 176, 285, 104, 
0, 534, 77, 247, 178, 59, 
0, 516, 455, 193, 553, 440, 
0, 175, 279, 51, 42, 377, 
0, 359, 566, 248, 283, 547, 
0, 523, 64, 329, 531, 41, 581, 
0, 174, 540, 569, 49, 111, 
0, 382, 591, 24, 189, 448, 
0, 345, 353, 159, 508, 496, 
0, 354, 393, 158, 221, 592, 
0, 317, 99, 462, 27, 277, 518, 
0, 252, 454, 85, 556, 467, 95, 
0, 234, 365, 324, 407, 348, 211, 
0, 169, 166, 414, 239, 276, 421, 
0, 577, 519, 579, 290, 280, 
0, 570, 187, 441, 442, 232, 205, 
0, 399, 539, 408, 260, 437, 
0, 316, 405, 156, 418, 223, 501, 
0, 412, 83, 1, 212, 
0, 161, 233, 26, 580, 503, 
0, 273, 141, 588, 340, 430, 155, 
0, 200, 301, 339, 172, 125, 465, 
0, 268, 55, 536, 428, 235, 458, 
0, 433, 366, 484, 394, 66, 
0, 81, 197, 587, 68, 293, 
0, 185, 182, 72, 25, 65, 
0, 419, 434, 571, 266, 381, 
0, 575, 356, 463, 245, 544, 
0, 597, 423, 107, 337, 538, 333, 
0, 114, 109, 135, 15, 460, 
0, 311, 479, 210, 263, 
0, 589, 61, 542, 314, 203, 
0, 90, 300, 255, 202, 
0, 543, 127, 432, 336, 258, 
0, 269, 186, 318, 294, 218, 160, 
0, 16, 490, 271, 351, 555, 
0, 309, 94, 264, 360, 406, 
0, 453, 105, 198, 89, 196, 
0, 19, 222, 167, 126, 558, 
0, 392, 347, 30, 487, 367, 530, 
0, 403, 230, 37, 164, 220, 69, 
0, 593, 474, 5, 527, 576, 238, 
0, 12, 58, 33, 231, 256, 
0, 362, 71, 475, 466, 397, 14, 
0, 417, 257, 468, 190, 57, 
0, 219, 50, 29, 133, 113, 
0, 559, 73, 515, 288, 237, 400, 
0, 134, 364, 140, 438, 36, 275, 
0, 524, 368, 379, 373, 207, 171, 
0, 450, 598, 214, 87, 389, 
0, 383, 565, 481, 40, 401, 
0, 411, 162, 240, 147, 564, 
0, 289, 91, 259, 229, 244, 
0, 180, 31, 404, 163, 
0, 110, 98, 497, 447, 278, 
0, 6, 510, 53, 181, 265, 
0, 63, 352, 108, 561, 297, 253, 
0, 284, 563, 319, 32, 357, 
0, 521, 228, 480, 38, 195, 28, 
0, 551, 157, 398, 369, 431, 
0, 472, 371, 78, 578, 130, 
0, 341, 299, 386, 425, 514, 76, 
0, 522, 375, 120, 13, 303, 552, 
0, 572, 320, 139, 469, 217, 306, 
0, 548, 251, 54, 67, 225, 482, 
0, 493, 128, 384, 427, 39, 132, 
0, 146, 177, 100, 115, 307, 
0, 358, 150, 48, 439, 537, 513, 
0, 520, 499, 420, 600, 154, 295, 
0, 517, 101, 477, 483, 131, 349, 
0, 451, 183, 84, 443, 395, 
0, 52, 562, 585, 586, 435, 119, 
0, 270, 7, 568, 226, 444, 
0, 505, 142, 330, 47, 250, 541, 
0, 144, 583, 415, 416, 262, 103, 
0, 457, 88, 194, 21, 470, 
0, 204, 509, 315, 426, 137, 
0, 149, 241, 148, 11, 478, 
0, 326, 321, 402, 92, 502, 18, 
0, 380, 170, 4, 599, 511, 
