Solution: 113 143032.708000 176932.708000

0, 117, 62, 267, 282, 70, 196, 
0, 82, 128, 210, 39, 179, 
0, 450, 351, 583, 599, 511, 
0, 19, 222, 167, 397, 14, 
0, 352, 108, 484, 394, 66, 
0, 411, 162, 240, 147, 550, 
0, 419, 434, 571, 249, 592, 
0, 284, 563, 319, 42, 225, 
0, 144, 525, 506, 360, 406, 
0, 331, 424, 413, 118, 332, 20, 
0, 316, 405, 156, 10, 557, 231, 
0, 169, 166, 414, 239, 280, 
0, 597, 423, 107, 337, 538, 333, 
0, 46, 318, 120, 13, 303, 
0, 412, 83, 1, 237, 400, 357, 
0, 175, 51, 279, 247, 178, 59, 
0, 539, 233, 385, 561, 297, 437, 
0, 146, 230, 37, 92, 502, 18, 
0, 252, 94, 221, 264, 220, 
0, 392, 432, 336, 172, 11, 478, 
0, 45, 71, 475, 466, 193, 549, 
0, 457, 88, 356, 21, 143, 
0, 386, 197, 587, 50, 395, 
0, 12, 375, 229, 218, 160, 
0, 505, 142, 330, 47, 250, 541, 
0, 559, 73, 487, 40, 530, 
0, 498, 429, 194, 245, 338, 
0, 296, 528, 140, 283, 547, 
0, 177, 100, 115, 307, 
0, 493, 328, 355, 292, 
0, 362, 106, 208, 344, 129, 
0, 52, 562, 585, 586, 435, 119, 
0, 456, 227, 138, 594, 573, 
0, 524, 368, 29, 133, 113, 76, 
0, 551, 60, 274, 49, 409, 
0, 399, 61, 542, 314, 473, 
0, 317, 329, 545, 288, 173, 401, 
0, 476, 216, 27, 152, 278, 
0, 570, 187, 148, 286, 215, 503, 
0, 234, 64, 531, 436, 202, 
0, 598, 236, 504, 447, 243, 
0, 81, 391, 5, 576, 238, 155, 
0, 273, 141, 588, 340, 430, 377, 
0, 358, 77, 536, 428, 235, 458, 
0, 174, 453, 347, 486, 532, 96, 
0, 495, 491, 407, 22, 348, 
0, 403, 321, 326, 579, 290, 
0, 433, 30, 366, 226, 444, 
0, 572, 67, 569, 159, 298, 
0, 289, 90, 461, 272, 546, 184, 
0, 390, 3, 7, 568, 302, 482, 
0, 535, 354, 470, 463, 558, 
0, 471, 8, 452, 153, 590, 
0, 359, 566, 85, 454, 467, 95, 
0, 204, 509, 353, 426, 137, 
0, 134, 364, 248, 438, 36, 275, 
0, 16, 490, 271, 415, 416, 262, 
0, 6, 510, 53, 181, 265, 
0, 371, 270, 139, 469, 217, 306, 
0, 464, 145, 527, 68, 293, 
0, 593, 474, 425, 514, 104, 
0, 324, 157, 398, 369, 431, 
0, 372, 56, 343, 554, 581, 
0, 114, 109, 135, 294, 533, 374, 
0, 520, 499, 420, 600, 154, 295, 
0, 268, 55, 560, 410, 23, 446, 
0, 335, 219, 485, 529, 422, 
0, 522, 97, 596, 313, 342, 
0, 185, 182, 72, 25, 65, 
0, 512, 116, 213, 41, 
0, 382, 183, 189, 445, 253, 
0, 516, 455, 9, 553, 552, 
0, 312, 112, 595, 488, 346, 
0, 269, 308, 99, 214, 87, 389, 
0, 200, 301, 339, 123, 212, 564, 103, 
0, 246, 345, 315, 79, 111, 
0, 388, 350, 86, 305, 508, 496, 
0, 311, 479, 384, 427, 207, 171, 
0, 472, 543, 105, 198, 89, 518, 
0, 494, 580, 310, 176, 285, 
0, 93, 325, 402, 164, 254, 69, 
0, 110, 98, 497, 556, 276, 421, 
0, 523, 365, 334, 418, 223, 501, 
0, 417, 257, 441, 442, 232, 
0, 58, 363, 255, 33, 256, 
0, 127, 507, 15, 460, 465, 
0, 287, 74, 567, 126, 209, 
0, 577, 519, 582, 378, 168, 
0, 242, 361, 44, 188, 266, 381, 
0, 341, 299, 323, 396, 489, 34, 
0, 575, 574, 584, 304, 367, 
0, 206, 387, 201, 165, 43, 
0, 327, 150, 300, 462, 277, 
0, 191, 163, 
0, 261, 75, 376, 370, 459, 
0, 161, 591, 443, 24, 448, 
0, 383, 565, 158, 393, 544, 
0, 548, 186, 48, 439, 537, 513, 
0, 320, 468, 190, 57, 500, 
0, 534, 251, 54, 125, 
0, 526, 540, 515, 481, 
0, 380, 170, 4, 555, 258, 
0, 124, 199, 84, 379, 373, 132, 
0, 517, 101, 477, 483, 131, 349, 
0, 309, 91, 259, 244, 440, 
0, 451, 224, 263, 
0, 180, 31, 404, 408, 260, 203, 
0, 521, 228, 480, 38, 195, 28, 
0, 281, 122, 26, 32, 205, 
0, 17, 449, 192, 136, 322, 2, 
0, 63, 589, 78, 578, 130, 
0, 291, 80, 151, 35, 211, 
0, 149, 241, 102, 121, 492, 
