Solution: 110 140787.444000 173787.444000

0, 266, 1, 474, 362, 189, 65, 
0, 117, 400, 565, 102, 464, 472, 
0, 575, 180, 469, 558, 372, 
0, 67, 388, 232, 43, 310, 
0, 172, 193, 70, 587, 562, 
0, 392, 455, 494, 248, 401, 393, 
0, 254, 584, 110, 541, 343, 
0, 277, 31, 158, 16, 482, 
0, 364, 557, 17, 186, 553, 563, 448, 
0, 477, 36, 12, 257, 197, 533, 
0, 356, 69, 273, 90, 231, 
0, 570, 5, 162, 184, 124, 130, 
0, 529, 347, 458, 128, 24, 
0, 22, 227, 199, 473, 174, 
0, 252, 568, 319, 243, 120, 9, 
0, 314, 81, 122, 560, 164, 
0, 547, 344, 30, 342, 234, 446, 
0, 267, 85, 58, 226, 
0, 528, 71, 142, 57, 146, 28, 
0, 301, 205, 586, 51, 115, 20, 
0, 87, 182, 278, 355, 408, 147, 
0, 597, 304, 188, 103, 552, 
0, 47, 307, 80, 520, 165, 375, 
0, 222, 135, 409, 274, 
0, 313, 14, 216, 39, 439, 
0, 414, 518, 537, 441, 195, 99, 
0, 315, 98, 280, 316, 194, 561, 
0, 530, 371, 29, 139, 76, 
0, 389, 351, 66, 524, 112, 145, 
0, 572, 466, 437, 478, 384, 
0, 215, 467, 221, 163, 284, 
0, 381, 376, 50, 350, 589, 
0, 577, 104, 481, 486, 133, 422, 
0, 390, 592, 151, 255, 535, 134, 
0, 138, 265, 323, 125, 32, 426, 
0, 179, 136, 276, 181, 454, 217, 
0, 241, 405, 285, 63, 545, 
0, 326, 11, 56, 230, 159, 
0, 340, 452, 60, 346, 490, 
0, 593, 391, 349, 55, 523, 
0, 62, 238, 38, 242, 496, 410, 
0, 320, 403, 168, 519, 26, 463, 
0, 598, 244, 506, 450, 249, 
0, 360, 504, 585, 438, 421, 
0, 8, 137, 457, 106, 483, 
0, 68, 218, 369, 84, 211, 
0, 532, 428, 412, 269, 287, 
0, 332, 556, 143, 451, 229, 509, 
0, 447, 543, 177, 237, 119, 253, 
0, 131, 283, 157, 2, 6, 
0, 140, 531, 510, 305, 378, 579, 
0, 417, 82, 539, 431, 83, 
0, 191, 440, 358, 288, 262, 596, 
0, 382, 327, 331, 91, 21, 468, 
0, 385, 160, 366, 404, 
0, 445, 590, 25, 374, 453, 
0, 275, 311, 334, 377, 107, 443, 
0, 357, 101, 442, 89, 594, 574, 
0, 480, 224, 209, 394, 281, 479, 
0, 105, 328, 261, 491, 35, 167, 
0, 551, 109, 365, 306, 18, 
0, 141, 258, 171, 256, 210, 
0, 286, 536, 581, 97, 116, 
0, 499, 154, 325, 444, 239, 
0, 416, 383, 236, 27, 213, 219, 
0, 425, 37, 503, 338, 
0, 111, 368, 460, 353, 132, 268, 
0, 542, 240, 335, 48, 259, 517, 
0, 427, 324, 548, 475, 53, 75, 
0, 49, 100, 15, 396, 461, 
0, 93, 516, 373, 200, 359, 264, 
0, 187, 309, 546, 317, 514, 77, 202, 
0, 555, 176, 144, 113, 471, 
0, 118, 436, 489, 127, 201, 
0, 507, 152, 206, 487, 424, 74, 
0, 86, 511, 148, 33, 308, 
0, 250, 564, 550, 290, 220, 
0, 498, 336, 333, 361, 544, 
0, 289, 156, 413, 415, 599, 170, 
0, 52, 420, 500, 46, 196, 272, 
0, 92, 330, 175, 246, 354, 108, 279, 
0, 418, 411, 295, 485, 40, 235, 
0, 185, 59, 270, 223, 567, 
0, 296, 402, 96, 42, 493, 591, 
0, 502, 41, 95, 166, 183, 
0, 341, 34, 386, 430, 600, 297, 
0, 123, 207, 198, 423, 190, 
0, 527, 282, 534, 150, 549, 
0, 19, 72, 476, 61, 44, 54, 
0, 363, 515, 88, 512, 501, 
0, 559, 329, 406, 370, 
0, 251, 321, 303, 397, 554, 434, 
0, 470, 204, 121, 576, 245, 429, 
0, 212, 449, 407, 10, 462, 
0, 291, 94, 495, 169, 271, 
0, 312, 456, 465, 513, 348, 
0, 203, 398, 580, 178, 
0, 488, 64, 263, 7, 114, 582, 
0, 318, 352, 433, 583, 302, 345, 
0, 573, 299, 505, 45, 508, 225, 
0, 399, 395, 459, 129, 
0, 337, 484, 387, 73, 300, 4, 
0, 293, 192, 3, 294, 247, 339, 
0, 526, 525, 571, 23, 149, 
0, 292, 79, 566, 126, 521, 
0, 153, 161, 595, 432, 78, 
0, 298, 588, 379, 578, 214, 
0, 233, 538, 260, 173, 540, 522, 
0, 208, 492, 419, 228, 322, 380, 
0, 367, 13, 435, 569, 155, 497, 
