Solution: 118 146192.550000 181592.550000

0, 383, 324, 115, 491, 433, 
0, 450, 460, 516, 406, 
0, 84, 580, 305, 587, 142, 
0, 100, 202, 555, 308, 17, 
0, 61, 281, 590, 354, 
0, 45, 220, 338, 291, 2, 188, 
0, 121, 243, 96, 498, 123, 
0, 186, 77, 340, 276, 
0, 270, 152, 98, 537, 157, 
0, 415, 266, 468, 256, 185, 25, 
0, 371, 577, 506, 438, 473, 389, 
0, 253, 73, 319, 251, 
0, 300, 138, 257, 91, 342, 
0, 44, 245, 137, 208, 234, 
0, 404, 435, 352, 464, 442, 
0, 418, 278, 127, 573, 385, 456, 
0, 397, 353, 495, 244, 562, 
0, 426, 530, 559, 360, 306, 
0, 166, 479, 486, 125, 358, 
0, 321, 408, 64, 523, 521, 525, 
0, 554, 493, 419, 325, 97, 
0, 197, 444, 53, 457, 254, 
0, 176, 230, 274, 
0, 86, 56, 378, 57, 140, 
0, 109, 390, 79, 24, 184, 448, 
0, 304, 471, 412, 49, 284, 
0, 7, 260, 287, 14, 161, 
0, 128, 302, 288, 440, 31, 546, 
0, 22, 446, 133, 375, 
0, 359, 401, 381, 557, 586, 
0, 345, 563, 326, 367, 174, 59, 
0, 55, 210, 238, 485, 
0, 283, 535, 507, 183, 298, 
0, 200, 600, 437, 83, 395, 
0, 362, 458, 102, 343, 218, 
0, 209, 476, 280, 488, 179, 
0, 420, 499, 175, 542, 347, 
0, 252, 215, 187, 465, 565, 
0, 159, 593, 441, 399, 259, 
0, 8, 10, 434, 143, 585, 
0, 575, 550, 463, 51, 67, 
0, 181, 316, 198, 211, 
0, 15, 58, 33, 40, 52, 
0, 443, 226, 219, 484, 38, 19, 
0, 89, 334, 9, 322, 478, 154, 386, 
0, 170, 510, 82, 303, 
0, 391, 568, 372, 596, 579, 
0, 156, 511, 583, 74, 
0, 130, 436, 78, 168, 221, 
0, 317, 481, 203, 366, 299, 
0, 350, 32, 392, 37, 423, 263, 
0, 551, 336, 178, 294, 239, 405, 370, 
0, 328, 149, 427, 41, 150, 
0, 72, 48, 293, 534, 513, 
0, 223, 561, 544, 528, 65, 231, 
0, 454, 357, 54, 505, 66, 
0, 289, 107, 597, 439, 356, 158, 
0, 194, 475, 70, 309, 
0, 60, 190, 27, 461, 163, 
0, 323, 429, 509, 351, 111, 177, 
0, 517, 363, 430, 1, 135, 
0, 407, 329, 335, 422, 199, 462, 
0, 20, 313, 349, 560, 13, 364, 567, 
0, 213, 595, 255, 301, 3, 
0, 126, 95, 529, 449, 483, 
0, 348, 225, 88, 273, 421, 
0, 451, 164, 269, 474, 
0, 522, 36, 227, 112, 
0, 470, 11, 453, 151, 459, 
0, 192, 402, 216, 
0, 417, 466, 539, 431, 6, 
0, 119, 30, 108, 207, 85, 
0, 413, 518, 393, 222, 536, 592, 
0, 490, 173, 94, 264, 71, 
0, 110, 103, 131, 540, 379, 
0, 500, 331, 16, 512, 180, 312, 
0, 167, 81, 114, 382, 
0, 262, 90, 424, 214, 594, 
0, 277, 547, 235, 339, 195, 520, 191, 
0, 533, 514, 18, 93, 346, 
0, 242, 136, 489, 556, 106, 
0, 314, 447, 496, 153, 589, 113, 
0, 477, 92, 241, 145, 564, 279, 
0, 332, 189, 132, 548, 467, 237, 
0, 250, 574, 527, 105, 504, 
0, 532, 380, 28, 129, 68, 
0, 248, 387, 492, 361, 414, 271, 29, 
0, 62, 452, 224, 425, 398, 
0, 396, 193, 327, 286, 582, 240, 
0, 599, 172, 196, 432, 267, 
0, 341, 428, 487, 285, 116, 482, 
0, 572, 272, 122, 445, 
0, 503, 139, 377, 261, 
0, 46, 455, 12, 552, 282, 
0, 249, 588, 101, 21, 416, 
0, 538, 558, 134, 494, 307, 
0, 104, 373, 258, 43, 576, 182, 
0, 295, 148, 570, 247, 344, 
0, 581, 165, 368, 333, 524, 
0, 144, 228, 35, 236, 497, 42, 
0, 394, 69, 47, 155, 501, 
0, 169, 388, 26, 232, 217, 206, 
0, 411, 160, 553, 409, 519, 
0, 320, 318, 124, 117, 205, 
0, 403, 400, 543, 162, 
0, 275, 311, 246, 549, 34, 410, 
0, 598, 120, 337, 
0, 118, 99, 315, 526, 384, 
0, 578, 515, 233, 469, 146, 310, 
0, 141, 541, 376, 
0, 531, 502, 39, 201, 
0, 63, 571, 480, 290, 
0, 5, 365, 508, 4, 229, 265, 
0, 50, 569, 80, 584, 296, 
0, 297, 75, 212, 374, 204, 
0, 76, 330, 369, 171, 147, 
0, 292, 87, 268, 355, 23, 
0, 472, 591, 566, 545, 
