Solution: 112 144865.224000 178465.224000

0, 251, 373, 45, 577, 279, 395, 
0, 521, 84, 141, 587, 294, 
0, 176, 101, 284, 524, 484, 257, 
0, 344, 364, 351, 11, 228, 507, 
0, 497, 520, 197, 473, 66, 
0, 49, 98, 10, 572, 465, 
0, 205, 409, 382, 282, 
0, 383, 494, 89, 579, 
0, 576, 394, 301, 451, 220, 211, 
0, 374, 109, 272, 573, 256, 338, 
0, 495, 347, 41, 432, 93, 
0, 393, 178, 240, 380, 
0, 458, 157, 464, 78, 523, 267, 
0, 544, 149, 590, 354, 493, 36, 
0, 486, 399, 564, 316, 64, 127, 
0, 124, 33, 574, 233, 
0, 92, 51, 512, 143, 427, 188, 
0, 12, 386, 312, 166, 153, 
0, 183, 325, 250, 329, 563, 3, 
0, 426, 514, 533, 446, 192, 
0, 429, 238, 232, 16, 247, 513, 
0, 491, 184, 365, 115, 324, 144, 
0, 266, 336, 549, 560, 147, 
0, 346, 156, 318, 379, 556, 
0, 48, 326, 548, 35, 568, 
0, 578, 418, 68, 5, 467, 500, 
0, 570, 99, 139, 225, 278, 
0, 554, 202, 490, 534, 203, 
0, 331, 221, 471, 218, 27, 293, 
0, 122, 105, 327, 518, 384, 
0, 478, 69, 437, 241, 17, 
0, 434, 28, 38, 117, 94, 
0, 538, 469, 488, 119, 531, 130, 
0, 581, 249, 596, 123, 567, 
0, 118, 60, 280, 261, 388, 483, 
0, 332, 107, 136, 15, 470, 
0, 57, 340, 345, 91, 212, 
0, 459, 81, 398, 600, 313, 
0, 2, 461, 199, 417, 
0, 499, 150, 106, 207, 86, 231, 
0, 258, 562, 575, 165, 508, 407, 
0, 400, 206, 589, 503, 193, 245, 
0, 167, 224, 30, 134, 67, 75, 
0, 135, 190, 305, 341, 376, 
0, 455, 22, 419, 227, 334, 
0, 59, 598, 447, 406, 174, 423, 
0, 61, 591, 585, 584, 187, 310, 595, 
0, 557, 72, 519, 304, 179, 412, 
0, 522, 291, 592, 586, 390, 129, 
0, 18, 457, 76, 121, 216, 
0, 527, 96, 172, 550, 104, 
0, 477, 408, 116, 450, 52, 
0, 58, 56, 246, 363, 593, 286, 
0, 397, 569, 103, 160, 517, 
0, 125, 9, 214, 276, 542, 
0, 298, 159, 505, 43, 222, 
0, 452, 195, 391, 405, 297, 
0, 597, 565, 254, 186, 541, 428, 
0, 20, 226, 555, 196, 168, 
0, 443, 128, 292, 481, 271, 
0, 339, 50, 296, 100, 453, 
0, 108, 430, 502, 448, 39, 289, 
0, 530, 317, 236, 26, 155, 95, 
0, 583, 171, 263, 348, 243, 
0, 283, 474, 537, 77, 350, 
0, 319, 169, 425, 599, 422, 
0, 209, 63, 162, 559, 553, 392, 
0, 343, 201, 137, 362, 308, 
0, 498, 152, 337, 299, 582, 438, 
0, 403, 133, 442, 234, 501, 65, 
0, 275, 74, 387, 381, 385, 
0, 285, 32, 265, 482, 302, 
0, 396, 208, 229, 177, 456, 
0, 259, 277, 462, 439, 140, 
0, 468, 580, 287, 489, 358, 
0, 479, 372, 594, 175, 480, 
0, 113, 444, 80, 1, 433, 404, 
0, 525, 269, 475, 262, 185, 
0, 528, 353, 120, 370, 311, 
0, 306, 158, 328, 506, 170, 
0, 303, 73, 371, 509, 414, 
0, 496, 342, 71, 515, 24, 532, 
0, 239, 436, 352, 242, 230, 44, 
0, 369, 510, 366, 323, 110, 
0, 182, 360, 255, 31, 194, 25, 
0, 219, 132, 356, 244, 421, 
0, 546, 154, 460, 102, 213, 
0, 181, 463, 487, 223, 21, 
0, 114, 410, 571, 389, 85, 
0, 270, 126, 248, 492, 378, 200, 
0, 322, 485, 204, 540, 198, 
0, 112, 357, 558, 561, 23, 454, 
0, 307, 361, 440, 377, 55, 
0, 535, 413, 288, 260, 29, 
0, 526, 333, 111, 449, 359, 142, 
0, 273, 163, 516, 40, 
0, 330, 349, 566, 335, 34, 543, 
0, 529, 466, 268, 4, 83, 
0, 411, 237, 145, 321, 252, 
0, 314, 148, 551, 82, 290, 539, 
0, 309, 79, 37, 375, 424, 
0, 253, 476, 146, 300, 215, 
0, 87, 54, 217, 355, 151, 
0, 415, 191, 545, 173, 472, 
0, 552, 6, 264, 53, 90, 435, 
0, 536, 367, 504, 164, 588, 547, 
0, 180, 62, 131, 315, 320, 235, 
0, 46, 70, 368, 445, 431, 
0, 416, 295, 189, 420, 274, 210, 
0, 511, 401, 13, 42, 97, 
0, 402, 7, 8, 441, 19, 161, 
0, 138, 88, 14, 281, 47, 
