Solution: 144 158699.926000 201899.926000

0, 599, 436, 424, 221, 15, 363, 
0, 370, 672, 480, 213, 407, 760, 
0, 494, 626, 447, 310, 46, 
0, 276, 791, 185, 504, 102, 697, 611, 
0, 457, 67, 632, 164, 254, 
0, 115, 493, 327, 475, 12, 216, 
0, 283, 264, 657, 616, 466, 
0, 79, 432, 349, 76, 50, 152, 
0, 103, 269, 252, 322, 9, 307, 
0, 680, 106, 793, 298, 5, 336, 
0, 448, 786, 87, 645, 196, 721, 
0, 241, 650, 663, 783, 574, 
0, 386, 759, 78, 630, 29, 
0, 613, 536, 646, 56, 81, 313, 
0, 256, 1, 622, 367, 234, 398, 
0, 346, 655, 381, 323, 619, 659, 
0, 168, 74, 609, 3, 621, 683, 
0, 197, 486, 354, 665, 728, 754, 
0, 686, 412, 666, 
0, 392, 108, 637, 263, 112, 
0, 501, 761, 92, 581, 178, 715, 
0, 532, 157, 583, 214, 742, 84, 
0, 182, 35, 353, 374, 237, 438, 
0, 181, 503, 415, 623, 97, 413, 
0, 741, 528, 371, 69, 720, 635, 
0, 627, 293, 144, 232, 148, 425, 
0, 747, 235, 217, 640, 772, 
0, 778, 286, 636, 714, 643, 
0, 495, 207, 384, 268, 585, 773, 
0, 711, 628, 280, 560, 540, 
0, 270, 744, 28, 188, 297, 
0, 462, 203, 285, 21, 71, 68, 736, 
0, 522, 324, 591, 782, 343, 60, 
0, 567, 351, 53, 673, 764, 282, 
0, 751, 624, 521, 795, 134, 740, 
0, 556, 210, 16, 190, 30, 491, 
0, 667, 195, 136, 238, 670, 
0, 40, 49, 245, 331, 456, 533, 
0, 127, 422, 701, 311, 573, 467, 
0, 434, 561, 201, 470, 18, 
0, 192, 658, 584, 620, 745, 426, 
0, 150, 380, 777, 229, 710, 800, 
0, 344, 193, 539, 588, 752, 558, 
0, 409, 251, 36, 586, 
0, 359, 34, 41, 338, 2, 
0, 362, 737, 518, 240, 687, 549, 
0, 537, 416, 679, 608, 383, 
0, 288, 755, 119, 166, 498, 163, 
0, 176, 513, 129, 329, 594, 703, 
0, 236, 746, 139, 487, 712, 587, 
0, 535, 490, 93, 31, 774, 
0, 430, 538, 781, 668, 473, 792, 
0, 174, 675, 543, 130, 171, 
0, 100, 756, 709, 358, 449, 
0, 505, 468, 43, 705, 248, 
0, 215, 664, 546, 326, 
0, 142, 145, 255, 797, 39, 
0, 692, 790, 242, 743, 606, 798, 
0, 141, 766, 445, 244, 531, 
0, 365, 314, 45, 564, 291, 199, 
0, 59, 439, 654, 542, 332, 707, 
0, 509, 690, 689, 661, 440, 294, 
0, 676, 734, 318, 304, 566, 
0, 261, 122, 211, 17, 177, 277, 
0, 388, 395, 529, 360, 125, 688, 
0, 739, 481, 671, 639, 592, 
0, 340, 451, 507, 423, 484, 
0, 117, 226, 570, 38, 271, 51, 
0, 776, 77, 206, 124, 123, 
0, 681, 208, 355, 465, 368, 
0, 173, 27, 158, 104, 478, 
0, 132, 541, 534, 167, 696, 345, 
0, 230, 647, 706, 595, 292, 
0, 391, 463, 299, 284, 602, 187, 
0, 66, 717, 135, 429, 274, 
0, 758, 202, 419, 14, 
0, 194, 695, 20, 652, 702, 247, 
0, 212, 461, 25, 770, 
0, 582, 406, 557, 565, 
0, 279, 629, 576, 472, 625, 523, 
0, 548, 474, 674, 82, 156, 
0, 357, 6, 126, 516, 421, 138, 
0, 227, 545, 246, 553, 496, 118, 
0, 464, 120, 75, 571, 443, 789, 
0, 603, 339, 492, 330, 633, 328, 
0, 452, 796, 47, 337, 131, 94, 
0, 767, 748, 320, 512, 91, 325, 
0, 404, 186, 170, 708, 4, 
0, 272, 224, 694, 86, 771, 
0, 7, 403, 799, 19, 550, 220, 
0, 151, 693, 779, 334, 114, 
0, 724, 369, 191, 575, 48, 524, 
0, 172, 99, 411, 137, 378, 547, 
0, 749, 418, 420, 209, 243, 
0, 295, 32, 389, 133, 175, 408, 341, 
0, 146, 22, 617, 568, 259, 559, 
0, 397, 497, 750, 716, 653, 105, 
0, 723, 718, 70, 590, 
0, 769, 520, 431, 648, 52, 80, 
0, 262, 580, 312, 499, 572, 399, 
0, 316, 352, 519, 477, 785, 601, 37, 
0, 54, 281, 634, 649, 638, 
0, 113, 296, 396, 428, 377, 
0, 160, 511, 290, 417, 726, 
0, 57, 780, 225, 107, 101, 317, 
0, 239, 140, 63, 155, 427, 
0, 260, 517, 228, 159, 527, 394, 
0, 763, 589, 278, 393, 366, 453, 
0, 762, 153, 390, 8, 165, 333, 732, 
0, 189, 335, 562, 62, 631, 154, 
0, 441, 722, 116, 319, 677, 
0, 727, 198, 596, 273, 733, 
0, 143, 265, 578, 402, 458, 604, 
0, 289, 64, 306, 433, 85, 
0, 315, 204, 691, 218, 24, 
0, 765, 731, 450, 485, 128, 684, 
0, 607, 488, 98, 348, 373, 
0, 669, 489, 482, 644, 719, 526, 257, 
0, 287, 577, 65, 510, 699, 597, 
0, 612, 757, 111, 89, 309, 
0, 753, 502, 161, 794, 364, 
0, 121, 356, 704, 305, 554, 
0, 508, 569, 455, 109, 96, 
0, 610, 55, 615, 784, 605, 
0, 444, 698, 72, 308, 788, 787, 
0, 162, 303, 563, 405, 342, 437, 
0, 58, 600, 410, 682, 
0, 442, 179, 552, 454, 725, 
0, 656, 738, 515, 414, 641, 514, 
0, 713, 768, 233, 249, 446, 361, 61, 
0, 500, 90, 469, 685, 459, 729, 
0, 267, 184, 382, 73, 147, 
0, 266, 83, 479, 88, 555, 347, 
0, 350, 618, 375, 593, 506, 26, 
0, 180, 476, 275, 385, 95, 169, 
0, 700, 11, 301, 525, 10, 42, 
0, 110, 730, 23, 231, 376, 
0, 379, 401, 149, 614, 219, 
0, 662, 460, 13, 400, 200, 642, 
0, 483, 44, 33, 544, 660, 
0, 387, 300, 435, 579, 302, 471, 
0, 735, 183, 530, 223, 678, 
0, 372, 253, 258, 222, 250, 551, 
0, 321, 598, 775, 205, 651, 
