Solution: 147 161756.602000 205856.602000

0, 341, 197, 292, 578, 176, 80, 
0, 380, 484, 430, 445, 646, 270, 
0, 53, 5, 91, 558, 554, 
0, 355, 125, 243, 385, 46, 241, 
0, 28, 372, 23, 101, 98, 307, 
0, 332, 530, 778, 614, 627, 
0, 106, 738, 309, 226, 392, 120, 
0, 250, 418, 11, 323, 179, 
0, 398, 379, 182, 795, 99, 606, 
0, 756, 512, 474, 642, 167, 544, 
0, 54, 645, 289, 405, 703, 
0, 419, 580, 315, 114, 151, 648, 
0, 375, 74, 195, 536, 439, 326, 
0, 722, 629, 287, 633, 681, 
0, 741, 522, 354, 129, 716, 
0, 737, 384, 142, 572, 299, 229, 
0, 796, 393, 408, 220, 356, 591, 
0, 160, 616, 29, 210, 690, 296, 
0, 136, 40, 432, 559, 314, 
0, 100, 257, 662, 698, 21, 154, 
0, 150, 117, 201, 17, 65, 728, 
0, 607, 360, 773, 295, 602, 
0, 479, 366, 497, 298, 259, 248, 
0, 516, 344, 701, 294, 550, 
0, 761, 429, 610, 199, 
0, 528, 49, 777, 775, 
0, 34, 42, 325, 669, 404, 
0, 417, 39, 504, 371, 44, 715, 
0, 449, 192, 272, 466, 732, 172, 710, 
0, 165, 667, 185, 593, 631, 726, 
0, 482, 58, 509, 604, 685, 
0, 303, 128, 225, 584, 
0, 618, 678, 369, 92, 161, 
0, 291, 634, 141, 603, 166, 797, 
0, 304, 547, 590, 61, 363, 
0, 587, 214, 297, 377, 435, 170, 
0, 302, 675, 792, 84, 87, 376, 
0, 763, 337, 69, 93, 653, 
0, 609, 442, 473, 707, 347, 585, 
0, 762, 686, 310, 798, 163, 517, 
0, 349, 574, 62, 121, 638, 
0, 215, 540, 202, 714, 246, 
0, 436, 746, 406, 73, 637, 313, 
0, 175, 32, 124, 285, 525, 464, 
0, 228, 409, 351, 498, 416, 
0, 312, 463, 518, 30, 105, 
0, 1, 438, 513, 19, 531, 283, 
0, 265, 178, 688, 51, 77, 301, 
0, 428, 102, 660, 783, 271, 625, 
0, 527, 386, 211, 90, 26, 
0, 451, 569, 71, 658, 786, 
0, 110, 644, 759, 747, 55, 765, 
0, 115, 689, 16, 571, 700, 359, 
0, 470, 83, 551, 340, 
0, 745, 757, 794, 212, 437, 729, 
0, 183, 395, 539, 209, 486, 
0, 664, 490, 402, 440, 545, 208, 
0, 673, 455, 9, 153, 278, 471, 
0, 450, 63, 94, 683, 446, 724, 
0, 249, 799, 89, 520, 239, 
0, 276, 144, 137, 780, 365, 692, 
0, 734, 622, 232, 426, 423, 86, 
0, 599, 388, 190, 494, 331, 
0, 277, 505, 217, 148, 521, 
0, 668, 750, 510, 563, 784, 
0, 491, 279, 234, 14, 506, 171, 
0, 731, 621, 252, 460, 134, 
0, 526, 306, 305, 576, 581, 457, 
0, 421, 492, 789, 78, 122, 
0, 657, 641, 35, 679, 
0, 739, 224, 206, 316, 665, 758, 
0, 242, 475, 20, 503, 
0, 552, 754, 127, 407, 143, 
0, 181, 109, 595, 262, 649, 
0, 623, 282, 221, 140, 
0, 687, 785, 612, 674, 367, 502, 
0, 441, 284, 60, 615, 727, 339, 
0, 254, 431, 145, 82, 187, 717, 
0, 708, 764, 290, 519, 222, 261, 
0, 434, 427, 238, 324, 628, 321, 
0, 338, 184, 132, 189, 456, 508, 
0, 219, 452, 24, 748, 661, 
0, 256, 788, 608, 364, 81, 767, 
0, 676, 191, 693, 619, 57, 
0, 123, 742, 711, 152, 107, 682, 
0, 342, 749, 96, 66, 155, 570, 
0, 743, 557, 480, 791, 400, 677, 
0, 188, 264, 233, 
0, 481, 147, 424, 244, 704, 
0, 56, 85, 605, 2, 617, 
0, 48, 118, 108, 444, 3, 601, 
0, 216, 542, 691, 358, 643, 130, 
0, 684, 196, 389, 656, 723, 
0, 659, 288, 414, 320, 79, 263, 
0, 766, 447, 373, 7, 
0, 394, 478, 319, 461, 10, 205, 
0, 772, 493, 556, 465, 548, 
0, 97, 705, 27, 345, 523, 382, 
0, 258, 293, 383, 218, 718, 800, 
0, 699, 200, 469, 640, 180, 476, 
0, 487, 534, 47, 158, 378, 403, 
0, 135, 230, 18, 564, 401, 
0, 327, 740, 95, 501, 793, 317, 
0, 138, 169, 333, 611, 126, 736, 
0, 514, 420, 112, 308, 583, 769, 
0, 500, 725, 524, 198, 453, 
0, 334, 433, 350, 273, 266, 630, 
0, 650, 59, 25, 709, 639, 597, 
0, 133, 76, 330, 111, 223, 381, 
0, 720, 712, 67, 588, 
0, 770, 70, 412, 538, 193, 
0, 213, 448, 537, 697, 235, 
0, 413, 730, 586, 744, 50, 
0, 361, 31, 561, 636, 411, 
0, 157, 596, 560, 655, 566, 
0, 362, 311, 159, 72, 43, 146, 
0, 38, 269, 771, 194, 247, 535, 
0, 647, 733, 245, 240, 425, 
0, 652, 343, 357, 454, 45, 751, 
0, 174, 613, 485, 592, 600, 33, 
0, 760, 680, 477, 251, 696, 
0, 787, 396, 399, 620, 231, 
0, 468, 719, 589, 779, 336, 173, 
0, 6, 651, 162, 37, 
0, 164, 694, 68, 582, 472, 753, 
0, 267, 713, 149, 573, 458, 515, 
0, 735, 752, 236, 567, 635, 
0, 495, 568, 410, 671, 374, 
0, 168, 275, 88, 541, 41, 499, 670, 
0, 227, 64, 529, 768, 
0, 706, 624, 268, 579, 139, 
0, 204, 654, 131, 318, 562, 
0, 721, 352, 346, 781, 626, 
0, 790, 203, 511, 462, 496, 22, 
0, 546, 322, 368, 549, 483, 113, 
0, 543, 459, 666, 36, 103, 443, 
0, 598, 415, 119, 156, 13, 
0, 370, 575, 507, 533, 422, 329, 
0, 353, 663, 280, 782, 335, 565, 
0, 8, 116, 532, 553, 555, 15, 
0, 774, 274, 632, 488, 207, 695, 
0, 489, 397, 328, 286, 348, 
0, 52, 776, 672, 300, 
0, 186, 387, 702, 594, 281, 
0, 253, 467, 12, 75, 237, 
0, 260, 177, 4, 104, 391, 
0, 755, 255, 577, 390, 
