Solution: 145 160611.626000 204111.626000

0, 676, 195, 191, 465, 286, 533, 
0, 516, 344, 701, 129, 359, 
0, 334, 32, 124, 285, 525, 464, 
0, 213, 667, 537, 697, 583, 769, 
0, 760, 680, 132, 586, 744, 553, 
0, 260, 177, 477, 251, 696, 15, 
0, 216, 493, 393, 4, 104, 653, 
0, 204, 733, 473, 707, 347, 585, 
0, 97, 705, 27, 345, 523, 382, 
0, 740, 332, 309, 73, 226, 637, 376, 
0, 138, 673, 455, 153, 44, 248, 
0, 215, 306, 127, 714, 640, 176, 
0, 664, 1, 438, 513, 498, 
0, 678, 188, 264, 233, 80, 
0, 267, 713, 666, 36, 78, 443, 
0, 227, 386, 211, 221, 140, 403, 
0, 428, 12, 268, 40, 503, 502, 
0, 150, 694, 582, 782, 335, 565, 
0, 429, 654, 318, 775, 562, 301, 
0, 737, 689, 16, 571, 593, 700, 
0, 441, 64, 742, 148, 270, 
0, 144, 360, 773, 300, 
0, 303, 618, 369, 92, 161, 
0, 750, 337, 71, 569, 50, 
0, 136, 253, 698, 567, 635, 591, 
0, 174, 353, 485, 592, 600, 33, 
0, 53, 641, 679, 
0, 413, 555, 189, 187, 717, 
0, 745, 492, 238, 212, 324, 729, 
0, 546, 322, 368, 549, 483, 113, 
0, 755, 255, 577, 390, 
0, 54, 289, 60, 405, 645, 703, 
0, 526, 580, 315, 615, 151, 648, 
0, 762, 686, 310, 351, 223, 381, 
0, 290, 333, 568, 374, 259, 37, 
0, 160, 616, 29, 210, 727, 339, 
0, 375, 102, 660, 783, 271, 625, 
0, 110, 147, 424, 244, 718, 
0, 361, 31, 561, 636, 768, 
0, 312, 463, 518, 30, 105, 
0, 451, 556, 408, 247, 535, 
0, 519, 612, 9, 278, 715, 677, 
0, 687, 634, 564, 603, 365, 
0, 38, 415, 119, 156, 13, 348, 
0, 743, 621, 557, 579, 139, 
0, 362, 427, 794, 330, 283, 
0, 766, 447, 373, 7, 155, 
0, 514, 448, 162, 704, 
0, 468, 719, 112, 779, 336, 173, 
0, 652, 319, 478, 10, 167, 261, 
0, 302, 5, 39, 91, 371, 
0, 449, 192, 272, 466, 732, 172, 710, 
0, 528, 352, 182, 620, 
0, 175, 512, 474, 642, 545, 208, 
0, 418, 481, 218, 121, 638, 
0, 379, 442, 245, 240, 392, 317, 
0, 708, 764, 18, 674, 367, 554, 
0, 421, 725, 524, 198, 453, 
0, 623, 282, 35, 494, 99, 692, 
0, 790, 663, 511, 462, 472, 496, 
0, 106, 738, 131, 501, 87, 313, 
0, 380, 484, 430, 445, 646, 682, 
0, 135, 141, 230, 785, 222, 166, 797, 
0, 214, 433, 350, 273, 266, 630, 
0, 489, 397, 328, 460, 134, 
0, 62, 142, 228, 383, 163, 517, 
0, 731, 252, 69, 93, 391, 
0, 598, 575, 108, 444, 3, 601, 
0, 311, 409, 558, 401, 
0, 543, 459, 103, 789, 437, 
0, 482, 58, 644, 343, 357, 416, 
0, 342, 749, 96, 66, 716, 631, 726, 
0, 796, 276, 26, 90, 
0, 650, 59, 25, 488, 639, 235, 
0, 277, 505, 217, 529, 521, 378, 
0, 225, 387, 702, 594, 281, 
0, 133, 76, 111, 19, 531, 122, 
0, 787, 396, 399, 295, 602, 
0, 291, 759, 651, 308, 55, 765, 
0, 607, 49, 777, 346, 120, 685, 
0, 647, 675, 792, 84, 793, 57, 
0, 157, 596, 560, 655, 566, 
0, 774, 274, 632, 572, 207, 695, 597, 
0, 487, 540, 469, 239, 476, 
0, 720, 712, 67, 588, 
0, 341, 613, 280, 203, 22, 753, 
0, 721, 190, 398, 199, 331, 
0, 420, 587, 297, 377, 435, 170, 
0, 417, 159, 504, 72, 43, 146, 
0, 265, 609, 610, 781, 626, 
0, 491, 279, 234, 414, 320, 407, 263, 
0, 500, 480, 20, 126, 736, 
0, 761, 178, 688, 51, 77, 606, 
0, 394, 28, 137, 780, 425, 
0, 52, 776, 672, 604, 299, 229, 
0, 495, 169, 410, 671, 628, 321, 
0, 123, 534, 47, 690, 158, 296, 
0, 436, 746, 691, 406, 358, 548, 
0, 722, 617, 605, 2, 633, 
0, 164, 117, 201, 14, 506, 171, 
0, 684, 196, 389, 656, 723, 
0, 699, 200, 202, 180, 578, 
0, 370, 752, 75, 507, 422, 329, 
0, 770, 70, 412, 538, 193, 
0, 349, 372, 23, 461, 798, 471, 
0, 293, 258, 384, 709, 179, 
0, 527, 599, 388, 795, 231, 
0, 254, 431, 145, 82, 681, 79, 
0, 657, 186, 128, 411, 
0, 739, 224, 206, 316, 665, 758, 
0, 772, 74, 118, 536, 439, 
0, 756, 490, 454, 402, 440, 751, 
0, 734, 622, 232, 426, 423, 86, 
0, 355, 125, 243, 385, 46, 241, 
0, 256, 788, 693, 619, 627, 356, 
0, 8, 184, 116, 532, 456, 508, 
0, 100, 257, 432, 559, 314, 
0, 668, 730, 510, 563, 784, 
0, 219, 452, 24, 748, 661, 
0, 56, 85, 287, 669, 404, 
0, 706, 624, 611, 791, 400, 154, 
0, 542, 763, 236, 95, 643, 130, 
0, 479, 366, 497, 45, 298, 205, 
0, 249, 799, 741, 584, 
0, 304, 547, 590, 61, 363, 
0, 338, 608, 364, 81, 767, 
0, 450, 63, 94, 683, 446, 724, 
0, 327, 530, 778, 658, 786, 
0, 242, 475, 614, 220, 
0, 48, 269, 771, 194, 486, 
0, 419, 284, 711, 152, 107, 
0, 735, 467, 662, 21, 237, 
0, 434, 757, 149, 573, 458, 515, 
0, 292, 197, 68, 17, 65, 728, 
0, 6, 589, 747, 800, 544, 
0, 34, 629, 42, 325, 649, 
0, 181, 109, 595, 262, 326, 
0, 183, 395, 539, 209, 114, 
0, 250, 574, 509, 101, 98, 307, 
0, 470, 83, 551, 340, 
0, 168, 275, 88, 541, 41, 499, 670, 
0, 552, 288, 305, 576, 581, 457, 
0, 659, 754, 89, 520, 143, 246, 
0, 165, 185, 11, 323, 570, 
0, 115, 522, 354, 294, 550, 
