Solution: 147 161489.944000 205589.944000

0, 249, 505, 217, 529, 378, 476, 
0, 250, 88, 541, 41, 499, 670, 
0, 706, 579, 268, 559, 637, 376, 
0, 745, 757, 794, 330, 283, 
0, 34, 42, 325, 669, 404, 
0, 699, 200, 202, 180, 578, 
0, 303, 618, 369, 92, 161, 
0, 275, 62, 228, 383, 163, 
0, 361, 31, 561, 636, 768, 
0, 242, 475, 4, 220, 
0, 56, 85, 82, 2, 617, 681, 
0, 421, 492, 789, 61, 91, 
0, 764, 686, 351, 223, 498, 363, 
0, 434, 427, 238, 324, 198, 126, 
0, 293, 418, 11, 323, 179, 
0, 8, 184, 116, 532, 553, 15, 
0, 312, 463, 518, 30, 105, 
0, 546, 322, 414, 320, 483, 113, 
0, 292, 197, 485, 592, 600, 33, 
0, 451, 569, 71, 104, 627, 
0, 181, 109, 595, 262, 625, 
0, 760, 680, 477, 251, 696, 
0, 5, 409, 590, 573, 458, 
0, 133, 76, 111, 19, 531, 122, 
0, 150, 117, 201, 17, 65, 728, 
0, 342, 396, 399, 390, 
0, 734, 32, 124, 285, 525, 464, 
0, 115, 522, 354, 294, 550, 
0, 254, 431, 145, 187, 551, 340, 
0, 659, 754, 89, 640, 520, 143, 
0, 774, 274, 632, 488, 207, 229, 
0, 479, 366, 497, 440, 545, 208, 
0, 487, 540, 469, 239, 
0, 644, 759, 747, 454, 402, 471, 
0, 204, 740, 95, 567, 21, 139, 
0, 135, 141, 230, 240, 603, 797, 
0, 157, 596, 560, 748, 655, 
0, 349, 574, 142, 572, 299, 235, 
0, 265, 609, 610, 199, 
0, 52, 394, 672, 604, 685, 
0, 799, 288, 576, 581, 79, 457, 
0, 334, 433, 350, 273, 266, 630, 
0, 449, 192, 272, 466, 732, 172, 710, 
0, 552, 368, 234, 14, 506, 171, 
0, 647, 675, 245, 707, 347, 585, 
0, 215, 534, 47, 690, 158, 296, 
0, 165, 667, 185, 697, 583, 769, 
0, 138, 673, 455, 153, 278, 517, 
0, 668, 750, 510, 563, 784, 
0, 495, 169, 547, 437, 729, 
0, 543, 459, 149, 666, 515, 
0, 676, 191, 693, 286, 348, 
0, 527, 386, 211, 90, 26, 
0, 652, 343, 424, 162, 800, 544, 
0, 341, 613, 782, 335, 723, 565, 
0, 762, 311, 622, 426, 298, 751, 
0, 355, 269, 771, 194, 247, 326, 703, 
0, 735, 467, 662, 87, 317, 
0, 436, 746, 236, 406, 358, 
0, 737, 689, 16, 571, 593, 700, 
0, 766, 447, 373, 7, 155, 570, 
0, 291, 372, 23, 785, 222, 
0, 664, 232, 423, 72, 43, 146, 
0, 441, 284, 60, 405, 727, 339, 
0, 514, 420, 112, 704, 416, 
0, 678, 188, 264, 233, 80, 
0, 380, 484, 430, 445, 646, 682, 
0, 258, 384, 25, 709, 639, 
0, 478, 319, 461, 10, 798, 167, 
0, 304, 725, 524, 212, 628, 321, 
0, 164, 694, 68, 582, 472, 753, 
0, 790, 663, 511, 462, 496, 22, 
0, 688, 654, 131, 473, 365, 554, 
0, 136, 253, 557, 621, 736, 
0, 428, 783, 608, 364, 81, 767, 
0, 216, 542, 691, 318, 643, 237, 
0, 772, 493, 393, 619, 391, 329, 
0, 106, 738, 309, 73, 226, 120, 
0, 160, 616, 29, 210, 270, 
0, 470, 605, 83, 717, 
0, 756, 490, 45, 357, 695, 597, 
0, 708, 290, 612, 564, 401, 
0, 413, 730, 586, 744, 50, 
0, 763, 333, 568, 410, 671, 453, 
0, 657, 186, 128, 661, 281, 
0, 528, 352, 182, 620, 
0, 110, 481, 218, 244, 718, 
0, 277, 387, 225, 679, 
0, 587, 214, 297, 377, 435, 170, 
0, 100, 257, 432, 40, 314, 
0, 787, 35, 702, 221, 140, 
0, 174, 353, 203, 280, 
0, 213, 448, 537, 121, 638, 
0, 731, 624, 12, 653, 313, 
0, 482, 58, 509, 101, 98, 261, 
0, 183, 395, 539, 209, 615, 649, 
0, 687, 634, 519, 674, 248, 307, 
0, 227, 575, 507, 444, 3, 601, 
0, 796, 276, 742, 148, 521, 403, 
0, 452, 24, 176, 411, 
0, 219, 491, 279, 549, 714, 246, 
0, 526, 306, 305, 127, 407, 263, 
0, 267, 713, 36, 103, 78, 443, 
0, 770, 70, 412, 538, 193, 
0, 442, 733, 792, 84, 793, 57, 
0, 450, 63, 94, 683, 446, 724, 
0, 327, 332, 501, 503, 392, 166, 502, 
0, 168, 96, 344, 66, 716, 631, 726, 
0, 302, 18, 9, 367, 715, 677, 
0, 375, 102, 660, 118, 
0, 144, 360, 773, 300, 
0, 739, 224, 206, 316, 665, 758, 
0, 123, 64, 711, 152, 107, 
0, 260, 556, 252, 460, 134, 
0, 53, 641, 594, 
0, 175, 512, 474, 642, 205, 86, 
0, 623, 282, 398, 494, 331, 
0, 650, 59, 701, 129, 359, 
0, 598, 125, 243, 385, 533, 422, 
0, 38, 415, 119, 108, 13, 241, 
0, 761, 429, 51, 77, 99, 606, 
0, 741, 781, 749, 584, 
0, 379, 28, 137, 780, 425, 
0, 720, 712, 67, 588, 
0, 419, 580, 315, 114, 151, 648, 
0, 684, 196, 389, 656, 566, 
0, 516, 147, 651, 308, 55, 765, 
0, 362, 39, 310, 558, 371, 44, 
0, 408, 530, 778, 658, 786, 
0, 97, 705, 27, 345, 523, 382, 
0, 607, 49, 777, 775, 562, 301, 
0, 370, 752, 75, 698, 635, 591, 
0, 743, 480, 611, 791, 400, 154, 
0, 722, 629, 287, 633, 
0, 54, 289, 645, 156, 486, 
0, 48, 74, 271, 46, 535, 
0, 489, 397, 195, 536, 439, 
0, 178, 500, 20, 614, 356, 
0, 417, 159, 504, 374, 259, 37, 
0, 256, 177, 788, 465, 548, 
0, 6, 1, 438, 513, 381, 
0, 721, 776, 346, 795, 231, 
0, 468, 719, 589, 779, 336, 173, 
0, 338, 132, 555, 189, 456, 508, 
0, 599, 388, 190, 692, 626, 
0, 755, 255, 577, 295, 602, 
0, 328, 337, 69, 93, 130, 
