Solution: 147 159433.050000 203533.050000

0, 387, 300, 579, 302, 471, 
0, 409, 251, 36, 
0, 160, 546, 557, 428, 334, 
0, 7, 591, 268, 585, 773, 
0, 422, 65, 149, 614, 219, 
0, 448, 786, 634, 649, 196, 721, 
0, 567, 351, 157, 673, 167, 764, 
0, 172, 513, 371, 137, 378, 635, 
0, 212, 451, 170, 710, 800, 
0, 230, 444, 698, 785, 728, 754, 
0, 501, 761, 92, 526, 696, 345, 
0, 758, 612, 97, 111, 631, 
0, 189, 253, 258, 222, 551, 29, 
0, 321, 224, 87, 645, 638, 
0, 404, 186, 507, 423, 237, 
0, 182, 493, 327, 12, 799, 408, 
0, 681, 208, 355, 465, 368, 
0, 462, 203, 285, 21, 68, 601, 37, 
0, 270, 695, 194, 329, 297, 
0, 276, 791, 185, 504, 338, 
0, 669, 489, 16, 190, 30, 
0, 66, 717, 135, 429, 274, 
0, 59, 651, 166, 498, 163, 
0, 162, 352, 519, 477, 506, 26, 
0, 595, 34, 640, 433, 
0, 711, 628, 280, 38, 271, 51, 
0, 391, 463, 299, 284, 112, 733, 
0, 618, 122, 72, 308, 71, 787, 
0, 464, 120, 75, 571, 443, 789, 
0, 603, 339, 492, 330, 633, 328, 
0, 117, 226, 570, 43, 705, 
0, 392, 793, 637, 382, 86, 771, 
0, 344, 193, 539, 304, 566, 
0, 535, 406, 255, 249, 446, 
0, 599, 436, 424, 221, 15, 363, 
0, 316, 27, 104, 581, 
0, 370, 672, 480, 736, 407, 760, 
0, 288, 150, 646, 56, 81, 313, 
0, 181, 264, 488, 98, 348, 154, 
0, 267, 184, 561, 201, 470, 18, 
0, 113, 664, 326, 779, 565, 
0, 57, 780, 225, 107, 101, 317, 
0, 727, 198, 596, 273, 332, 
0, 236, 746, 139, 487, 712, 61, 
0, 180, 476, 275, 385, 95, 169, 
0, 700, 11, 301, 525, 10, 42, 
0, 505, 657, 616, 795, 466, 
0, 509, 690, 689, 661, 440, 94, 
0, 457, 140, 63, 155, 427, 
0, 359, 235, 217, 148, 772, 
0, 397, 731, 450, 485, 128, 684, 
0, 340, 35, 626, 52, 152, 341, 
0, 227, 541, 53, 534, 282, 
0, 283, 607, 23, 134, 740, 
0, 735, 521, 624, 298, 
0, 434, 734, 588, 752, 558, 
0, 483, 381, 323, 619, 774, 
0, 452, 183, 349, 76, 514, 
0, 548, 474, 674, 794, 364, 96, 
0, 724, 369, 679, 608, 383, 
0, 173, 303, 211, 177, 788, 277, 
0, 747, 545, 482, 644, 719, 257, 
0, 103, 269, 320, 512, 414, 515, 
0, 778, 286, 636, 575, 48, 699, 597, 
0, 168, 74, 609, 3, 621, 683, 
0, 215, 693, 777, 605, 
0, 372, 598, 775, 654, 542, 533, 
0, 430, 538, 781, 668, 473, 376, 
0, 756, 99, 411, 69, 720, 333, 732, 
0, 207, 495, 384, 229, 574, 
0, 706, 647, 41, 682, 
0, 266, 83, 479, 88, 555, 347, 
0, 765, 410, 600, 102, 2, 
0, 100, 709, 390, 8, 85, 
0, 692, 32, 389, 133, 175, 549, 
0, 239, 490, 93, 31, 
0, 769, 520, 431, 648, 4, 
0, 656, 738, 145, 606, 559, 
0, 739, 481, 78, 377, 
0, 723, 718, 70, 590, 
0, 680, 202, 419, 263, 602, 187, 
0, 272, 108, 14, 124, 
0, 776, 77, 73, 89, 413, 
0, 289, 64, 563, 405, 342, 437, 
0, 346, 655, 44, 745, 426, 707, 
0, 362, 737, 518, 240, 687, 510, 
0, 132, 750, 716, 159, 254, 
0, 532, 620, 33, 544, 660, 214, 
0, 262, 744, 28, 188, 449, 39, 
0, 6, 314, 126, 516, 421, 798, 
0, 192, 658, 583, 584, 742, 84, 
0, 401, 379, 241, 200, 130, 642, 
0, 260, 517, 228, 527, 394, 491, 
0, 556, 210, 158, 478, 306, 
0, 762, 784, 153, 358, 165, 547, 
0, 176, 151, 536, 587, 361, 697, 611, 
0, 40, 49, 245, 331, 250, 
0, 767, 335, 562, 62, 623, 309, 
0, 662, 460, 13, 129, 594, 703, 
0, 667, 195, 136, 238, 670, 
0, 582, 755, 119, 653, 105, 659, 
0, 613, 380, 615, 209, 
0, 522, 324, 25, 319, 60, 770, 
0, 508, 569, 109, 82, 294, 
0, 763, 589, 278, 393, 366, 453, 
0, 315, 204, 252, 322, 9, 325, 
0, 439, 281, 456, 205, 458, 604, 
0, 115, 650, 353, 374, 708, 
0, 388, 395, 191, 797, 243, 
0, 442, 179, 552, 454, 725, 
0, 79, 432, 45, 564, 291, 199, 
0, 751, 691, 218, 24, 147, 
0, 627, 293, 144, 232, 425, 
0, 357, 511, 290, 417, 726, 
0, 279, 629, 576, 472, 523, 156, 
0, 741, 528, 20, 652, 702, 247, 
0, 350, 486, 354, 665, 292, 
0, 296, 759, 578, 402, 5, 336, 
0, 142, 242, 743, 790, 233, 484, 
0, 441, 722, 116, 782, 343, 216, 
0, 749, 287, 701, 311, 573, 467, 
0, 197, 213, 375, 593, 178, 715, 
0, 127, 580, 312, 499, 643, 
0, 500, 90, 469, 685, 459, 729, 
0, 675, 461, 400, 171, 524, 
0, 537, 416, 714, 572, 399, 
0, 121, 356, 704, 305, 554, 
0, 256, 796, 47, 337, 131, 
0, 676, 757, 694, 318, 123, 
0, 686, 412, 666, 
0, 174, 543, 663, 783, 677, 
0, 141, 766, 445, 244, 80, 438, 
0, 753, 502, 161, 625, 792, 
0, 713, 768, 468, 50, 531, 
0, 497, 67, 632, 164, 114, 
0, 365, 577, 475, 19, 550, 220, 
0, 386, 503, 415, 231, 373, 592, 
0, 54, 106, 206, 560, 540, 
0, 110, 730, 530, 223, 678, 
0, 610, 55, 529, 360, 125, 688, 
0, 261, 246, 435, 17, 553, 496, 118, 
0, 146, 22, 617, 568, 259, 248, 
0, 494, 403, 447, 310, 46, 
0, 143, 265, 671, 630, 639, 138, 
0, 295, 748, 396, 91, 641, 307, 
0, 1, 455, 622, 367, 234, 398, 
0, 58, 418, 420, 586, 
