Solution: 151 162990.492000 208290.492000

0, 9, 189, 616, 76, 408, 
0, 692, 10, 610, 290, 402, 
0, 253, 202, 149, 90, 474, 
0, 482, 614, 593, 722, 748, 163, 
0, 38, 553, 685, 424, 371, 
0, 263, 217, 682, 378, 691, 
0, 322, 384, 523, 26, 663, 726, 
0, 261, 299, 435, 636, 184, 
0, 792, 655, 476, 731, 783, 706, 
0, 681, 732, 233, 409, 169, 606, 
0, 718, 526, 609, 201, 
0, 120, 708, 580, 124, 266, 
0, 440, 203, 734, 514, 268, 
0, 756, 243, 550, 59, 361, 719, 
0, 772, 501, 255, 470, 368, 308, 
0, 131, 256, 654, 694, 627, 55, 
0, 34, 44, 240, 251, 330, 738, 
0, 343, 729, 108, 536, 318, 15, 
0, 721, 265, 638, 155, 
0, 274, 603, 778, 651, 468, 
0, 546, 469, 3, 95, 222, 
0, 733, 471, 235, 122, 237, 
0, 220, 448, 306, 278, 270, 172, 
0, 533, 50, 358, 615, 
0, 259, 177, 790, 328, 300, 
0, 745, 559, 519, 617, 736, 
0, 459, 472, 267, 
0, 646, 576, 683, 195, 
0, 455, 288, 128, 151, 524, 
0, 438, 619, 153, 574, 377, 
0, 704, 765, 238, 739, 229, 264, 
0, 457, 79, 61, 165, 2, 241, 
0, 661, 301, 518, 565, 786, 
0, 403, 755, 80, 648, 
0, 631, 700, 591, 
0, 54, 77, 465, 13, 767, 109, 
0, 696, 19, 558, 341, 400, 568, 
0, 598, 427, 36, 283, 262, 
0, 100, 198, 236, 396, 118, 
0, 52, 775, 665, 311, 
0, 433, 272, 771, 197, 104, 
0, 449, 795, 348, 339, 379, 
0, 129, 72, 135, 508, 230, 395, 
0, 762, 723, 445, 481, 273, 
0, 315, 563, 353, 428, 
0, 247, 607, 85, 227, 
0, 730, 271, 458, 647, 134, 
0, 595, 303, 99, 215, 787, 
0, 162, 68, 429, 346, 714, 
0, 717, 709, 65, 6, 
0, 766, 295, 121, 528, 41, 144, 
0, 552, 327, 430, 551, 492, 103, 
0, 180, 337, 319, 510, 78, 794, 599, 
0, 257, 216, 635, 637, 725, 344, 
0, 374, 27, 628, 768, 
0, 314, 260, 210, 600, 7, 323, 
0, 218, 333, 175, 475, 292, 
0, 49, 92, 397, 47, 360, 
0, 130, 137, 562, 447, 669, 512, 
0, 461, 105, 69, 570, 439, 51, 
0, 298, 200, 67, 307, 727, 
0, 225, 289, 793, 75, 513, 703, 
0, 608, 373, 777, 774, 
0, 656, 74, 464, 419, 624, 
0, 355, 96, 527, 728, 521, 788, 
0, 376, 321, 161, 45, 8, 317, 
0, 796, 280, 23, 81, 
0, 611, 351, 473, 206, 483, 754, 
0, 107, 385, 312, 356, 525, 
0, 252, 799, 325, 534, 391, 487, 
0, 188, 412, 37, 542, 213, 422, 
0, 489, 506, 46, 369, 232, 480, 
0, 507, 426, 39, 560, 418, 
0, 716, 28, 485, 16, 548, 212, 
0, 269, 154, 688, 581, 785, 431, 
0, 187, 141, 592, 695, 690, 
0, 789, 596, 673, 404, 605, 
0, 152, 509, 282, 411, 720, 
0, 106, 191, 12, 117, 331, 724, 
0, 204, 442, 760, 164, 662, 623, 
0, 340, 763, 441, 239, 454, 547, 
0, 167, 494, 370, 589, 597, 30, 
0, 737, 362, 138, 310, 677, 33, 
0, 668, 467, 687, 32, 275, 
0, 666, 221, 338, 622, 664, 463, 
0, 383, 293, 575, 629, 297, 466, 
0, 296, 25, 133, 781, 380, 555, 
0, 478, 715, 101, 780, 800, 
0, 764, 742, 87, 569, 549, 21, 
0, 363, 410, 219, 93, 89, 112, 
0, 5, 561, 389, 320, 309, 
0, 491, 56, 18, 602, 415, 797, 
0, 224, 316, 178, 502, 139, 421, 
0, 53, 73, 183, 329, 453, 530, 
0, 190, 557, 679, 97, 347, 146, 
0, 166, 776, 698, 302, 285, 
0, 434, 113, 567, 381, 244, 
0, 443, 94, 652, 110, 
0, 250, 452, 520, 335, 143, 119, 
0, 181, 84, 398, 779, 342, 752, 
0, 640, 667, 249, 484, 359, 313, 
0, 386, 460, 276, 633, 626, 182, 
0, 529, 579, 196, 541, 741, 207, 
0, 743, 279, 585, 
0, 505, 193, 86, 675, 456, 516, 
0, 170, 142, 532, 584, 564, 
0, 735, 477, 14, 578, 417, 194, 
0, 62, 543, 479, 630, 245, 
0, 650, 192, 231, 583, 
0, 504, 171, 657, 31, 387, 
0, 102, 680, 40, 699, 712, 
0, 545, 586, 750, 582, 769, 
0, 497, 414, 784, 423, 
0, 577, 401, 420, 294, 147, 91, 
0, 345, 639, 375, 324, 612, 770, 
0, 208, 126, 393, 70, 156, 
0, 761, 671, 127, 556, 746, 554, 
0, 174, 641, 277, 66, 63, 450, 
0, 168, 660, 540, 22, 573, 
0, 226, 499, 284, 205, 711, 186, 176, 
0, 773, 179, 503, 686, 336, 
0, 281, 60, 246, 234, 653, 
0, 747, 759, 42, 17, 535, 287, 
0, 517, 173, 587, 791, 451, 
0, 332, 749, 111, 158, 495, 
0, 496, 538, 48, 658, 160, 684, 305, 
0, 350, 413, 416, 407, 
0, 357, 286, 621, 98, 618, 
0, 382, 753, 71, 620, 
0, 758, 425, 498, 798, 11, 209, 
0, 114, 258, 145, 782, 601, 
0, 490, 150, 645, 590, 697, 
0, 388, 446, 604, 1, 613, 672, 
0, 29, 751, 702, 24, 
0, 710, 500, 659, 35, 83, 
0, 394, 493, 744, 157, 248, 
0, 436, 390, 58, 214, 642, 115, 
0, 588, 486, 544, 632, 242, 
0, 566, 349, 148, 707, 116, 674, 
0, 531, 132, 228, 136, 
0, 757, 392, 625, 43, 211, 689, 594, 
0, 676, 199, 406, 649, 354, 82, 
0, 399, 223, 678, 364, 643, 437, 
0, 522, 88, 405, 64, 713, 
0, 140, 366, 693, 304, 572, 
0, 644, 57, 372, 444, 291, 
0, 488, 326, 634, 352, 701, 432, 
0, 539, 511, 367, 125, 
0, 185, 123, 515, 537, 4, 334, 
0, 254, 740, 20, 705, 571, 
0, 159, 670, 462, 365, 
