Solution: 148 163135.672000 207535.672000

0, 210, 654, 544, 331, 
0, 752, 8, 667, 380, 693, 705, 
0, 690, 13, 297, 295, 260, 113, 
0, 753, 423, 498, 451, 164, 520, 
0, 317, 486, 249, 83, 344, 120, 
0, 115, 144, 747, 27, 566, 394, 
0, 476, 86, 397, 578, 765, 
0, 759, 342, 69, 241, 408, 634, 389, 
0, 363, 727, 631, 41, 312, 507, 
0, 279, 265, 517, 618, 728, 
0, 730, 1, 615, 236, 450, 171, 
0, 285, 569, 513, 242, 543, 345, 
0, 674, 406, 245, 76, 
0, 529, 400, 552, 640, 127, 
0, 12, 109, 534, 195, 743, 784, 
0, 586, 737, 128, 480, 698, 797, 
0, 315, 199, 20, 562, 417, 280, 
0, 452, 293, 130, 327, 612, 766, 
0, 223, 524, 379, 230, 568, 201, 
0, 449, 794, 40, 340, 518, 225, 
0, 281, 266, 255, 396, 253, 152, 649, 
0, 62, 542, 502, 124, 422, 273, 
0, 745, 303, 112, 219, 455, 6, 
0, 527, 576, 148, 217, 786, 
0, 382, 570, 248, 564, 438, 535, 
0, 711, 222, 23, 97, 92, 320, 
0, 269, 490, 756, 163, 707, 
0, 133, 475, 213, 447, 669, 250, 
0, 203, 150, 652, 776, 800, 
0, 697, 287, 525, 206, 43, 
0, 278, 703, 660, 35, 99, 85, 
0, 167, 432, 118, 567, 588, 80, 
0, 742, 489, 646, 609, 459, 
0, 46, 70, 202, 781, 550, 351, 
0, 387, 142, 78, 282, 597, 
0, 355, 413, 416, 305, 599, 658, 
0, 603, 47, 773, 777, 441, 
0, 651, 56, 523, 335, 186, 337, 719, 
0, 238, 403, 694, 589, 
0, 316, 616, 715, 84, 162, 
0, 668, 98, 604, 33, 101, 
0, 497, 414, 678, 469, 310, 
0, 374, 666, 461, 270, 466, 272, 
0, 790, 209, 515, 290, 
0, 395, 448, 557, 323, 311, 211, 
0, 51, 740, 34, 671, 
0, 537, 734, 314, 496, 637, 687, 592, 
0, 187, 446, 601, 3, 614, 
0, 158, 59, 554, 399, 563, 
0, 767, 471, 30, 185, 74, 
0, 227, 319, 181, 528, 159, 306, 
0, 738, 125, 254, 464, 
0, 50, 28, 386, 123, 675, 663, 
0, 788, 595, 196, 415, 341, 
0, 353, 458, 506, 346, 429, 
0, 709, 620, 244, 439, 39, 215, 
0, 574, 428, 418, 642, 107, 116, 
0, 621, 291, 134, 234, 138, 
0, 275, 183, 681, 338, 26, 732, 
0, 165, 60, 139, 607, 214, 
0, 744, 500, 584, 723, 147, 
0, 672, 129, 485, 102, 626, 
0, 221, 197, 67, 473, 131, 
0, 100, 717, 21, 411, 49, 712, 
0, 433, 648, 613, 29, 540, 200, 
0, 239, 729, 252, 153, 676, 
0, 426, 724, 617, 467, 
0, 519, 90, 700, 444, 
0, 106, 224, 36, 155, 288, 478, 
0, 358, 38, 679, 598, 11, 156, 
0, 680, 135, 243, 733, 235, 
0, 161, 373, 37, 425, 706, 736, 
0, 368, 656, 474, 726, 401, 750, 
0, 31, 710, 64, 582, 
0, 757, 718, 445, 479, 117, 419, 
0, 610, 686, 731, 783, 357, 
0, 647, 207, 283, 19, 65, 722, 
0, 691, 749, 71, 625, 632, 585, 
0, 339, 739, 89, 421, 548, 24, 
0, 262, 296, 381, 172, 511, 276, 
0, 670, 204, 701, 366, 
0, 121, 559, 229, 633, 
0, 384, 334, 247, 427, 17, 491, 
0, 547, 289, 16, 188, 25, 
0, 512, 174, 549, 301, 628, 333, 
0, 796, 627, 741, 154, 103, 
0, 258, 754, 58, 104, 533, 292, 
0, 431, 325, 160, 509, 68, 472, 
0, 371, 328, 583, 746, 52, 762, 
0, 778, 267, 573, 407, 
0, 53, 629, 641, 
0, 349, 191, 580, 553, 463, 
0, 594, 96, 644, 336, 538, 
0, 404, 606, 189, 795, 2, 
0, 360, 237, 212, 522, 424, 
0, 361, 410, 665, 313, 
0, 714, 590, 111, 
0, 435, 623, 151, 619, 787, 
0, 177, 184, 440, 256, 661, 
0, 391, 453, 769, 600, 132, 
0, 169, 141, 372, 771, 72, 602, 
0, 286, 510, 329, 532, 257, 
0, 398, 708, 105, 775, 347, 175, 
0, 228, 294, 392, 81, 653, 137, 
0, 232, 198, 356, 780, 587, 596, 173, 
0, 430, 593, 768, 370, 420, 695, 
0, 108, 684, 18, 643, 630, 
0, 271, 220, 462, 264, 716, 688, 
0, 770, 367, 608, 779, 624, 
0, 699, 760, 122, 789, 377, 
0, 393, 492, 57, 146, 494, 
0, 91, 231, 692, 10, 
0, 772, 508, 405, 126, 
0, 645, 412, 541, 216, 15, 
0, 300, 205, 493, 577, 504, 22, 
0, 9, 362, 677, 365, 505, 434, 
0, 499, 751, 477, 251, 
0, 298, 54, 683, 194, 4, 
0, 725, 622, 555, 791, 307, 
0, 94, 322, 792, 79, 793, 330, 
0, 326, 385, 42, 246, 662, 721, 
0, 581, 226, 308, 284, 277, 364, 
0, 531, 530, 579, 560, 
0, 763, 456, 359, 157, 545, 
0, 114, 178, 735, 556, 383, 
0, 268, 180, 375, 682, 321, 764, 
0, 218, 465, 655, 77, 689, 
0, 443, 55, 7, 565, 561, 
0, 638, 785, 182, 503, 93, 685, 605, 
0, 388, 61, 88, 673, 
0, 354, 702, 318, 571, 636, 299, 140, 
0, 263, 487, 332, 14, 798, 402, 
0, 761, 516, 481, 639, 369, 376, 
0, 546, 468, 454, 5, 73, 
0, 495, 536, 45, 659, 755, 
0, 261, 799, 149, 95, 179, 484, 
0, 166, 457, 539, 119, 635, 
0, 348, 774, 514, 302, 436, 48, 
0, 437, 110, 66, 309, 63, 782, 
0, 572, 75, 460, 696, 168, 
0, 136, 170, 343, 664, 32, 193, 
0, 176, 501, 409, 233, 713, 
0, 551, 483, 208, 82, 704, 521, 259, 
0, 657, 758, 324, 143, 526, 
0, 488, 378, 442, 44, 240, 748, 
0, 192, 482, 87, 611, 352, 145, 
0, 470, 274, 591, 558, 304, 
0, 190, 575, 390, 650, 720, 350, 
