Solution: 150 163349.620000 208349.620000

0, 489, 485, 239, 441, 41, 144, 
0, 314, 260, 447, 600, 7, 323, 
0, 449, 795, 452, 520, 508, 437, 
0, 577, 764, 87, 424, 371, 
0, 461, 105, 69, 570, 439, 786, 
0, 224, 316, 178, 80, 711, 139, 
0, 761, 671, 682, 378, 691, 
0, 644, 57, 312, 705, 184, 
0, 269, 641, 277, 66, 63, 731, 
0, 374, 413, 416, 615, 601, 
0, 315, 19, 558, 341, 431, 
0, 107, 88, 405, 64, 713, 
0, 656, 74, 464, 419, 237, 
0, 646, 576, 352, 471, 11, 209, 
0, 496, 708, 502, 124, 580, 266, 
0, 399, 223, 389, 320, 309, 
0, 257, 433, 635, 294, 423, 
0, 634, 150, 645, 780, 662, 241, 
0, 533, 50, 777, 774, 
0, 716, 28, 121, 16, 548, 212, 
0, 595, 303, 99, 158, 495, 
0, 773, 509, 527, 728, 328, 622, 
0, 218, 175, 679, 97, 408, 146, 
0, 737, 138, 372, 444, 291, 
0, 208, 477, 14, 71, 21, 
0, 247, 607, 85, 227, 
0, 106, 191, 12, 331, 624, 724, 
0, 166, 776, 698, 302, 285, 
0, 382, 753, 694, 620, 627, 
0, 363, 410, 219, 93, 89, 112, 
0, 539, 511, 367, 125, 
0, 681, 137, 238, 739, 229, 
0, 261, 740, 20, 117, 590, 697, 
0, 455, 288, 128, 534, 248, 
0, 54, 77, 465, 13, 767, 109, 
0, 529, 579, 196, 541, 741, 207, 
0, 517, 173, 587, 791, 521, 
0, 5, 561, 270, 278, 230, 395, 
0, 49, 272, 771, 197, 104, 115, 
0, 745, 559, 519, 617, 736, 
0, 608, 373, 609, 201, 
0, 180, 685, 126, 484, 703, 584, 
0, 403, 563, 353, 648, 
0, 162, 68, 429, 346, 714, 
0, 718, 179, 743, 
0, 357, 27, 628, 768, 
0, 717, 709, 65, 6, 
0, 756, 243, 550, 83, 451, 300, 
0, 299, 362, 435, 636, 573, 
0, 661, 616, 518, 301, 565, 51, 
0, 350, 170, 29, 
0, 376, 666, 113, 45, 8, 
0, 436, 390, 58, 147, 637, 
0, 281, 60, 246, 234, 653, 
0, 167, 202, 149, 90, 176, 487, 
0, 668, 92, 397, 251, 91, 
0, 676, 199, 406, 649, 354, 82, 
0, 226, 440, 688, 581, 785, 450, 
0, 482, 614, 593, 722, 748, 163, 
0, 168, 660, 540, 22, 800, 547, 
0, 140, 366, 526, 358, 
0, 386, 460, 276, 633, 626, 182, 
0, 721, 265, 638, 155, 
0, 650, 192, 585, 
0, 747, 759, 42, 17, 535, 287, 
0, 552, 284, 205, 186, 428, 
0, 383, 327, 430, 551, 492, 103, 
0, 730, 271, 458, 578, 669, 
0, 545, 586, 164, 701, 
0, 394, 493, 744, 151, 524, 391, 
0, 114, 145, 751, 782, 
0, 52, 775, 665, 311, 686, 606, 
0, 388, 446, 141, 695, 690, 
0, 566, 349, 148, 725, 481, 273, 
0, 598, 262, 36, 283, 387, 
0, 131, 210, 680, 40, 381, 317, 
0, 174, 472, 267, 231, 583, 
0, 507, 72, 335, 59, 361, 719, 
0, 640, 667, 249, 602, 359, 313, 
0, 296, 25, 133, 781, 380, 555, 
0, 345, 639, 375, 324, 612, 642, 
0, 443, 94, 652, 110, 
0, 279, 221, 338, 664, 418, 
0, 355, 96, 411, 720, 
0, 733, 326, 798, 122, 402, 
0, 762, 723, 445, 707, 116, 674, 
0, 198, 490, 760, 750, 623, 
0, 252, 799, 325, 228, 136, 421, 
0, 204, 715, 101, 779, 342, 172, 
0, 696, 298, 474, 400, 568, 
0, 254, 79, 61, 43, 689, 594, 
0, 478, 84, 398, 582, 769, 
0, 710, 619, 659, 35, 377, 
0, 154, 351, 494, 589, 597, 30, 
0, 758, 425, 498, 454, 264, 
0, 100, 488, 683, 165, 2, 
0, 531, 401, 420, 23, 98, 
0, 499, 755, 734, 514, 268, 
0, 692, 10, 610, 699, 415, 512, 
0, 9, 189, 127, 556, 746, 554, 
0, 225, 289, 544, 564, 81, 738, 
0, 611, 476, 370, 206, 706, 
0, 792, 655, 783, 473, 483, 754, 
0, 704, 765, 295, 567, 562, 244, 
0, 53, 73, 183, 329, 453, 330, 
0, 220, 236, 195, 396, 118, 
0, 438, 500, 153, 574, 788, 
0, 321, 426, 39, 348, 528, 
0, 459, 200, 203, 67, 307, 727, 
0, 259, 177, 790, 76, 134, 
0, 187, 613, 604, 1, 672, 
0, 62, 543, 479, 630, 245, 
0, 129, 763, 506, 46, 232, 752, 
0, 434, 161, 560, 290, 480, 
0, 102, 282, 657, 463, 
0, 130, 732, 233, 409, 169, 797, 
0, 216, 467, 687, 32, 275, 537, 
0, 263, 217, 675, 86, 456, 516, 
0, 286, 132, 625, 310, 677, 33, 
0, 120, 538, 48, 658, 160, 305, 
0, 588, 486, 553, 632, 242, 
0, 766, 448, 306, 678, 339, 712, 
0, 522, 702, 24, 304, 572, 
0, 505, 193, 592, 784, 530, 
0, 504, 171, 427, 31, 417, 194, 
0, 253, 293, 575, 629, 297, 466, 
0, 757, 392, 693, 407, 
0, 491, 56, 18, 235, 211, 
0, 190, 255, 470, 475, 647, 
0, 735, 256, 654, 569, 549, 
0, 152, 337, 319, 510, 78, 794, 599, 
0, 188, 412, 37, 542, 213, 422, 
0, 142, 532, 793, 75, 513, 55, 
0, 274, 603, 778, 651, 468, 
0, 34, 44, 240, 214, 684, 344, 
0, 159, 670, 462, 365, 
0, 789, 596, 673, 404, 605, 
0, 250, 364, 135, 643, 143, 119, 
0, 497, 414, 333, 292, 360, 
0, 546, 469, 3, 95, 222, 
0, 796, 280, 621, 157, 618, 770, 
0, 322, 384, 523, 26, 663, 726, 
0, 38, 749, 111, 215, 787, 
0, 700, 591, 631, 503, 336, 
0, 772, 501, 557, 347, 368, 308, 
0, 185, 123, 515, 47, 4, 334, 
0, 343, 729, 108, 536, 318, 15, 
0, 332, 742, 393, 70, 156, 
0, 258, 457, 385, 356, 525, 571, 
0, 340, 181, 442, 369, 432, 379, 
