Solution: 144 158316.130000 201516.130000

0, 132, 541, 526, 135, 429, 274, 
0, 113, 664, 255, 249, 446, 
0, 607, 488, 98, 417, 156, 
0, 778, 149, 379, 449, 297, 
0, 444, 122, 211, 21, 71, 68, 
0, 599, 436, 424, 651, 427, 707, 
0, 66, 717, 482, 644, 719, 257, 
0, 173, 27, 158, 306, 433, 
0, 457, 750, 140, 159, 527, 394, 
0, 767, 296, 557, 221, 551, 29, 
0, 763, 589, 507, 423, 484, 
0, 680, 108, 694, 111, 631, 
0, 207, 495, 229, 710, 585, 773, 
0, 283, 110, 530, 625, 523, 792, 
0, 386, 578, 402, 458, 5, 604, 
0, 141, 766, 689, 310, 52, 80, 
0, 723, 718, 70, 590, 
0, 442, 179, 552, 454, 725, 
0, 266, 344, 561, 201, 470, 18, 
0, 289, 64, 563, 342, 728, 754, 
0, 256, 455, 622, 367, 234, 398, 
0, 548, 474, 674, 794, 364, 
0, 181, 415, 612, 231, 373, 592, 
0, 359, 74, 87, 3, 621, 683, 
0, 146, 22, 617, 568, 10, 42, 
0, 160, 538, 781, 668, 473, 376, 
0, 662, 460, 390, 305, 554, 
0, 288, 150, 646, 56, 114, 
0, 753, 502, 161, 576, 472, 
0, 212, 451, 366, 393, 278, 453, 
0, 57, 416, 389, 133, 175, 687, 549, 
0, 600, 185, 420, 504, 102, 697, 611, 
0, 765, 731, 157, 716, 653, 684, 
0, 508, 569, 109, 82, 96, 
0, 227, 545, 489, 553, 496, 118, 
0, 647, 418, 41, 209, 338, 
0, 192, 658, 583, 214, 742, 84, 
0, 370, 672, 375, 213, 169, 
0, 176, 151, 536, 587, 361, 81, 313, 
0, 350, 618, 785, 593, 601, 37, 
0, 739, 481, 671, 24, 147, 
0, 494, 244, 447, 445, 46, 152, 
0, 503, 430, 562, 62, 348, 154, 
0, 434, 193, 263, 602, 187, 
0, 409, 136, 251, 238, 670, 
0, 537, 55, 615, 243, 
0, 776, 77, 206, 786, 273, 659, 
0, 230, 387, 246, 435, 17, 177, 277, 
0, 556, 303, 581, 478, 405, 715, 
0, 7, 403, 170, 677, 770, 
0, 769, 520, 431, 708, 171, 524, 
0, 747, 235, 217, 534, 167, 491, 
0, 535, 490, 410, 93, 31, 774, 
0, 127, 580, 312, 714, 219, 699, 597, 
0, 727, 634, 49, 245, 123, 
0, 735, 280, 521, 624, 134, 740, 
0, 391, 463, 299, 284, 112, 733, 
0, 501, 761, 92, 104, 437, 
0, 452, 183, 47, 564, 798, 
0, 401, 194, 13, 329, 572, 247, 
0, 40, 198, 596, 649, 638, 
0, 357, 511, 290, 606, 421, 514, 
0, 713, 768, 301, 525, 743, 317, 
0, 321, 598, 775, 331, 456, 332, 
0, 262, 744, 28, 188, 333, 399, 
0, 115, 650, 353, 648, 12, 216, 
0, 316, 352, 519, 477, 506, 26, 178, 
0, 287, 422, 701, 311, 573, 467, 
0, 404, 722, 591, 782, 343, 60, 
0, 346, 381, 44, 620, 426, 345, 
0, 392, 793, 637, 382, 86, 771, 
0, 711, 628, 264, 560, 540, 
0, 762, 784, 153, 358, 605, 
0, 340, 35, 626, 19, 550, 220, 
0, 260, 517, 228, 640, 772, 
0, 236, 746, 139, 487, 712, 559, 
0, 741, 513, 528, 411, 165, 
0, 692, 242, 468, 43, 705, 248, 
0, 197, 486, 354, 665, 292, 
0, 168, 655, 323, 619, 105, 
0, 103, 269, 320, 512, 91, 325, 
0, 567, 351, 53, 673, 696, 764, 
0, 603, 339, 796, 223, 633, 328, 
0, 627, 293, 144, 232, 148, 425, 
0, 79, 432, 45, 76, 531, 
0, 172, 99, 371, 137, 378, 547, 
0, 669, 210, 16, 190, 30, 
0, 267, 184, 97, 623, 413, 336, 
0, 239, 406, 119, 166, 15, 250, 
0, 276, 791, 706, 595, 
0, 186, 441, 116, 374, 237, 438, 
0, 272, 224, 318, 304, 566, 
0, 182, 493, 327, 475, 799, 408, 
0, 261, 300, 579, 302, 471, 
0, 532, 584, 33, 544, 745, 660, 
0, 397, 497, 450, 485, 128, 282, 
0, 365, 577, 65, 614, 4, 
0, 142, 32, 145, 790, 233, 
0, 279, 629, 492, 330, 291, 199, 
0, 241, 461, 268, 400, 130, 341, 
0, 676, 757, 73, 89, 309, 
0, 6, 314, 126, 516, 50, 259, 
0, 656, 738, 414, 515, 61, 
0, 700, 11, 349, 337, 131, 294, 
0, 610, 369, 529, 360, 
0, 362, 737, 518, 240, 608, 383, 
0, 724, 286, 636, 499, 643, 
0, 54, 106, 335, 298, 
0, 582, 755, 546, 326, 
0, 500, 90, 469, 685, 459, 729, 
0, 686, 412, 666, 
0, 505, 657, 616, 795, 678, 466, 
0, 162, 698, 72, 308, 788, 787, 
0, 174, 675, 20, 702, 574, 
0, 59, 63, 155, 498, 163, 
0, 543, 384, 663, 319, 783, 800, 
0, 58, 36, 586, 
0, 270, 695, 652, 129, 594, 703, 
0, 667, 195, 749, 682, 
0, 439, 83, 479, 88, 555, 347, 
0, 295, 748, 396, 428, 377, 
0, 464, 120, 75, 571, 443, 789, 
0, 509, 690, 1, 661, 440, 94, 
0, 388, 395, 191, 797, 2, 
0, 751, 730, 23, 726, 
0, 315, 204, 252, 9, 641, 307, 
0, 143, 218, 691, 322, 688, 125, 
0, 780, 679, 225, 107, 101, 39, 
0, 758, 202, 419, 14, 
0, 522, 324, 25, 200, 642, 
0, 189, 253, 258, 222, 205, 363, 
0, 372, 281, 124, 654, 542, 533, 
0, 215, 693, 779, 334, 565, 
0, 483, 609, 645, 196, 721, 
0, 121, 356, 704, 69, 720, 635, 732, 
0, 117, 226, 570, 38, 271, 51, 
0, 34, 67, 632, 164, 254, 
0, 681, 208, 355, 465, 368, 
0, 613, 380, 777, 575, 48, 510, 
0, 462, 203, 285, 480, 736, 407, 760, 
0, 100, 756, 709, 8, 
0, 448, 734, 588, 539, 752, 558, 
0, 180, 476, 275, 385, 95, 85, 
0, 265, 759, 78, 630, 639, 138, 
