Solution: 147 161078.484000 205178.484000

0, 262, 334, 247, 427, 422, 116, 
0, 537, 508, 523, 588, 630, 719, 
0, 361, 727, 513, 242, 675, 507, 
0, 730, 423, 498, 451, 164, 663, 
0, 358, 8, 160, 509, 344, 193, 
0, 492, 293, 575, 390, 217, 306, 
0, 317, 249, 794, 340, 143, 83, 
0, 269, 203, 440, 163, 696, 211, 
0, 790, 356, 515, 209, 504, 22, 
0, 187, 303, 112, 219, 538, 
0, 167, 118, 567, 335, 186, 
0, 443, 672, 485, 129, 321, 
0, 546, 468, 454, 73, 225, 
0, 349, 191, 534, 617, 302, 
0, 108, 432, 539, 707, 800, 345, 
0, 674, 406, 245, 76, 
0, 651, 56, 139, 683, 394, 
0, 591, 616, 715, 429, 
0, 763, 456, 359, 444, 
0, 398, 86, 397, 775, 347, 175, 
0, 767, 645, 541, 216, 720, 766, 
0, 197, 465, 655, 77, 689, 
0, 668, 218, 781, 590, 
0, 711, 410, 665, 313, 
0, 9, 557, 378, 44, 240, 748, 
0, 192, 482, 87, 611, 352, 145, 
0, 354, 702, 318, 571, 636, 299, 140, 
0, 158, 470, 274, 701, 84, 162, 
0, 603, 47, 773, 560, 338, 732, 
0, 499, 289, 208, 82, 251, 
0, 275, 196, 134, 234, 138, 
0, 50, 222, 243, 733, 235, 
0, 574, 428, 418, 642, 107, 
0, 788, 34, 694, 589, 
0, 53, 414, 462, 264, 336, 
0, 161, 385, 629, 641, 716, 688, 
0, 286, 59, 558, 25, 304, 
0, 452, 130, 741, 154, 257, 
0, 770, 367, 608, 779, 624, 
0, 106, 224, 36, 155, 288, 520, 
0, 458, 506, 149, 95, 179, 484, 
0, 753, 75, 460, 369, 568, 
0, 169, 183, 681, 771, 377, 685, 
0, 714, 42, 246, 662, 721, 
0, 680, 28, 135, 600, 466, 272, 
0, 360, 237, 212, 528, 159, 350, 
0, 752, 391, 189, 795, 2, 
0, 166, 684, 18, 643, 194, 635, 
0, 268, 180, 682, 565, 436, 48, 
0, 497, 604, 7, 102, 653, 
0, 388, 61, 88, 673, 
0, 258, 1, 615, 505, 236, 434, 
0, 551, 483, 16, 188, 783, 780, 596, 
0, 449, 623, 151, 5, 99, 85, 
0, 586, 552, 544, 127, 640, 
0, 759, 348, 774, 467, 787, 
0, 165, 772, 126, 337, 201, 80, 
0, 227, 319, 181, 502, 124, 74, 273, 
0, 495, 536, 445, 479, 117, 
0, 91, 144, 27, 305, 599, 658, 
0, 476, 184, 677, 256, 478, 
0, 382, 570, 691, 564, 438, 535, 
0, 725, 622, 555, 791, 307, 
0, 339, 501, 409, 233, 619, 147, 
0, 606, 372, 769, 777, 441, 
0, 100, 717, 525, 49, 411, 
0, 136, 170, 343, 486, 723, 301, 
0, 326, 446, 142, 282, 597, 764, 
0, 238, 403, 559, 633, 424, 
0, 316, 554, 346, 399, 563, 
0, 670, 204, 357, 
0, 621, 291, 627, 26, 103, 
0, 263, 395, 371, 700, 214, 
0, 210, 654, 128, 331, 
0, 368, 656, 474, 290, 
0, 638, 785, 182, 503, 341, 
0, 547, 751, 329, 659, 755, 
0, 285, 734, 314, 496, 637, 566, 
0, 699, 760, 122, 789, 295, 260, 
0, 261, 510, 229, 532, 522, 419, 
0, 266, 749, 255, 396, 455, 6, 
0, 228, 294, 792, 79, 793, 698, 579, 
0, 657, 758, 244, 442, 311, 
0, 709, 516, 481, 526, 472, 280, 
0, 190, 373, 37, 425, 706, 736, 
0, 524, 457, 379, 776, 661, 
0, 745, 737, 392, 421, 548, 24, 
0, 490, 150, 652, 230, 119, 
0, 744, 754, 40, 104, 533, 292, 
0, 51, 413, 415, 543, 41, 687, 592, 
0, 761, 448, 362, 323, 450, 171, 
0, 239, 729, 252, 153, 132, 797, 
0, 697, 287, 21, 713, 
0, 374, 666, 461, 270, 68, 320, 
0, 647, 686, 577, 726, 401, 750, 
0, 799, 471, 30, 185, 550, 351, 
0, 757, 595, 404, 671, 
0, 12, 109, 514, 561, 310, 
0, 437, 110, 207, 19, 65, 782, 
0, 31, 710, 64, 582, 
0, 298, 386, 23, 97, 92, 113, 
0, 742, 489, 646, 609, 32, 459, 
0, 387, 78, 601, 3, 614, 
0, 739, 342, 322, 69, 241, 634, 250, 
0, 141, 530, 72, 93, 602, 
0, 98, 375, 67, 33, 101, 
0, 796, 473, 265, 469, 131, 
0, 488, 365, 324, 556, 383, 43, 
0, 594, 96, 644, 15, 
0, 271, 220, 553, 195, 463, 
0, 62, 542, 477, 521, 704, 259, 
0, 778, 267, 573, 407, 
0, 281, 475, 71, 625, 137, 
0, 114, 178, 735, 628, 664, 333, 
0, 133, 213, 679, 38, 380, 693, 
0, 529, 400, 248, 89, 81, 389, 
0, 121, 45, 148, 576, 650, 649, 
0, 519, 231, 692, 10, 
0, 433, 648, 613, 29, 540, 200, 
0, 393, 718, 57, 146, 494, 152, 
0, 738, 125, 254, 464, 
0, 363, 569, 60, 607, 4, 
0, 431, 325, 620, 439, 39, 215, 
0, 384, 296, 381, 17, 491, 276, 
0, 527, 412, 327, 612, 786, 
0, 426, 724, 580, 743, 784, 
0, 46, 70, 202, 111, 253, 
0, 531, 453, 480, 408, 330, 
0, 430, 593, 768, 370, 420, 695, 
0, 315, 199, 20, 667, 705, 669, 
0, 740, 279, 517, 618, 728, 
0, 177, 572, 487, 14, 168, 376, 
0, 300, 205, 493, 587, 173, 366, 
0, 353, 610, 66, 309, 63, 722, 
0, 278, 703, 660, 35, 518, 
0, 355, 747, 90, 405, 157, 545, 
0, 512, 174, 549, 58, 120, 
0, 54, 123, 332, 639, 798, 402, 
0, 232, 198, 283, 731, 511, 172, 
0, 115, 416, 631, 312, 676, 605, 
0, 94, 447, 598, 11, 632, 585, 
0, 223, 328, 756, 746, 578, 765, 
0, 690, 13, 297, 562, 417, 
0, 435, 500, 584, 206, 712, 
0, 221, 176, 55, 678, 626, 156, 
0, 581, 226, 308, 284, 277, 364, 
0, 105, 708, 583, 52, 762, 
