Solution: 144 158059.384000 201259.384000

0, 452, 629, 161, 576, 472, 
0, 54, 281, 634, 649, 638, 
0, 117, 226, 570, 678, 38, 466, 
0, 627, 293, 144, 232, 148, 425, 
0, 270, 695, 20, 652, 702, 574, 
0, 227, 545, 489, 553, 496, 118, 
0, 100, 153, 709, 358, 605, 
0, 386, 759, 253, 402, 24, 147, 
0, 612, 757, 111, 89, 309, 
0, 212, 186, 431, 423, 237, 341, 
0, 448, 793, 637, 382, 86, 771, 
0, 266, 344, 561, 201, 470, 18, 
0, 143, 265, 671, 630, 639, 592, 
0, 476, 180, 36, 586, 
0, 127, 580, 312, 714, 219, 572, 
0, 647, 706, 595, 670, 292, 
0, 283, 607, 23, 625, 523, 156, 
0, 142, 790, 242, 743, 606, 514, 
0, 741, 513, 528, 411, 165, 247, 
0, 669, 210, 16, 190, 30, 491, 
0, 58, 418, 420, 797, 2, 
0, 379, 241, 543, 400, 130, 642, 
0, 162, 352, 785, 593, 178, 85, 
0, 662, 460, 390, 8, 
0, 346, 655, 44, 426, 105, 659, 
0, 115, 650, 353, 374, 708, 438, 
0, 173, 375, 519, 477, 506, 601, 37, 
0, 182, 520, 648, 19, 550, 220, 
0, 260, 517, 228, 159, 527, 394, 
0, 537, 780, 701, 243, 547, 
0, 500, 90, 87, 3, 621, 683, 
0, 493, 327, 475, 12, 799, 408, 
0, 723, 718, 70, 590, 
0, 769, 35, 626, 244, 531, 
0, 442, 502, 796, 52, 80, 
0, 314, 6, 617, 43, 291, 484, 
0, 315, 218, 468, 51, 705, 248, 
0, 464, 120, 75, 571, 443, 789, 
0, 295, 748, 396, 428, 551, 29, 
0, 113, 664, 546, 138, 377, 
0, 778, 286, 149, 305, 554, 
0, 711, 628, 264, 231, 376, 
0, 365, 577, 65, 614, 699, 597, 
0, 727, 198, 596, 273, 660, 
0, 276, 791, 490, 565, 93, 
0, 160, 538, 781, 668, 473, 792, 
0, 680, 202, 419, 14, 602, 187, 
0, 404, 722, 591, 782, 343, 770, 
0, 758, 77, 206, 786, 456, 533, 
0, 132, 541, 157, 673, 764, 
0, 731, 658, 583, 584, 742, 84, 
0, 388, 395, 191, 499, 643, 399, 
0, 713, 768, 301, 525, 233, 39, 
0, 462, 203, 285, 21, 71, 736, 407, 
0, 340, 349, 126, 516, 421, 798, 
0, 483, 609, 645, 196, 123, 
0, 522, 441, 116, 319, 171, 
0, 610, 55, 529, 360, 125, 688, 
0, 57, 737, 225, 107, 608, 383, 
0, 700, 11, 22, 568, 259, 467, 
0, 262, 744, 28, 129, 594, 703, 
0, 189, 439, 775, 205, 119, 
0, 739, 481, 691, 9, 515, 
0, 409, 136, 251, 238, 433, 
0, 215, 693, 557, 326, 
0, 387, 300, 246, 435, 302, 471, 
0, 392, 108, 73, 560, 540, 
0, 567, 351, 53, 534, 167, 696, 345, 
0, 372, 598, 258, 222, 458, 336, 
0, 501, 761, 92, 478, 405, 715, 
0, 765, 600, 185, 504, 102, 697, 611, 
0, 747, 235, 217, 640, 772, 
0, 59, 63, 427, 651, 363, 
0, 508, 569, 109, 82, 96, 
0, 181, 503, 415, 623, 97, 413, 
0, 675, 461, 268, 200, 4, 
0, 776, 106, 654, 542, 332, 707, 
0, 172, 287, 636, 575, 48, 510, 524, 
0, 289, 64, 306, 665, 
0, 613, 380, 779, 56, 334, 
0, 753, 488, 98, 348, 373, 
0, 686, 412, 666, 
0, 335, 430, 562, 62, 631, 154, 
0, 582, 436, 424, 166, 498, 163, 
0, 230, 444, 698, 788, 437, 
0, 66, 717, 579, 135, 429, 274, 
0, 762, 784, 422, 311, 573, 
0, 767, 296, 578, 78, 298, 
0, 416, 32, 777, 133, 175, 687, 549, 
0, 556, 303, 482, 644, 719, 526, 257, 
0, 509, 690, 1, 278, 366, 60, 
0, 40, 49, 245, 124, 250, 
0, 324, 25, 663, 783, 585, 773, 
0, 676, 193, 539, 304, 566, 
0, 603, 339, 492, 330, 633, 328, 
0, 495, 207, 384, 229, 710, 800, 
0, 434, 734, 588, 752, 558, 
0, 7, 403, 170, 677, 42, 
0, 146, 204, 252, 322, 641, 307, 
0, 288, 150, 646, 31, 114, 
0, 103, 269, 320, 512, 91, 325, 
0, 279, 179, 552, 454, 725, 
0, 176, 151, 536, 587, 361, 81, 313, 
0, 599, 755, 221, 15, 5, 604, 
0, 494, 507, 447, 445, 46, 152, 
0, 532, 620, 33, 544, 745, 214, 
0, 357, 511, 290, 417, 726, 
0, 401, 194, 13, 329, 188, 
0, 391, 463, 299, 284, 555, 721, 
0, 239, 140, 750, 716, 653, 684, 
0, 236, 746, 139, 487, 712, 61, 
0, 667, 195, 749, 682, 
0, 256, 455, 622, 367, 234, 398, 
0, 141, 766, 689, 661, 440, 94, 
0, 385, 197, 275, 95, 169, 
0, 756, 99, 371, 137, 378, 635, 
0, 486, 354, 563, 342, 728, 754, 
0, 174, 451, 453, 310, 216, 
0, 724, 369, 679, 449, 297, 
0, 457, 67, 632, 164, 254, 
0, 505, 657, 616, 795, 134, 740, 
0, 168, 74, 347, 331, 112, 733, 
0, 261, 122, 211, 17, 177, 277, 
0, 350, 618, 72, 308, 68, 787, 
0, 79, 432, 45, 564, 10, 
0, 735, 280, 521, 624, 199, 
0, 321, 83, 479, 88, 
0, 692, 389, 518, 240, 101, 317, 
0, 397, 497, 450, 485, 128, 282, 
0, 751, 183, 47, 337, 131, 294, 
0, 267, 184, 694, 263, 318, 
0, 316, 27, 158, 104, 581, 
0, 121, 356, 704, 69, 720, 333, 732, 
0, 359, 34, 41, 338, 
0, 763, 589, 393, 76, 50, 
0, 681, 208, 355, 465, 368, 
0, 548, 474, 674, 794, 364, 
0, 656, 738, 145, 446, 
0, 272, 224, 469, 685, 459, 729, 
0, 110, 730, 530, 223, 271, 
0, 370, 672, 480, 213, 26, 760, 
0, 535, 406, 255, 249, 414, 559, 
0, 192, 381, 323, 155, 619, 774, 
0, 410, 362, 615, 209, 
