Solution: 150 162659.182000 207659.182000

0, 106, 191, 372, 184, 331, 724, 
0, 263, 217, 556, 554, 746, 182, 
0, 546, 469, 3, 95, 222, 
0, 185, 123, 515, 549, 21, 
0, 761, 671, 682, 378, 275, 
0, 382, 753, 71, 620, 
0, 296, 25, 133, 781, 380, 555, 
0, 704, 765, 295, 567, 562, 244, 
0, 661, 301, 518, 565, 786, 
0, 455, 744, 707, 151, 524, 
0, 159, 670, 462, 365, 
0, 107, 88, 405, 64, 713, 
0, 644, 57, 312, 705, 211, 689, 
0, 383, 734, 203, 727, 
0, 170, 413, 416, 615, 601, 
0, 640, 667, 793, 75, 584, 313, 
0, 747, 500, 587, 328, 463, 
0, 315, 353, 563, 234, 653, 
0, 491, 56, 634, 352, 432, 379, 
0, 717, 709, 65, 6, 
0, 376, 321, 161, 45, 528, 
0, 254, 740, 20, 117, 590, 697, 
0, 188, 412, 542, 324, 612, 115, 
0, 756, 759, 42, 17, 535, 287, 
0, 102, 427, 664, 387, 262, 
0, 394, 493, 445, 725, 481, 273, 
0, 443, 94, 652, 110, 
0, 225, 289, 111, 158, 495, 155, 
0, 505, 193, 86, 675, 456, 516, 
0, 38, 544, 553, 424, 371, 
0, 340, 425, 498, 701, 2, 
0, 539, 511, 367, 125, 
0, 449, 243, 795, 59, 361, 300, 
0, 174, 641, 277, 589, 597, 30, 
0, 220, 448, 306, 278, 270, 395, 
0, 611, 351, 494, 473, 483, 754, 
0, 166, 776, 698, 302, 285, 
0, 181, 84, 398, 172, 662, 623, 
0, 73, 384, 523, 26, 183, 642, 
0, 577, 749, 685, 484, 703, 55, 
0, 226, 499, 284, 205, 551, 492, 103, 
0, 533, 50, 526, 358, 
0, 646, 576, 488, 11, 209, 
0, 332, 742, 87, 569, 632, 
0, 386, 460, 276, 633, 626, 
0, 461, 105, 69, 570, 439, 51, 
0, 496, 755, 502, 139, 421, 
0, 436, 390, 579, 196, 214, 684, 344, 
0, 789, 142, 532, 503, 686, 606, 
0, 478, 715, 101, 779, 342, 752, 
0, 350, 751, 258, 782, 304, 572, 
0, 497, 790, 76, 97, 408, 146, 
0, 250, 452, 520, 335, 143, 119, 
0, 298, 200, 67, 307, 785, 431, 
0, 269, 154, 688, 581, 66, 63, 450, 
0, 489, 506, 46, 369, 232, 480, 
0, 247, 607, 85, 227, 
0, 62, 543, 479, 630, 245, 
0, 545, 586, 750, 582, 769, 
0, 772, 501, 557, 347, 242, 
0, 162, 639, 213, 104, 787, 
0, 757, 392, 585, 
0, 656, 763, 441, 239, 41, 144, 
0, 114, 145, 24, 407, 
0, 252, 799, 325, 534, 391, 487, 
0, 231, 267, 472, 82, 163, 
0, 710, 619, 153, 574, 719, 
0, 507, 426, 39, 560, 418, 
0, 716, 28, 121, 290, 8, 112, 
0, 696, 19, 90, 648, 
0, 730, 271, 458, 647, 134, 
0, 766, 485, 16, 798, 402, 
0, 34, 44, 240, 329, 453, 530, 
0, 355, 96, 527, 728, 521, 788, 
0, 517, 173, 550, 451, 377, 
0, 168, 660, 540, 22, 800, 
0, 796, 68, 429, 346, 714, 741, 
0, 257, 216, 414, 333, 292, 
0, 53, 294, 58, 147, 423, 
0, 631, 700, 374, 228, 136, 
0, 459, 440, 370, 206, 
0, 438, 659, 35, 791, 83, 
0, 681, 137, 238, 739, 229, 
0, 208, 126, 393, 70, 156, 
0, 457, 79, 625, 310, 677, 33, 
0, 721, 265, 638, 663, 726, 
0, 357, 27, 591, 628, 768, 
0, 130, 732, 233, 409, 169, 797, 
0, 529, 708, 580, 124, 266, 
0, 279, 362, 61, 444, 291, 
0, 773, 366, 609, 201, 
0, 363, 410, 665, 93, 89, 264, 
0, 531, 401, 420, 23, 81, 738, 
0, 399, 223, 678, 364, 643, 437, 
0, 218, 467, 784, 635, 
0, 187, 141, 592, 695, 690, 
0, 129, 72, 135, 508, 230, 212, 
0, 676, 199, 406, 649, 354, 748, 
0, 482, 614, 593, 722, 428, 
0, 274, 603, 778, 651, 468, 
0, 733, 471, 326, 122, 237, 
0, 54, 77, 465, 13, 767, 109, 
0, 792, 655, 476, 731, 783, 706, 
0, 434, 113, 348, 339, 547, 
0, 180, 337, 319, 510, 78, 794, 599, 
0, 259, 177, 687, 32, 537, 
0, 281, 60, 558, 341, 400, 568, 
0, 718, 775, 693, 311, 
0, 552, 327, 430, 514, 268, 
0, 388, 446, 604, 1, 613, 672, 
0, 345, 375, 37, 541, 422, 207, 
0, 668, 92, 175, 679, 368, 308, 
0, 261, 299, 138, 683, 195, 
0, 280, 140, 249, 359, 564, 
0, 152, 509, 282, 411, 720, 
0, 322, 272, 397, 47, 4, 334, 
0, 566, 349, 148, 116, 674, 
0, 598, 36, 283, 699, 712, 
0, 190, 255, 470, 475, 
0, 666, 221, 338, 622, 31, 194, 
0, 735, 477, 14, 578, 513, 
0, 522, 702, 385, 356, 525, 571, 
0, 5, 561, 389, 320, 309, 
0, 253, 293, 575, 629, 297, 466, 
0, 343, 729, 536, 127, 318, 15, 
0, 504, 171, 657, 417, 669, 
0, 314, 40, 680, 210, 381, 317, 
0, 490, 150, 645, 780, 165, 241, 
0, 595, 303, 99, 215, 360, 
0, 762, 286, 132, 404, 605, 
0, 596, 179, 673, 618, 248, 
0, 9, 189, 108, 616, 691, 
0, 49, 433, 771, 197, 251, 330, 
0, 403, 246, 29, 583, 
0, 167, 202, 149, 80, 474, 
0, 120, 538, 48, 658, 160, 305, 
0, 758, 74, 464, 419, 454, 548, 
0, 650, 192, 743, 
0, 608, 373, 777, 774, 336, 
0, 224, 316, 178, 711, 186, 176, 
0, 745, 559, 519, 617, 736, 
0, 52, 219, 18, 235, 43, 594, 
0, 131, 256, 654, 694, 627, 
0, 100, 198, 236, 396, 118, 
0, 737, 435, 12, 636, 624, 
0, 588, 486, 621, 157, 98, 770, 
0, 204, 442, 760, 164, 573, 
0, 692, 10, 610, 602, 415, 512, 
0, 764, 260, 447, 600, 7, 323, 
0, 723, 288, 128, 637, 91, 
