Solution: 148 162320.494000 206720.494000

0, 652, 343, 357, 454, 402, 471, 
0, 735, 253, 662, 507, 422, 329, 
0, 267, 713, 149, 573, 458, 515, 
0, 421, 492, 789, 78, 122, 
0, 355, 125, 243, 247, 194, 535, 
0, 256, 177, 693, 619, 
0, 657, 387, 702, 221, 140, 
0, 763, 740, 95, 406, 358, 
0, 216, 542, 691, 130, 643, 237, 
0, 265, 144, 137, 780, 425, 
0, 48, 269, 771, 536, 326, 703, 
0, 468, 747, 162, 308, 37, 
0, 362, 311, 330, 111, 19, 531, 283, 
0, 97, 705, 27, 345, 523, 382, 
0, 230, 673, 455, 259, 44, 715, 
0, 327, 332, 73, 637, 226, 317, 
0, 56, 85, 595, 262, 625, 
0, 650, 59, 25, 709, 570, 235, 
0, 52, 28, 23, 604, 685, 120, 
0, 136, 467, 12, 75, 793, 376, 
0, 720, 712, 67, 588, 
0, 543, 459, 666, 36, 103, 443, 
0, 338, 184, 132, 251, 456, 508, 
0, 38, 415, 119, 236, 21, 653, 
0, 102, 608, 364, 81, 696, 15, 
0, 254, 431, 145, 82, 187, 717, 
0, 419, 580, 60, 615, 727, 339, 
0, 342, 255, 399, 295, 231, 
0, 441, 284, 315, 114, 646, 
0, 442, 733, 240, 392, 166, 797, 
0, 249, 799, 89, 520, 239, 
0, 737, 522, 354, 294, 550, 
0, 449, 192, 272, 466, 732, 782, 600, 
0, 304, 547, 590, 437, 363, 
0, 607, 49, 777, 795, 692, 
0, 772, 493, 556, 465, 548, 
0, 687, 634, 764, 519, 401, 
0, 774, 274, 632, 488, 639, 
0, 647, 675, 245, 473, 707, 585, 
0, 739, 224, 206, 316, 665, 758, 
0, 341, 452, 292, 578, 335, 565, 
0, 470, 83, 551, 340, 
0, 546, 322, 368, 143, 403, 
0, 516, 344, 701, 129, 359, 631, 726, 
0, 258, 142, 228, 179, 
0, 668, 750, 510, 563, 
0, 434, 427, 238, 61, 324, 729, 
0, 552, 200, 202, 14, 506, 171, 
0, 482, 58, 509, 101, 98, 261, 
0, 165, 689, 16, 323, 
0, 598, 575, 385, 46, 3, 601, 
0, 526, 306, 305, 127, 407, 263, 
0, 293, 418, 537, 383, 163, 229, 
0, 796, 257, 309, 141, 603, 502, 
0, 770, 70, 412, 538, 193, 
0, 302, 18, 9, 564, 248, 307, 
0, 150, 694, 68, 582, 496, 33, 
0, 719, 587, 266, 273, 779, 630, 
0, 204, 654, 318, 51, 562, 
0, 291, 5, 159, 72, 43, 146, 
0, 451, 569, 71, 658, 784, 
0, 135, 785, 612, 674, 367, 57, 
0, 514, 759, 651, 718, 800, 544, 
0, 349, 574, 62, 207, 695, 597, 
0, 370, 752, 698, 567, 635, 591, 
0, 731, 557, 621, 460, 134, 
0, 133, 76, 351, 498, 223, 381, 
0, 708, 290, 124, 285, 525, 464, 
0, 481, 147, 424, 244, 704, 
0, 678, 188, 264, 369, 92, 161, 
0, 479, 366, 497, 45, 751, 416, 
0, 417, 39, 91, 558, 371, 
0, 676, 191, 605, 2, 617, 681, 
0, 491, 279, 234, 549, 714, 246, 
0, 384, 667, 185, 697, 583, 769, 
0, 157, 618, 560, 655, 411, 
0, 175, 512, 474, 426, 298, 205, 
0, 790, 203, 511, 462, 472, 22, 753, 
0, 337, 393, 614, 220, 
0, 361, 31, 561, 636, 768, 
0, 334, 32, 622, 232, 423, 86, 
0, 197, 117, 201, 17, 65, 728, 
0, 250, 577, 390, 
0, 489, 397, 328, 286, 
0, 214, 433, 297, 435, 336, 173, 
0, 181, 109, 195, 783, 271, 533, 
0, 186, 288, 576, 581, 79, 457, 
0, 749, 96, 716, 66, 155, 
0, 106, 738, 131, 792, 347, 77, 301, 
0, 138, 169, 568, 410, 671, 453, 
0, 766, 447, 373, 7, 
0, 684, 196, 389, 656, 723, 
0, 380, 484, 430, 445, 682, 
0, 34, 42, 325, 669, 105, 
0, 375, 74, 108, 444, 348, 
0, 53, 641, 594, 679, 
0, 215, 534, 47, 690, 158, 296, 
0, 495, 624, 268, 579, 139, 
0, 664, 490, 440, 222, 
0, 54, 289, 645, 156, 13, 
0, 743, 480, 333, 153, 278, 677, 
0, 436, 746, 501, 84, 87, 313, 
0, 762, 686, 310, 377, 350, 170, 
0, 100, 40, 432, 559, 314, 
0, 741, 396, 35, 233, 80, 
0, 277, 505, 148, 521, 
0, 242, 475, 20, 503, 
0, 721, 394, 372, 572, 299, 517, 
0, 164, 596, 566, 281, 
0, 408, 530, 778, 786, 
0, 699, 24, 748, 661, 
0, 487, 540, 469, 640, 180, 176, 
0, 787, 178, 688, 775, 365, 554, 
0, 174, 613, 485, 592, 172, 710, 
0, 160, 616, 29, 210, 270, 
0, 528, 352, 182, 781, 626, 
0, 623, 282, 217, 529, 378, 476, 
0, 706, 725, 524, 198, 126, 
0, 303, 128, 225, 584, 
0, 110, 644, 478, 10, 545, 208, 
0, 123, 742, 711, 152, 107, 
0, 599, 388, 190, 494, 331, 
0, 527, 386, 211, 90, 26, 
0, 213, 448, 218, 121, 638, 
0, 183, 395, 539, 209, 404, 649, 
0, 219, 353, 663, 280, 
0, 227, 64, 405, 486, 151, 648, 
0, 252, 500, 611, 791, 400, 154, 
0, 722, 629, 287, 633, 767, 
0, 115, 11, 571, 593, 700, 
0, 168, 275, 88, 541, 41, 499, 670, 
0, 413, 730, 586, 744, 50, 
0, 8, 116, 532, 189, 555, 553, 
0, 760, 680, 477, 104, 627, 356, 
0, 659, 754, 414, 320, 483, 113, 
0, 734, 461, 319, 642, 798, 167, 
0, 755, 379, 398, 199, 
0, 312, 463, 518, 30, 439, 
0, 756, 409, 504, 374, 
0, 450, 63, 94, 683, 446, 724, 
0, 745, 757, 794, 212, 628, 321, 
0, 428, 4, 69, 93, 391, 
0, 260, 660, 788, 118, 241, 
0, 6, 1, 438, 513, 736, 
0, 761, 429, 610, 620, 602, 
0, 420, 112, 589, 55, 765, 
0, 609, 360, 773, 300, 
0, 276, 776, 672, 346, 99, 606, 
