Solution: 146 158304.314000 202104.314000

0, 227, 545, 526, 135, 429, 274, 
0, 121, 356, 704, 69, 720, 333, 732, 
0, 497, 67, 632, 164, 254, 
0, 143, 265, 521, 624, 740, 
0, 613, 380, 777, 575, 48, 524, 
0, 462, 203, 285, 21, 71, 736, 407, 
0, 387, 300, 579, 302, 471, 
0, 388, 395, 191, 797, 2, 
0, 548, 474, 674, 794, 364, 96, 
0, 556, 210, 16, 190, 30, 491, 
0, 346, 655, 323, 619, 394, 
0, 173, 27, 158, 104, 581, 
0, 700, 11, 301, 525, 10, 42, 
0, 262, 129, 13, 329, 188, 
0, 686, 412, 
0, 739, 481, 671, 639, 592, 138, 
0, 108, 734, 588, 752, 558, 
0, 267, 184, 694, 263, 660, 
0, 316, 352, 785, 593, 601, 37, 
0, 599, 439, 654, 542, 456, 332, 
0, 508, 569, 455, 234, 440, 
0, 647, 600, 410, 93, 114, 
0, 359, 34, 41, 682, 
0, 735, 183, 530, 223, 678, 
0, 537, 416, 679, 608, 383, 
0, 723, 718, 70, 590, 
0, 36, 379, 241, 200, 642, 
0, 261, 122, 72, 308, 68, 787, 
0, 762, 784, 422, 311, 573, 467, 
0, 103, 269, 320, 249, 446, 688, 125, 
0, 215, 664, 546, 326, 
0, 442, 179, 552, 454, 725, 
0, 505, 657, 134, 795, 466, 
0, 142, 145, 255, 606, 361, 39, 
0, 404, 186, 648, 80, 52, 220, 
0, 295, 755, 578, 402, 5, 604, 
0, 256, 1, 622, 278, 366, 398, 
0, 59, 651, 166, 119, 105, 
0, 392, 106, 206, 786, 560, 540, 
0, 362, 737, 518, 240, 687, 510, 
0, 627, 293, 144, 232, 148, 425, 
0, 490, 296, 428, 512, 414, 559, 
0, 180, 476, 275, 95, 169, 
0, 357, 511, 290, 616, 38, 199, 
0, 283, 264, 335, 298, 458, 336, 
0, 270, 401, 149, 614, 219, 
0, 535, 406, 557, 29, 377, 
0, 365, 577, 65, 171, 4, 
0, 266, 344, 561, 201, 470, 18, 
0, 189, 253, 258, 222, 15, 250, 
0, 749, 418, 420, 586, 
0, 543, 384, 663, 783, 800, 341, 
0, 176, 756, 153, 605, 243, 
0, 117, 226, 570, 43, 705, 
0, 127, 580, 312, 449, 297, 399, 
0, 751, 562, 62, 348, 373, 309, 
0, 452, 796, 47, 337, 131, 94, 
0, 197, 208, 666, 465, 85, 
0, 441, 722, 116, 319, 585, 773, 
0, 747, 235, 217, 640, 772, 
0, 141, 79, 349, 76, 50, 152, 
0, 100, 709, 390, 8, 
0, 758, 612, 111, 304, 566, 
0, 457, 140, 750, 716, 527, 
0, 239, 658, 63, 155, 427, 707, 
0, 766, 690, 689, 367, 661, 294, 
0, 40, 49, 245, 331, 555, 347, 
0, 724, 369, 529, 360, 
0, 397, 731, 450, 485, 128, 282, 
0, 288, 150, 646, 56, 338, 
0, 713, 768, 468, 271, 51, 248, 
0, 711, 628, 280, 322, 307, 
0, 7, 403, 170, 677, 770, 
0, 370, 672, 480, 213, 355, 760, 
0, 509, 432, 45, 564, 291, 484, 
0, 207, 495, 229, 710, 574, 
0, 58, 706, 595, 238, 670, 
0, 54, 281, 634, 649, 
0, 172, 695, 20, 652, 702, 247, 
0, 146, 22, 617, 568, 259, 798, 
0, 289, 64, 563, 342, 728, 754, 
0, 434, 193, 539, 318, 123, 
0, 603, 339, 492, 330, 633, 328, 
0, 66, 717, 482, 644, 719, 257, 
0, 236, 746, 139, 487, 712, 313, 
0, 727, 198, 596, 273, 
0, 448, 793, 637, 382, 86, 771, 
0, 662, 460, 358, 165, 547, 
0, 272, 224, 645, 284, 196, 721, 
0, 168, 620, 33, 544, 745, 426, 
0, 260, 517, 228, 159, 665, 
0, 680, 202, 419, 14, 363, 
0, 115, 650, 353, 374, 708, 438, 
0, 386, 759, 78, 630, 551, 
0, 692, 790, 242, 743, 233, 
0, 532, 157, 583, 653, 684, 
0, 676, 757, 623, 97, 631, 
0, 174, 675, 194, 594, 703, 
0, 767, 748, 396, 91, 641, 325, 
0, 669, 489, 246, 435, 17, 277, 
0, 74, 609, 87, 3, 621, 683, 
0, 57, 32, 389, 133, 175, 549, 
0, 656, 738, 252, 9, 24, 147, 
0, 409, 681, 385, 368, 
0, 765, 151, 536, 587, 565, 81, 
0, 113, 693, 779, 334, 31, 774, 
0, 483, 88, 742, 84, 
0, 321, 83, 479, 112, 733, 
0, 340, 35, 626, 244, 531, 
0, 567, 351, 53, 673, 764, 
0, 763, 589, 393, 453, 310, 
0, 192, 381, 44, 584, 214, 659, 
0, 667, 195, 136, 251, 292, 
0, 279, 629, 576, 472, 625, 523, 
0, 607, 488, 98, 417, 156, 
0, 287, 744, 28, 714, 572, 
0, 464, 120, 75, 571, 443, 789, 
0, 324, 461, 268, 400, 130, 
0, 500, 90, 469, 685, 459, 729, 
0, 776, 77, 73, 89, 413, 154, 
0, 350, 486, 354, 306, 433, 
0, 160, 538, 781, 668, 473, 792, 
0, 741, 528, 371, 137, 378, 635, 
0, 315, 204, 691, 218, 515, 61, 
0, 610, 55, 615, 209, 
0, 391, 463, 299, 602, 638, 187, 
0, 372, 598, 775, 124, 205, 533, 
0, 618, 375, 519, 477, 506, 26, 178, 
0, 230, 444, 698, 788, 437, 
0, 778, 286, 636, 499, 643, 699, 597, 
0, 110, 730, 23, 726, 
0, 701, 780, 225, 107, 101, 317, 
0, 181, 503, 415, 430, 231, 376, 
0, 99, 513, 411, 305, 554, 
0, 769, 520, 431, 475, 12, 216, 
0, 494, 507, 423, 237, 408, 
0, 522, 25, 591, 782, 343, 60, 
0, 132, 541, 534, 167, 696, 345, 
0, 182, 493, 327, 799, 19, 550, 
0, 276, 791, 185, 504, 102, 697, 611, 
0, 212, 451, 447, 445, 46, 
0, 582, 436, 424, 221, 498, 163, 
0, 6, 314, 126, 516, 421, 514, 
0, 753, 502, 161, 109, 82, 
0, 162, 303, 211, 177, 553, 496, 118, 
0, 501, 761, 92, 478, 405, 715, 
