Solution: 147 161391.972000 205491.972000

0, 121, 293, 575, 390, 650, 649, 
0, 317, 486, 249, 83, 344, 288, 
0, 495, 536, 45, 528, 159, 306, 
0, 657, 758, 324, 143, 526, 472, 
0, 393, 492, 57, 146, 494, 
0, 298, 54, 23, 97, 92, 320, 
0, 778, 267, 573, 407, 2, 
0, 166, 684, 18, 643, 194, 
0, 714, 629, 590, 716, 688, 
0, 108, 432, 539, 707, 568, 
0, 278, 703, 151, 5, 99, 85, 
0, 690, 13, 20, 562, 260, 250, 
0, 268, 180, 682, 565, 436, 48, 
0, 433, 576, 613, 29, 736, 706, 
0, 165, 772, 126, 337, 201, 80, 
0, 621, 291, 134, 234, 138, 
0, 595, 182, 196, 503, 341, 
0, 697, 287, 49, 411, 147, 728, 
0, 759, 348, 514, 302, 467, 
0, 770, 367, 608, 779, 624, 
0, 449, 623, 774, 619, 787, 
0, 547, 289, 16, 188, 25, 
0, 223, 328, 756, 163, 696, 
0, 527, 148, 648, 217, 720, 350, 
0, 358, 170, 343, 525, 206, 712, 
0, 187, 471, 42, 246, 721, 
0, 315, 199, 679, 38, 43, 693, 
0, 740, 413, 631, 312, 520, 
0, 355, 747, 144, 305, 599, 658, 
0, 271, 220, 265, 233, 
0, 799, 212, 329, 659, 755, 
0, 374, 325, 160, 68, 39, 280, 
0, 269, 371, 395, 700, 566, 394, 
0, 519, 90, 405, 157, 545, 
0, 203, 490, 683, 164, 4, 
0, 210, 654, 544, 89, 640, 127, 
0, 524, 457, 230, 119, 635, 
0, 326, 446, 142, 282, 597, 764, 
0, 761, 516, 481, 639, 369, 376, 
0, 316, 125, 254, 
0, 275, 342, 322, 69, 634, 307, 
0, 114, 178, 735, 628, 664, 333, 
0, 169, 285, 734, 543, 41, 687, 592, 
0, 263, 569, 513, 242, 675, 507, 
0, 106, 224, 667, 380, 705, 669, 
0, 488, 378, 677, 365, 364, 450, 
0, 591, 616, 558, 429, 563, 
0, 725, 622, 555, 473, 101, 310, 
0, 46, 111, 255, 396, 438, 
0, 100, 717, 21, 713, 
0, 232, 198, 356, 780, 290, 
0, 360, 638, 34, 671, 
0, 197, 465, 414, 781, 152, 
0, 281, 279, 517, 618, 791, 
0, 339, 739, 392, 241, 408, 330, 
0, 12, 534, 109, 617, 561, 
0, 227, 319, 181, 521, 704, 140, 259, 
0, 300, 205, 207, 577, 504, 22, 
0, 384, 334, 247, 427, 17, 491, 
0, 452, 130, 741, 154, 257, 
0, 742, 489, 646, 609, 32, 459, 
0, 221, 55, 678, 469, 131, 
0, 136, 666, 461, 270, 36, 193, 
0, 91, 231, 692, 10, 
0, 349, 191, 553, 195, 463, 
0, 531, 453, 252, 153, 132, 
0, 458, 506, 149, 95, 304, 
0, 404, 745, 418, 642, 612, 116, 
0, 581, 226, 362, 308, 284, 277, 
0, 711, 410, 665, 313, 
0, 53, 88, 462, 641, 
0, 606, 372, 769, 777, 441, 
0, 647, 110, 731, 783, 76, 
0, 387, 78, 601, 3, 614, 
0, 753, 75, 498, 460, 240, 478, 
0, 158, 470, 274, 245, 84, 162, 
0, 115, 27, 314, 496, 637, 
0, 228, 294, 552, 421, 338, 732, 
0, 431, 549, 794, 340, 518, 434, 
0, 94, 447, 598, 11, 653, 137, 
0, 50, 28, 386, 123, 168, 402, 
0, 176, 501, 409, 7, 102, 156, 
0, 757, 718, 445, 479, 117, 419, 
0, 354, 702, 318, 571, 636, 299, 74, 
0, 551, 483, 208, 82, 179, 484, 
0, 572, 332, 487, 14, 798, 211, 
0, 218, 98, 655, 538, 
0, 546, 468, 454, 73, 225, 
0, 353, 610, 515, 209, 715, 
0, 133, 475, 213, 691, 24, 
0, 512, 174, 584, 58, 723, 
0, 790, 686, 66, 309, 63, 722, 276, 
0, 464, 437, 283, 19, 65, 782, 
0, 177, 184, 440, 256, 661, 
0, 161, 373, 37, 425, 351, 550, 
0, 262, 296, 381, 511, 172, 
0, 443, 672, 485, 129, 321, 
0, 730, 423, 244, 439, 451, 
0, 258, 1, 615, 505, 236, 120, 
0, 651, 456, 763, 359, 444, 
0, 51, 415, 792, 79, 81, 793, 389, 
0, 674, 406, 493, 587, 596, 173, 
0, 709, 620, 442, 44, 748, 215, 
0, 190, 412, 541, 327, 107, 
0, 239, 737, 128, 331, 
0, 752, 391, 189, 795, 93, 602, 
0, 56, 118, 567, 335, 186, 
0, 476, 86, 397, 171, 800, 345, 
0, 426, 724, 580, 743, 784, 
0, 668, 96, 202, 644, 786, 
0, 529, 400, 428, 219, 455, 6, 
0, 167, 379, 652, 776, 578, 765, 
0, 594, 303, 112, 15, 253, 
0, 430, 593, 768, 370, 420, 695, 
0, 435, 500, 660, 35, 301, 
0, 767, 645, 216, 540, 200, 
0, 382, 385, 30, 662, 185, 336, 
0, 788, 183, 681, 771, 377, 685, 
0, 416, 60, 139, 607, 214, 663, 
0, 192, 482, 87, 611, 352, 145, 
0, 537, 508, 523, 588, 630, 719, 
0, 760, 297, 122, 295, 155, 417, 
0, 368, 656, 474, 726, 401, 750, 
0, 286, 59, 554, 346, 399, 357, 
0, 238, 403, 694, 589, 
0, 670, 204, 701, 366, 
0, 499, 751, 477, 251, 
0, 141, 530, 579, 560, 72, 
0, 361, 729, 135, 600, 676, 
0, 398, 708, 105, 775, 347, 175, 
0, 266, 749, 71, 625, 632, 585, 
0, 738, 237, 559, 633, 424, 
0, 9, 583, 746, 52, 762, 
0, 62, 542, 502, 124, 422, 273, 
0, 497, 604, 375, 77, 689, 
0, 603, 47, 773, 480, 698, 797, 
0, 388, 61, 673, 264, 626, 
0, 261, 510, 229, 532, 522, 
0, 150, 448, 557, 323, 311, 
0, 744, 754, 40, 104, 533, 292, 
0, 796, 570, 248, 564, 548, 
0, 680, 8, 509, 556, 383, 
0, 31, 710, 64, 582, 
0, 574, 70, 67, 33, 535, 
0, 785, 586, 627, 26, 103, 766, 
0, 699, 789, 243, 733, 235, 272, 
0, 363, 727, 222, 466, 113, 605, 
