Solution: 150 162989.330000 207989.330000

0, 250, 452, 520, 335, 143, 119, 
0, 717, 472, 267, 
0, 225, 289, 793, 75, 78, 794, 55, 
0, 185, 123, 111, 215, 4, 599, 
0, 208, 126, 685, 424, 549, 21, 
0, 167, 202, 149, 90, 474, 
0, 745, 559, 519, 617, 736, 
0, 372, 636, 435, 396, 118, 
0, 187, 141, 592, 265, 642, 
0, 159, 670, 462, 365, 
0, 566, 349, 148, 725, 481, 273, 
0, 496, 538, 48, 658, 160, 684, 305, 
0, 298, 200, 203, 430, 297, 344, 
0, 497, 414, 784, 197, 787, 
0, 644, 457, 24, 356, 525, 
0, 681, 137, 238, 739, 229, 379, 
0, 552, 755, 80, 648, 
0, 100, 488, 683, 195, 2, 241, 
0, 394, 493, 445, 707, 116, 421, 
0, 758, 425, 498, 798, 11, 209, 
0, 388, 92, 638, 251, 155, 
0, 403, 563, 353, 428, 
0, 332, 742, 393, 70, 156, 
0, 529, 708, 502, 124, 266, 139, 
0, 773, 366, 609, 201, 
0, 257, 433, 110, 515, 537, 334, 
0, 279, 362, 138, 304, 572, 
0, 491, 56, 18, 235, 43, 594, 
0, 376, 426, 39, 560, 418, 
0, 796, 280, 591, 285, 
0, 363, 410, 665, 311, 686, 606, 
0, 166, 776, 698, 64, 590, 697, 
0, 54, 77, 695, 690, 530, 
0, 190, 557, 679, 97, 347, 368, 
0, 646, 576, 352, 369, 701, 432, 
0, 692, 610, 295, 562, 513, 
0, 478, 715, 101, 779, 342, 172, 
0, 668, 467, 687, 32, 275, 
0, 490, 150, 645, 780, 165, 
0, 455, 128, 58, 147, 495, 
0, 315, 351, 494, 589, 597, 30, 
0, 252, 799, 325, 534, 391, 487, 
0, 459, 440, 67, 307, 785, 431, 
0, 57, 511, 367, 125, 713, 
0, 296, 25, 133, 781, 380, 555, 
0, 226, 499, 284, 205, 551, 492, 103, 
0, 461, 105, 69, 570, 439, 51, 
0, 263, 217, 465, 13, 109, 
0, 5, 561, 389, 320, 309, 
0, 696, 19, 558, 341, 400, 568, 
0, 345, 73, 183, 329, 453, 330, 
0, 269, 154, 688, 581, 783, 483, 754, 
0, 399, 223, 506, 46, 232, 752, 
0, 49, 272, 771, 158, 104, 115, 
0, 181, 84, 398, 582, 769, 
0, 505, 193, 86, 675, 456, 516, 
0, 259, 177, 790, 76, 408, 308, 
0, 735, 477, 14, 578, 134, 
0, 531, 486, 544, 564, 313, 
0, 723, 288, 744, 151, 524, 
0, 274, 603, 657, 417, 112, 
0, 710, 500, 83, 59, 361, 
0, 218, 333, 475, 292, 360, 
0, 650, 192, 585, 503, 336, 
0, 62, 543, 479, 630, 245, 
0, 216, 446, 604, 1, 613, 672, 
0, 489, 678, 643, 508, 230, 437, 
0, 522, 702, 751, 583, 
0, 443, 94, 652, 378, 691, 15, 
0, 130, 732, 233, 602, 797, 
0, 355, 96, 527, 387, 262, 
0, 762, 286, 673, 618, 248, 
0, 34, 44, 240, 214, 91, 
0, 757, 392, 693, 407, 
0, 737, 88, 405, 302, 331, 571, 
0, 634, 198, 236, 184, 
0, 598, 10, 567, 415, 244, 
0, 733, 471, 326, 122, 402, 
0, 38, 401, 553, 632, 242, 
0, 434, 113, 348, 45, 528, 
0, 386, 460, 276, 633, 626, 182, 
0, 9, 189, 108, 536, 318, 767, 
0, 204, 442, 760, 164, 662, 623, 
0, 383, 327, 734, 514, 268, 
0, 789, 142, 532, 774, 
0, 730, 271, 458, 
0, 577, 749, 87, 569, 627, 
0, 220, 448, 306, 278, 270, 395, 
0, 350, 413, 416, 615, 601, 
0, 107, 385, 65, 6, 
0, 546, 469, 3, 95, 222, 
0, 53, 294, 420, 635, 423, 
0, 247, 607, 85, 227, 
0, 382, 753, 71, 620, 
0, 792, 655, 476, 731, 727, 
0, 231, 588, 621, 157, 98, 770, 
0, 764, 256, 654, 694, 371, 
0, 656, 74, 464, 419, 480, 
0, 661, 729, 518, 565, 786, 
0, 52, 775, 219, 93, 89, 317, 
0, 281, 60, 246, 234, 653, 
0, 188, 412, 37, 429, 346, 714, 
0, 545, 586, 750, 800, 547, 
0, 314, 260, 447, 600, 7, 323, 
0, 106, 191, 12, 117, 624, 724, 
0, 162, 639, 542, 213, 541, 741, 
0, 436, 390, 579, 207, 637, 674, 
0, 114, 258, 145, 782, 
0, 357, 27, 628, 768, 
0, 504, 171, 427, 36, 699, 712, 
0, 68, 375, 324, 612, 422, 196, 
0, 666, 221, 338, 31, 283, 669, 
0, 322, 384, 523, 26, 663, 726, 
0, 102, 619, 574, 521, 463, 
0, 299, 261, 20, 705, 211, 689, 
0, 174, 641, 277, 66, 63, 450, 
0, 608, 179, 743, 
0, 253, 293, 575, 629, 580, 466, 
0, 175, 343, 778, 651, 468, 788, 
0, 129, 72, 135, 364, 339, 144, 
0, 761, 671, 127, 556, 746, 554, 
0, 709, 29, 
0, 482, 614, 593, 722, 748, 163, 
0, 449, 795, 42, 17, 535, 287, 
0, 716, 28, 485, 16, 548, 212, 
0, 640, 667, 249, 484, 703, 584, 
0, 152, 509, 282, 411, 720, 
0, 704, 765, 121, 290, 8, 264, 
0, 721, 616, 301, 682, 
0, 756, 243, 300, 622, 664, 194, 
0, 533, 50, 526, 358, 
0, 168, 660, 540, 22, 573, 
0, 438, 659, 153, 35, 377, 
0, 676, 199, 406, 649, 354, 82, 
0, 131, 210, 680, 40, 381, 647, 
0, 611, 370, 473, 206, 706, 
0, 539, 740, 312, 444, 291, 
0, 340, 763, 441, 239, 454, 
0, 595, 303, 99, 397, 47, 
0, 766, 321, 161, 507, 41, 
0, 120, 132, 625, 310, 677, 33, 
0, 254, 79, 61, 237, 
0, 517, 173, 587, 791, 451, 
0, 170, 140, 373, 777, 359, 605, 
0, 747, 759, 550, 728, 328, 719, 
0, 718, 596, 404, 81, 23, 738, 
0, 772, 501, 255, 470, 146, 
0, 180, 337, 319, 510, 409, 169, 512, 
0, 631, 700, 374, 228, 136, 
0, 224, 316, 178, 711, 186, 176, 
