Solution: 144 159118.974000 202318.974000

0, 270, 695, 20, 652, 702, 574, 
0, 727, 198, 596, 273, 112, 
0, 362, 737, 518, 240, 687, 510, 
0, 503, 415, 562, 62, 413, 336, 
0, 667, 195, 749, 2, 292, 
0, 173, 27, 482, 644, 719, 526, 257, 
0, 227, 545, 157, 673, 764, 
0, 289, 64, 563, 342, 728, 754, 
0, 162, 698, 211, 478, 306, 
0, 430, 538, 781, 668, 473, 376, 
0, 212, 451, 366, 393, 453, 248, 
0, 582, 748, 242, 790, 233, 
0, 372, 598, 775, 124, 205, 533, 
0, 236, 746, 139, 487, 361, 39, 
0, 388, 536, 779, 93, 31, 774, 
0, 686, 36, 586, 
0, 434, 734, 539, 588, 
0, 724, 286, 636, 575, 48, 524, 
0, 160, 511, 290, 417, 726, 
0, 192, 655, 651, 119, 684, 
0, 762, 395, 191, 797, 243, 547, 
0, 680, 202, 419, 14, 363, 
0, 266, 83, 479, 88, 555, 347, 
0, 537, 416, 679, 608, 383, 
0, 40, 49, 245, 331, 733, 426, 
0, 66, 717, 135, 429, 274, 
0, 121, 356, 704, 305, 554, 
0, 508, 674, 161, 625, 792, 
0, 556, 210, 16, 190, 30, 
0, 769, 520, 431, 648, 216, 
0, 386, 759, 578, 630, 5, 604, 
0, 495, 207, 384, 229, 710, 800, 773, 
0, 676, 757, 73, 89, 138, 
0, 115, 493, 327, 12, 799, 408, 
0, 354, 303, 158, 104, 581, 437, 
0, 230, 444, 480, 736, 407, 760, 
0, 276, 791, 706, 595, 148, 425, 
0, 462, 203, 285, 21, 71, 68, 277, 
0, 776, 77, 793, 263, 470, 18, 
0, 324, 461, 268, 400, 130, 
0, 391, 463, 299, 645, 602, 187, 
0, 535, 406, 436, 222, 15, 250, 
0, 656, 738, 145, 446, 
0, 58, 418, 420, 504, 338, 
0, 758, 612, 111, 304, 566, 
0, 401, 194, 13, 329, 188, 
0, 647, 600, 410, 313, 102, 697, 611, 
0, 735, 521, 624, 298, 
0, 457, 750, 716, 159, 665, 
0, 486, 681, 385, 465, 85, 
0, 117, 226, 570, 38, 291, 199, 
0, 127, 153, 784, 449, 297, 
0, 143, 204, 252, 322, 9, 307, 
0, 741, 528, 371, 137, 378, 635, 
0, 778, 577, 475, 19, 550, 220, 
0, 567, 351, 53, 534, 167, 696, 345, 
0, 350, 618, 785, 593, 26, 178, 405, 
0, 283, 607, 23, 231, 348, 373, 
0, 174, 675, 543, 200, 642, 341, 
0, 256, 1, 622, 234, 440, 94, 
0, 387, 300, 579, 302, 471, 
0, 239, 658, 63, 155, 427, 707, 
0, 379, 241, 663, 319, 783, 585, 
0, 146, 22, 468, 271, 51, 514, 
0, 700, 11, 617, 43, 705, 259, 
0, 753, 502, 492, 330, 633, 328, 
0, 483, 44, 33, 544, 745, 
0, 692, 32, 389, 133, 175, 549, 
0, 316, 352, 519, 477, 506, 601, 37, 
0, 180, 476, 275, 95, 169, 
0, 288, 150, 646, 56, 114, 
0, 132, 541, 140, 653, 105, 659, 
0, 346, 620, 381, 323, 619, 660, 
0, 767, 265, 671, 78, 639, 592, 
0, 409, 136, 251, 238, 670, 
0, 501, 761, 92, 553, 177, 
0, 176, 287, 580, 499, 643, 699, 597, 
0, 340, 35, 626, 445, 52, 80, 
0, 500, 90, 87, 284, 638, 
0, 448, 786, 634, 649, 196, 721, 
0, 442, 569, 455, 82, 96, 
0, 272, 108, 382, 86, 771, 123, 
0, 490, 255, 777, 573, 467, 
0, 627, 293, 144, 232, 433, 
0, 765, 151, 546, 221, 551, 29, 
0, 185, 369, 701, 311, 
0, 142, 796, 47, 131, 42, 
0, 182, 353, 650, 708, 4, 247, 
0, 404, 186, 689, 367, 278, 398, 
0, 756, 99, 720, 8, 
0, 494, 244, 447, 310, 171, 
0, 189, 335, 181, 623, 97, 309, 
0, 321, 224, 469, 685, 459, 729, 
0, 599, 424, 166, 498, 163, 
0, 57, 780, 225, 107, 101, 317, 
0, 315, 6, 126, 516, 421, 798, 
0, 357, 339, 183, 678, 466, 
0, 422, 65, 149, 614, 219, 
0, 669, 489, 246, 435, 17, 496, 118, 
0, 215, 693, 326, 565, 334, 81, 
0, 141, 766, 509, 76, 50, 152, 
0, 296, 264, 488, 98, 631, 154, 
0, 359, 34, 41, 682, 
0, 295, 755, 396, 512, 91, 325, 
0, 441, 722, 116, 374, 237, 438, 
0, 7, 403, 170, 677, 770, 
0, 397, 731, 450, 485, 128, 282, 
0, 747, 235, 217, 640, 772, 
0, 267, 184, 637, 694, 318, 
0, 751, 690, 661, 337, 294, 
0, 610, 55, 529, 360, 125, 688, 
0, 763, 589, 507, 423, 484, 
0, 662, 460, 312, 714, 572, 399, 
0, 603, 657, 616, 795, 740, 
0, 279, 179, 552, 454, 725, 
0, 505, 691, 568, 606, 559, 
0, 260, 517, 228, 527, 394, 491, 
0, 113, 664, 557, 428, 377, 
0, 100, 709, 390, 358, 605, 
0, 344, 193, 561, 201, 752, 558, 
0, 370, 672, 375, 213, 715, 
0, 532, 583, 584, 214, 742, 84, 
0, 168, 74, 609, 3, 621, 683, 
0, 723, 718, 70, 590, 
0, 613, 380, 615, 209, 
0, 79, 432, 349, 531, 46, 
0, 54, 281, 253, 402, 258, 540, 
0, 172, 513, 411, 69, 165, 333, 732, 
0, 548, 474, 109, 794, 134, 
0, 464, 120, 75, 571, 443, 789, 
0, 365, 314, 45, 564, 10, 
0, 59, 439, 654, 542, 456, 332, 
0, 110, 730, 530, 223, 364, 
0, 522, 25, 591, 782, 343, 60, 
0, 392, 106, 206, 560, 458, 
0, 261, 122, 72, 308, 788, 787, 
0, 103, 269, 320, 249, 414, 641, 
0, 711, 628, 280, 24, 147, 
0, 739, 481, 218, 515, 712, 587, 
0, 497, 67, 632, 164, 254, 
0, 262, 744, 28, 129, 594, 703, 
0, 197, 208, 412, 666, 355, 368, 
0, 452, 629, 576, 472, 523, 156, 
0, 713, 768, 301, 525, 743, 61, 
