Solution: 148 161616.378000 206016.378000

0, 450, 63, 94, 683, 446, 724, 
0, 341, 452, 292, 578, 335, 565, 
0, 48, 269, 771, 156, 486, 
0, 290, 333, 568, 374, 259, 37, 
0, 500, 725, 524, 198, 453, 
0, 115, 522, 354, 129, 
0, 291, 759, 747, 454, 751, 517, 
0, 699, 24, 176, 566, 
0, 442, 733, 792, 84, 793, 57, 
0, 353, 663, 466, 732, 472, 753, 
0, 183, 395, 539, 209, 114, 
0, 419, 580, 29, 210, 151, 648, 
0, 721, 394, 672, 572, 299, 685, 
0, 213, 448, 537, 800, 544, 
0, 755, 379, 398, 199, 231, 
0, 434, 427, 238, 212, 324, 729, 
0, 215, 540, 469, 640, 239, 
0, 657, 387, 225, 584, 
0, 799, 288, 576, 581, 79, 457, 
0, 489, 397, 783, 194, 535, 
0, 174, 613, 203, 280, 
0, 150, 117, 201, 582, 782, 600, 33, 
0, 375, 680, 477, 251, 696, 15, 
0, 790, 694, 68, 592, 172, 710, 
0, 652, 319, 478, 10, 798, 471, 
0, 543, 459, 103, 789, 437, 
0, 242, 475, 614, 220, 
0, 6, 1, 438, 513, 381, 
0, 267, 713, 666, 36, 78, 443, 
0, 737, 96, 716, 66, 359, 631, 726, 
0, 749, 255, 781, 295, 602, 
0, 293, 418, 11, 323, 179, 
0, 327, 740, 95, 236, 21, 139, 
0, 328, 337, 20, 458, 786, 
0, 528, 776, 346, 300, 
0, 731, 268, 480, 791, 400, 
0, 479, 497, 366, 298, 525, 
0, 526, 306, 89, 714, 246, 
0, 256, 177, 693, 619, 154, 
0, 97, 705, 27, 345, 523, 382, 
0, 250, 577, 373, 7, 155, 
0, 227, 64, 152, 107, 
0, 409, 159, 558, 401, 
0, 743, 557, 624, 611, 126, 736, 
0, 421, 492, 149, 573, 515, 
0, 598, 575, 507, 444, 3, 601, 
0, 52, 28, 773, 604, 120, 
0, 514, 420, 112, 357, 167, 
0, 451, 569, 71, 93, 391, 
0, 342, 396, 399, 390, 
0, 219, 491, 279, 520, 143, 407, 263, 
0, 487, 534, 690, 158, 296, 
0, 650, 59, 25, 709, 639, 
0, 135, 141, 222, 240, 392, 166, 797, 
0, 186, 249, 741, 
0, 361, 31, 561, 636, 661, 
0, 53, 128, 
0, 413, 730, 586, 744, 50, 
0, 527, 386, 211, 90, 26, 
0, 175, 512, 474, 642, 545, 208, 
0, 34, 42, 325, 669, 404, 
0, 436, 746, 691, 406, 358, 
0, 165, 667, 185, 697, 583, 769, 
0, 687, 137, 634, 603, 365, 554, 
0, 8, 184, 116, 532, 555, 553, 
0, 495, 169, 410, 671, 628, 321, 
0, 668, 750, 510, 563, 
0, 774, 274, 632, 488, 207, 695, 
0, 766, 689, 16, 571, 593, 700, 
0, 449, 192, 272, 17, 65, 728, 
0, 735, 467, 12, 579, 653, 376, 
0, 482, 58, 509, 101, 98, 261, 
0, 720, 712, 67, 588, 
0, 659, 754, 127, 549, 483, 113, 
0, 144, 352, 182, 620, 626, 
0, 304, 547, 590, 61, 363, 
0, 303, 618, 369, 92, 161, 
0, 607, 49, 610, 795, 692, 
0, 38, 415, 119, 108, 13, 241, 
0, 734, 622, 232, 426, 423, 86, 
0, 258, 384, 424, 162, 704, 416, 
0, 787, 641, 702, 594, 281, 
0, 311, 686, 351, 498, 223, 146, 
0, 447, 481, 218, 244, 718, 
0, 136, 253, 662, 698, 635, 591, 
0, 334, 32, 124, 285, 570, 235, 
0, 760, 608, 660, 364, 81, 767, 
0, 796, 276, 388, 221, 140, 
0, 216, 763, 542, 130, 562, 
0, 362, 673, 455, 44, 715, 677, 
0, 62, 142, 228, 383, 163, 597, 
0, 745, 757, 794, 111, 531, 283, 
0, 133, 76, 330, 19, 122, 91, 
0, 761, 190, 599, 494, 331, 
0, 265, 178, 688, 775, 77, 606, 
0, 54, 289, 645, 405, 615, 649, 
0, 552, 368, 234, 14, 506, 171, 
0, 706, 621, 252, 460, 134, 
0, 587, 214, 297, 377, 435, 170, 
0, 110, 644, 343, 461, 229, 
0, 56, 85, 605, 2, 617, 
0, 770, 70, 412, 538, 193, 
0, 609, 360, 777, 780, 425, 
0, 429, 654, 318, 51, 99, 
0, 739, 224, 206, 148, 521, 403, 
0, 106, 738, 131, 643, 237, 
0, 157, 596, 560, 748, 655, 
0, 546, 322, 305, 414, 320, 
0, 164, 485, 511, 462, 496, 22, 
0, 123, 47, 316, 665, 758, 270, 
0, 181, 109, 595, 262, 271, 
0, 647, 675, 245, 473, 707, 585, 
0, 428, 102, 788, 286, 625, 533, 
0, 468, 719, 589, 779, 336, 173, 
0, 684, 196, 389, 656, 723, 
0, 708, 764, 519, 564, 248, 307, 
0, 417, 39, 504, 72, 43, 464, 
0, 676, 74, 118, 46, 348, 
0, 138, 18, 9, 153, 278, 371, 
0, 380, 484, 430, 445, 646, 682, 
0, 664, 762, 310, 121, 638, 
0, 408, 530, 778, 658, 784, 
0, 302, 40, 432, 559, 314, 
0, 168, 275, 88, 541, 41, 499, 670, 
0, 516, 344, 701, 294, 550, 
0, 623, 282, 35, 679, 
0, 254, 338, 132, 189, 456, 508, 
0, 312, 463, 518, 30, 105, 
0, 393, 4, 69, 104, 627, 356, 
0, 772, 493, 556, 465, 548, 
0, 355, 125, 243, 385, 247, 326, 703, 
0, 277, 505, 217, 529, 378, 476, 
0, 722, 629, 287, 633, 
0, 204, 332, 73, 637, 226, 347, 301, 
0, 441, 284, 742, 711, 768, 
0, 100, 257, 309, 501, 87, 313, 
0, 612, 5, 674, 367, 503, 502, 
0, 349, 372, 23, 785, 317, 
0, 470, 83, 551, 340, 
0, 370, 752, 75, 567, 422, 329, 
0, 230, 433, 350, 273, 266, 630, 
0, 756, 490, 440, 402, 45, 205, 
0, 574, 147, 651, 308, 55, 765, 
0, 678, 188, 264, 233, 80, 
0, 431, 145, 82, 681, 187, 717, 
0, 260, 191, 195, 536, 439, 
0, 197, 200, 202, 180, 411, 
0, 160, 616, 60, 315, 727, 339, 
