Solution: 146 159282.830000 203082.830000

0, 388, 395, 420, 209, 
0, 711, 628, 264, 373, 348, 154, 
0, 735, 280, 521, 624, 134, 740, 
0, 267, 184, 694, 318, 304, 
0, 362, 416, 149, 188, 
0, 409, 681, 385, 238, 670, 
0, 769, 520, 431, 475, 12, 216, 
0, 462, 203, 285, 480, 736, 407, 760, 
0, 276, 791, 706, 595, 
0, 340, 35, 626, 52, 550, 220, 
0, 532, 584, 33, 544, 660, 214, 
0, 344, 193, 561, 201, 752, 558, 
0, 439, 281, 634, 649, 638, 187, 
0, 599, 767, 551, 428, 334, 
0, 662, 460, 390, 8, 
0, 182, 19, 799, 171, 4, 247, 
0, 180, 476, 275, 715, 95, 169, 
0, 121, 513, 411, 305, 554, 
0, 59, 755, 221, 15, 363, 
0, 556, 210, 158, 92, 478, 405, 
0, 127, 580, 312, 499, 643, 572, 
0, 172, 287, 13, 329, 165, 
0, 295, 746, 139, 487, 446, 
0, 142, 145, 255, 249, 606, 514, 
0, 174, 675, 194, 594, 703, 
0, 613, 380, 777, 565, 93, 
0, 713, 768, 468, 43, 705, 248, 
0, 99, 356, 704, 69, 378, 547, 
0, 442, 629, 576, 472, 156, 
0, 115, 493, 327, 648, 374, 237, 
0, 212, 451, 393, 453, 310, 80, 
0, 117, 226, 570, 38, 291, 199, 
0, 261, 122, 211, 21, 71, 787, 
0, 535, 406, 557, 29, 377, 
0, 747, 235, 217, 640, 772, 
0, 173, 27, 104, 581, 437, 
0, 288, 150, 646, 56, 338, 
0, 612, 488, 98, 231, 
0, 776, 77, 654, 542, 456, 533, 
0, 316, 352, 519, 477, 785, 601, 178, 
0, 490, 296, 396, 91, 515, 712, 
0, 387, 300, 435, 17, 553, 496, 118, 
0, 543, 461, 268, 702, 635, 
0, 486, 354, 563, 342, 728, 754, 
0, 758, 202, 181, 298, 
0, 350, 618, 375, 593, 506, 26, 
0, 372, 598, 775, 205, 119, 
0, 751, 183, 349, 564, 259, 
0, 230, 370, 672, 213, 355, 368, 
0, 197, 208, 412, 666, 465, 85, 
0, 192, 658, 583, 653, 105, 659, 
0, 215, 693, 779, 504, 697, 611, 
0, 239, 140, 63, 427, 651, 336, 
0, 741, 528, 371, 137, 720, 333, 732, 
0, 667, 195, 136, 251, 292, 
0, 724, 529, 701, 311, 573, 467, 
0, 392, 108, 419, 111, 566, 
0, 25, 441, 116, 319, 585, 773, 
0, 143, 218, 691, 9, 325, 
0, 6, 314, 126, 516, 50, 152, 
0, 505, 657, 616, 795, 
0, 404, 722, 591, 782, 343, 60, 
0, 727, 198, 596, 273, 332, 
0, 353, 186, 663, 783, 677, 770, 
0, 548, 474, 674, 794, 364, 
0, 100, 756, 709, 358, 243, 
0, 357, 511, 290, 417, 726, 
0, 686, 36, 
0, 464, 120, 75, 571, 443, 789, 
0, 397, 731, 450, 485, 128, 684, 
0, 129, 695, 20, 652, 200, 642, 
0, 723, 718, 70, 590, 
0, 272, 224, 685, 263, 470, 18, 
0, 700, 11, 301, 525, 10, 42, 
0, 692, 790, 242, 743, 233, 
0, 141, 766, 689, 661, 440, 294, 
0, 335, 430, 562, 62, 631, 309, 
0, 501, 761, 246, 177, 788, 277, 
0, 146, 22, 617, 568, 421, 798, 
0, 40, 49, 245, 331, 555, 347, 
0, 656, 748, 578, 639, 61, 
0, 256, 1, 455, 278, 366, 
0, 260, 517, 228, 159, 394, 491, 
0, 160, 538, 781, 668, 473, 376, 
0, 66, 717, 579, 302, 471, 
0, 176, 151, 536, 587, 361, 81, 313, 
0, 365, 577, 65, 614, 699, 597, 
0, 315, 204, 252, 322, 641, 307, 
0, 289, 64, 306, 665, 
0, 79, 432, 45, 76, 531, 
0, 321, 83, 479, 112, 733, 
0, 500, 90, 469, 14, 123, 
0, 444, 698, 72, 308, 68, 37, 
0, 227, 545, 135, 429, 274, 
0, 494, 244, 447, 445, 46, 
0, 753, 502, 161, 454, 725, 
0, 522, 324, 384, 229, 710, 800, 
0, 391, 463, 299, 602, 459, 729, 
0, 386, 759, 78, 630, 138, 
0, 168, 655, 323, 155, 619, 707, 
0, 113, 664, 546, 326, 
0, 582, 436, 424, 166, 498, 163, 
0, 422, 32, 389, 133, 175, 408, 341, 
0, 669, 489, 482, 644, 719, 526, 257, 
0, 778, 286, 636, 575, 48, 510, 524, 
0, 58, 418, 749, 682, 
0, 509, 690, 367, 622, 234, 398, 
0, 270, 401, 449, 297, 
0, 132, 541, 157, 673, 764, 282, 
0, 54, 124, 253, 402, 250, 
0, 279, 179, 552, 223, 271, 51, 
0, 537, 55, 615, 605, 
0, 452, 796, 47, 337, 131, 94, 
0, 603, 339, 492, 330, 633, 328, 
0, 57, 737, 518, 240, 687, 549, 
0, 763, 589, 507, 423, 484, 
0, 7, 403, 170, 574, 
0, 266, 609, 645, 284, 196, 721, 
0, 567, 351, 53, 534, 167, 696, 345, 
0, 162, 303, 16, 190, 30, 
0, 739, 481, 671, 24, 147, 
0, 497, 67, 632, 31, 114, 774, 
0, 189, 258, 222, 458, 5, 604, 
0, 676, 757, 73, 89, 592, 
0, 457, 750, 716, 164, 254, 
0, 410, 369, 679, 360, 608, 688, 
0, 610, 780, 225, 107, 101, 317, 
0, 508, 569, 109, 82, 96, 
0, 103, 269, 320, 512, 414, 559, 
0, 359, 74, 87, 3, 621, 683, 
0, 448, 793, 637, 382, 86, 771, 
0, 110, 730, 530, 678, 466, 
0, 265, 503, 415, 623, 97, 413, 
0, 283, 607, 23, 625, 523, 792, 
0, 434, 734, 539, 588, 
0, 34, 647, 41, 232, 148, 425, 
0, 680, 106, 206, 786, 560, 540, 
0, 627, 293, 144, 527, 433, 
0, 207, 495, 400, 130, 399, 
0, 262, 744, 28, 714, 219, 
0, 346, 381, 44, 620, 745, 426, 
0, 765, 600, 185, 102, 2, 
0, 762, 784, 153, 586, 
0, 483, 88, 742, 84, 
0, 236, 738, 191, 797, 125, 39, 
0, 379, 241, 650, 708, 438, 383, 
