Solution: 150 162960.910000 207960.910000

0, 661, 616, 518, 301, 565, 51, 
0, 577, 433, 771, 197, 104, 
0, 692, 10, 610, 699, 712, 669, 
0, 533, 50, 526, 358, 
0, 737, 740, 312, 705, 571, 241, 
0, 38, 420, 158, 495, 787, 
0, 130, 137, 238, 739, 229, 
0, 457, 79, 61, 43, 689, 594, 
0, 522, 702, 385, 356, 525, 
0, 566, 349, 48, 658, 160, 684, 305, 
0, 152, 509, 282, 411, 720, 
0, 681, 25, 133, 602, 415, 512, 
0, 257, 384, 523, 26, 663, 726, 
0, 129, 72, 42, 17, 535, 287, 
0, 455, 288, 128, 151, 524, 421, 
0, 449, 243, 587, 791, 451, 300, 
0, 220, 150, 645, 780, 662, 623, 
0, 745, 559, 519, 617, 736, 
0, 9, 189, 108, 127, 318, 767, 
0, 717, 709, 65, 6, 
0, 5, 389, 135, 508, 230, 395, 
0, 34, 44, 240, 213, 725, 344, 
0, 357, 68, 429, 346, 714, 741, 
0, 53, 73, 183, 329, 453, 330, 
0, 539, 511, 367, 125, 
0, 166, 776, 698, 302, 285, 
0, 611, 655, 370, 206, 
0, 482, 614, 593, 649, 462, 365, 
0, 478, 84, 398, 582, 769, 
0, 162, 375, 635, 294, 423, 
0, 120, 538, 325, 534, 248, 
0, 106, 191, 12, 117, 331, 724, 
0, 131, 256, 654, 569, 627, 
0, 789, 596, 673, 404, 605, 
0, 253, 293, 580, 124, 266, 139, 
0, 796, 280, 23, 618, 770, 
0, 552, 734, 203, 514, 727, 268, 
0, 761, 671, 682, 378, 691, 15, 
0, 394, 493, 744, 707, 116, 674, 
0, 461, 105, 69, 570, 439, 786, 
0, 650, 192, 231, 583, 
0, 100, 198, 236, 396, 118, 
0, 345, 639, 37, 541, 207, 
0, 168, 660, 540, 22, 624, 
0, 140, 249, 488, 195, 2, 
0, 204, 74, 464, 419, 46, 232, 752, 
0, 388, 92, 99, 81, 738, 
0, 608, 373, 774, 503, 336, 
0, 49, 272, 251, 397, 47, 
0, 170, 142, 532, 584, 564, 
0, 546, 469, 3, 95, 222, 
0, 321, 426, 39, 560, 418, 
0, 403, 286, 621, 157, 98, 
0, 491, 56, 122, 235, 211, 
0, 250, 452, 520, 335, 143, 
0, 443, 71, 694, 620, 
0, 646, 576, 352, 683, 165, 
0, 772, 501, 255, 470, 146, 
0, 208, 126, 685, 424, 549, 21, 
0, 350, 413, 416, 407, 
0, 190, 557, 679, 347, 368, 308, 
0, 743, 279, 693, 304, 572, 
0, 340, 448, 561, 320, 309, 209, 
0, 595, 303, 111, 215, 4, 334, 
0, 225, 289, 553, 87, 371, 
0, 269, 154, 688, 581, 66, 63, 450, 
0, 386, 460, 276, 633, 626, 182, 
0, 496, 755, 80, 648, 
0, 747, 500, 153, 59, 361, 
0, 773, 366, 609, 615, 
0, 504, 171, 427, 36, 283, 480, 
0, 733, 471, 326, 11, 798, 402, 
0, 261, 299, 435, 636, 184, 
0, 766, 485, 239, 441, 41, 144, 
0, 758, 425, 498, 454, 237, 
0, 259, 177, 687, 32, 275, 
0, 489, 506, 306, 278, 270, 
0, 363, 410, 625, 310, 677, 33, 
0, 718, 775, 665, 311, 686, 606, 
0, 531, 401, 544, 632, 242, 
0, 54, 77, 465, 13, 109, 
0, 298, 200, 67, 307, 785, 431, 
0, 382, 753, 210, 233, 156, 
0, 62, 543, 479, 630, 245, 
0, 676, 199, 406, 354, 722, 748, 
0, 529, 148, 445, 481, 273, 
0, 226, 499, 284, 205, 551, 492, 103, 
0, 730, 271, 458, 647, 134, 
0, 174, 641, 476, 731, 483, 754, 
0, 656, 763, 507, 16, 548, 212, 
0, 762, 179, 132, 228, 136, 
0, 640, 667, 793, 75, 513, 55, 
0, 670, 29, 751, 24, 
0, 343, 729, 536, 556, 746, 554, 
0, 756, 759, 795, 119, 379, 
0, 52, 219, 18, 93, 89, 112, 
0, 187, 613, 604, 1, 672, 
0, 224, 316, 178, 579, 642, 422, 196, 
0, 757, 392, 585, 
0, 721, 265, 638, 155, 
0, 247, 607, 85, 227, 
0, 644, 57, 20, 590, 697, 
0, 723, 708, 502, 711, 186, 176, 
0, 399, 715, 101, 779, 342, 172, 
0, 598, 680, 40, 381, 317, 
0, 376, 666, 161, 45, 528, 
0, 374, 27, 628, 768, 
0, 180, 732, 484, 703, 359, 313, 
0, 254, 362, 138, 444, 291, 
0, 181, 223, 678, 364, 643, 437, 
0, 114, 258, 145, 782, 601, 
0, 332, 337, 319, 510, 78, 794, 599, 
0, 668, 94, 652, 110, 
0, 434, 113, 348, 339, 547, 
0, 322, 446, 141, 695, 690, 
0, 704, 765, 295, 567, 562, 244, 
0, 372, 490, 760, 164, 701, 432, 
0, 252, 799, 391, 487, 
0, 185, 123, 515, 537, 360, 
0, 716, 28, 121, 290, 8, 264, 
0, 735, 477, 14, 578, 417, 194, 
0, 710, 619, 574, 521, 788, 
0, 107, 88, 405, 64, 713, 
0, 383, 327, 430, 575, 629, 297, 466, 
0, 188, 412, 542, 324, 612, 115, 
0, 749, 260, 447, 600, 7, 323, 
0, 545, 586, 750, 800, 
0, 263, 217, 675, 86, 456, 516, 
0, 315, 563, 353, 428, 
0, 159, 472, 267, 82, 163, 
0, 505, 193, 592, 784, 530, 
0, 700, 591, 631, 201, 
0, 497, 790, 76, 97, 408, 
0, 296, 634, 442, 369, 573, 
0, 218, 333, 175, 475, 292, 
0, 274, 603, 778, 651, 468, 
0, 588, 486, 777, 781, 380, 555, 
0, 281, 60, 246, 234, 653, 
0, 792, 351, 494, 473, 783, 706, 
0, 216, 467, 414, 214, 91, 
0, 167, 202, 149, 90, 474, 
0, 314, 221, 657, 31, 463, 
0, 459, 440, 277, 589, 597, 30, 
0, 696, 19, 558, 341, 400, 568, 
0, 102, 338, 664, 387, 262, 
0, 764, 742, 393, 70, 409, 169, 797, 
0, 436, 390, 58, 147, 637, 
0, 517, 173, 550, 728, 328, 622, 
0, 355, 96, 527, 719, 
0, 438, 659, 35, 83, 377, 
