Solution: 147 161573.566000 205673.566000

0, 91, 231, 10, 545, 
0, 709, 122, 667, 380, 693, 260, 
0, 190, 373, 37, 425, 351, 550, 
0, 770, 569, 513, 242, 675, 113, 
0, 227, 319, 181, 502, 124, 422, 273, 
0, 238, 458, 506, 346, 715, 429, 
0, 490, 150, 652, 163, 696, 215, 
0, 274, 470, 84, 162, 
0, 192, 482, 87, 611, 352, 145, 
0, 593, 430, 768, 370, 336, 695, 
0, 694, 589, 559, 633, 522, 419, 
0, 767, 645, 541, 216, 706, 74, 
0, 223, 457, 539, 707, 578, 765, 
0, 531, 453, 480, 441, 
0, 714, 629, 42, 246, 721, 
0, 275, 785, 182, 415, 2, 
0, 435, 623, 584, 619, 787, 
0, 232, 437, 686, 577, 783, 276, 
0, 778, 267, 573, 305, 599, 658, 
0, 680, 28, 135, 777, 377, 
0, 266, 475, 71, 625, 24, 
0, 581, 226, 362, 308, 284, 277, 
0, 239, 729, 252, 153, 132, 
0, 316, 356, 493, 587, 357, 
0, 449, 754, 40, 104, 533, 292, 
0, 167, 432, 118, 567, 588, 80, 
0, 165, 772, 523, 335, 186, 
0, 621, 291, 134, 234, 138, 
0, 529, 400, 627, 26, 766, 
0, 115, 144, 747, 27, 394, 
0, 527, 412, 613, 736, 786, 
0, 670, 204, 701, 366, 
0, 31, 710, 64, 582, 
0, 53, 604, 375, 77, 689, 
0, 497, 414, 462, 642, 116, 
0, 210, 654, 544, 331, 
0, 657, 758, 439, 442, 311, 211, 
0, 363, 54, 23, 123, 168, 402, 
0, 269, 487, 332, 14, 798, 478, 
0, 591, 616, 558, 304, 424, 
0, 315, 199, 447, 598, 11, 137, 
0, 262, 296, 483, 511, 172, 
0, 519, 90, 692, 126, 630, 719, 
0, 166, 684, 18, 643, 568, 
0, 278, 703, 660, 35, 99, 85, 
0, 452, 130, 57, 327, 107, 
0, 271, 220, 590, 641, 
0, 443, 781, 197, 67, 101, 310, 
0, 752, 391, 631, 407, 
0, 161, 385, 30, 662, 185, 650, 
0, 371, 203, 379, 230, 119, 635, 
0, 537, 734, 314, 496, 214, 687, 
0, 141, 367, 189, 779, 624, 
0, 298, 75, 440, 776, 800, 
0, 56, 395, 700, 637, 566, 
0, 759, 342, 322, 69, 634, 330, 
0, 177, 448, 460, 256, 661, 
0, 433, 648, 576, 29, 540, 200, 
0, 12, 191, 109, 617, 436, 48, 
0, 488, 244, 324, 143, 518, 120, 
0, 374, 461, 13, 562, 417, 
0, 524, 328, 756, 746, 52, 762, 
0, 51, 740, 169, 
0, 725, 622, 279, 32, 270, 280, 
0, 268, 180, 485, 264, 716, 688, 
0, 586, 681, 128, 792, 600, 797, 
0, 50, 727, 386, 41, 507, 663, 
0, 285, 170, 178, 735, 664, 459, 
0, 393, 492, 146, 612, 152, 
0, 744, 500, 151, 58, 225, 
0, 294, 737, 552, 421, 338, 732, 
0, 410, 665, 222, 97, 92, 466, 320, 
0, 218, 465, 682, 534, 321, 
0, 388, 61, 88, 673, 
0, 46, 96, 644, 111, 538, 
0, 512, 174, 549, 723, 376, 
0, 603, 47, 773, 79, 81, 793, 389, 
0, 476, 86, 397, 323, 450, 171, 
0, 668, 98, 655, 33, 535, 
0, 790, 209, 515, 22, 173, 76, 
0, 690, 666, 36, 155, 288, 193, 
0, 742, 646, 489, 233, 
0, 9, 557, 378, 44, 240, 748, 
0, 105, 708, 583, 775, 347, 175, 
0, 711, 372, 769, 560, 
0, 796, 570, 248, 89, 640, 127, 
0, 674, 406, 245, 
0, 339, 739, 392, 241, 408, 698, 579, 
0, 697, 717, 21, 411, 147, 
0, 788, 595, 196, 503, 341, 
0, 261, 510, 229, 532, 257, 
0, 761, 516, 481, 639, 369, 345, 
0, 651, 456, 763, 359, 444, 
0, 106, 224, 609, 791, 43, 705, 
0, 133, 265, 55, 678, 626, 653, 
0, 594, 303, 396, 438, 548, 
0, 431, 325, 620, 556, 383, 
0, 158, 59, 554, 399, 563, 
0, 546, 468, 454, 5, 73, 
0, 353, 610, 283, 290, 780, 504, 596, 
0, 387, 78, 601, 3, 614, 
0, 243, 8, 160, 509, 68, 472, 
0, 300, 205, 16, 188, 25, 
0, 114, 343, 486, 301, 628, 333, 
0, 368, 656, 474, 726, 401, 750, 
0, 281, 555, 517, 618, 307, 
0, 326, 446, 142, 282, 597, 764, 
0, 464, 403, 125, 254, 
0, 361, 287, 49, 713, 
0, 258, 1, 615, 505, 236, 434, 
0, 263, 60, 139, 607, 543, 592, 
0, 398, 184, 677, 365, 364, 
0, 738, 237, 212, 329, 659, 755, 
0, 647, 110, 66, 309, 63, 722, 
0, 349, 129, 553, 195, 463, 
0, 348, 774, 514, 467, 728, 
0, 94, 213, 679, 38, 669, 250, 
0, 108, 508, 405, 157, 337, 201, 
0, 176, 501, 409, 7, 102, 156, 
0, 136, 20, 297, 733, 235, 272, 
0, 382, 749, 691, 564, 632, 585, 
0, 228, 745, 112, 219, 455, 6, 
0, 360, 638, 34, 671, 
0, 317, 249, 794, 340, 344, 83, 
0, 221, 70, 473, 469, 131, 
0, 495, 536, 45, 528, 159, 306, 
0, 198, 731, 207, 19, 65, 782, 
0, 574, 428, 418, 494, 15, 253, 
0, 730, 572, 683, 194, 4, 
0, 286, 799, 445, 479, 117, 
0, 121, 293, 575, 390, 217, 649, 
0, 384, 334, 247, 427, 17, 491, 
0, 187, 255, 471, 420, 
0, 62, 542, 477, 521, 704, 259, 
0, 202, 672, 565, 302, 561, 
0, 499, 751, 148, 720, 350, 
0, 354, 702, 318, 571, 636, 299, 140, 
0, 551, 289, 208, 82, 251, 
0, 753, 423, 498, 451, 164, 520, 
0, 404, 606, 608, 795, 312, 676, 
0, 426, 724, 580, 743, 784, 
0, 547, 381, 149, 95, 179, 484, 
0, 699, 760, 789, 295, 526, 39, 
0, 358, 100, 525, 206, 712, 
0, 757, 718, 741, 154, 103, 
0, 183, 530, 771, 72, 93, 602, 
0, 355, 413, 416, 313, 685, 605, 
