Solution: 145 160723.598000 204223.598000

0, 254, 338, 555, 189, 456, 508, 
0, 342, 749, 96, 66, 155, 570, 
0, 302, 40, 432, 559, 314, 503, 
0, 468, 719, 589, 779, 336, 173, 
0, 303, 618, 369, 92, 161, 
0, 514, 420, 112, 308, 583, 769, 
0, 702, 641, 35, 679, 
0, 380, 484, 430, 445, 646, 682, 
0, 526, 306, 127, 143, 407, 263, 
0, 123, 64, 711, 152, 107, 
0, 684, 196, 389, 656, 723, 
0, 739, 224, 206, 316, 665, 270, 
0, 766, 447, 373, 7, 
0, 720, 712, 67, 588, 
0, 417, 39, 310, 43, 525, 
0, 334, 32, 124, 285, 248, 502, 
0, 706, 557, 621, 579, 154, 
0, 213, 448, 218, 121, 638, 
0, 355, 125, 243, 385, 46, 241, 
0, 735, 467, 75, 635, 313, 
0, 5, 757, 149, 666, 458, 515, 
0, 451, 569, 71, 104, 627, 
0, 737, 689, 16, 383, 163, 229, 
0, 676, 191, 788, 619, 93, 
0, 734, 622, 232, 426, 298, 464, 
0, 150, 117, 201, 14, 506, 171, 
0, 527, 654, 542, 643, 237, 
0, 787, 379, 398, 795, 99, 692, 
0, 164, 485, 511, 462, 472, 496, 33, 
0, 495, 169, 611, 791, 126, 736, 
0, 756, 512, 474, 642, 167, 261, 
0, 52, 776, 346, 295, 602, 
0, 708, 764, 455, 44, 715, 677, 
0, 668, 750, 510, 563, 50, 
0, 384, 433, 350, 273, 55, 765, 
0, 774, 274, 632, 488, 207, 
0, 599, 388, 190, 51, 331, 
0, 760, 608, 660, 364, 81, 767, 
0, 215, 534, 47, 690, 158, 758, 
0, 761, 253, 662, 698, 21, 139, 
0, 115, 522, 354, 294, 550, 
0, 327, 530, 778, 658, 784, 
0, 133, 311, 159, 504, 72, 146, 
0, 168, 275, 88, 541, 41, 499, 670, 
0, 772, 493, 556, 408, 356, 591, 
0, 312, 463, 518, 30, 105, 
0, 136, 252, 393, 4, 391, 703, 
0, 144, 738, 691, 473, 707, 585, 
0, 479, 366, 497, 45, 751, 416, 
0, 219, 452, 24, 578, 335, 565, 
0, 277, 505, 217, 529, 378, 476, 
0, 543, 459, 438, 513, 122, 
0, 268, 500, 20, 573, 786, 
0, 552, 288, 305, 576, 581, 457, 
0, 528, 777, 245, 240, 603, 120, 
0, 482, 58, 509, 365, 685, 
0, 450, 63, 94, 683, 446, 724, 
0, 38, 269, 771, 194, 247, 535, 
0, 487, 540, 469, 640, 180, 176, 
0, 291, 725, 524, 212, 628, 321, 
0, 97, 705, 27, 345, 523, 382, 
0, 76, 1, 223, 351, 266, 381, 
0, 250, 372, 23, 101, 98, 307, 
0, 53, 396, 494, 620, 
0, 623, 282, 594, 221, 140, 
0, 489, 397, 328, 460, 134, 
0, 181, 109, 633, 783, 271, 
0, 419, 580, 616, 29, 727, 339, 
0, 657, 186, 128, 661, 281, 
0, 54, 289, 645, 405, 615, 648, 
0, 204, 332, 73, 637, 226, 347, 301, 
0, 441, 284, 742, 148, 521, 403, 
0, 436, 746, 211, 90, 26, 
0, 48, 74, 195, 536, 439, 326, 
0, 598, 575, 507, 422, 444, 329, 
0, 650, 59, 25, 709, 639, 235, 
0, 574, 62, 142, 572, 695, 597, 
0, 678, 188, 264, 233, 80, 
0, 587, 214, 297, 377, 435, 170, 
0, 183, 395, 539, 209, 114, 
0, 699, 200, 368, 549, 483, 113, 
0, 399, 28, 137, 780, 425, 
0, 434, 427, 794, 61, 437, 729, 
0, 449, 192, 272, 17, 65, 728, 
0, 242, 475, 614, 220, 
0, 293, 667, 537, 718, 631, 726, 
0, 647, 675, 141, 785, 222, 
0, 429, 740, 95, 406, 358, 
0, 8, 184, 116, 132, 744, 553, 
0, 609, 360, 773, 300, 
0, 353, 663, 466, 203, 22, 753, 
0, 160, 70, 412, 538, 193, 
0, 470, 83, 717, 404, 
0, 796, 276, 119, 108, 13, 348, 
0, 157, 596, 560, 655, 566, 
0, 481, 147, 651, 162, 704, 37, 
0, 546, 322, 234, 414, 320, 79, 
0, 227, 386, 415, 156, 486, 151, 
0, 341, 197, 292, 748, 411, 
0, 135, 230, 612, 674, 367, 57, 
0, 258, 418, 11, 571, 593, 700, 
0, 721, 352, 182, 781, 626, 
0, 6, 490, 454, 402, 471, 
0, 349, 394, 672, 604, 299, 517, 
0, 249, 799, 60, 315, 210, 296, 
0, 267, 713, 36, 103, 78, 443, 
0, 770, 605, 82, 187, 551, 340, 
0, 659, 279, 202, 89, 714, 246, 
0, 228, 686, 498, 244, 630, 
0, 362, 673, 568, 410, 671, 400, 
0, 741, 387, 225, 584, 231, 
0, 138, 18, 9, 153, 278, 371, 
0, 664, 762, 423, 440, 545, 208, 
0, 745, 492, 590, 789, 363, 
0, 607, 49, 610, 199, 
0, 100, 257, 309, 501, 392, 166, 797, 
0, 755, 255, 577, 390, 
0, 491, 754, 520, 239, 
0, 652, 319, 478, 461, 798, 86, 
0, 421, 330, 111, 19, 531, 283, 
0, 442, 733, 792, 84, 793, 376, 
0, 174, 613, 582, 280, 732, 782, 600, 
0, 428, 680, 477, 251, 696, 
0, 56, 85, 287, 669, 
0, 304, 547, 238, 324, 198, 453, 
0, 165, 697, 185, 323, 179, 
0, 375, 431, 145, 2, 617, 681, 
0, 361, 31, 561, 636, 768, 
0, 722, 595, 262, 625, 533, 
0, 687, 634, 519, 564, 401, 
0, 175, 343, 424, 357, 10, 205, 
0, 790, 694, 68, 592, 172, 710, 
0, 256, 177, 693, 286, 
0, 265, 178, 688, 775, 77, 606, 
0, 413, 730, 532, 586, 15, 
0, 743, 480, 333, 374, 259, 
0, 260, 102, 118, 3, 601, 
0, 216, 106, 131, 318, 562, 
0, 516, 344, 701, 129, 716, 359, 
0, 110, 644, 759, 747, 800, 544, 
0, 34, 629, 42, 325, 649, 
0, 370, 752, 236, 567, 548, 130, 
0, 290, 409, 91, 558, 554, 
0, 731, 624, 12, 87, 317, 
0, 763, 337, 69, 465, 653, 
