Solution: 145 159852.896000 203352.896000

0, 607, 488, 417, 472, 792, 
0, 270, 695, 13, 400, 200, 642, 
0, 778, 369, 615, 784, 605, 
0, 267, 184, 694, 304, 566, 
0, 230, 444, 698, 593, 601, 37, 
0, 599, 436, 424, 222, 205, 458, 
0, 747, 235, 217, 640, 772, 
0, 239, 140, 63, 155, 427, 
0, 490, 693, 779, 334, 114, 
0, 434, 734, 539, 588, 
0, 346, 655, 651, 119, 163, 
0, 603, 339, 43, 291, 524, 
0, 448, 108, 793, 318, 470, 18, 
0, 7, 403, 170, 710, 
0, 567, 351, 53, 673, 764, 
0, 372, 598, 775, 166, 498, 
0, 508, 569, 455, 234, 398, 
0, 276, 791, 185, 420, 102, 697, 611, 
0, 370, 672, 480, 736, 407, 760, 
0, 675, 461, 268, 585, 773, 
0, 765, 151, 536, 587, 565, 
0, 57, 737, 149, 188, 333, 732, 
0, 189, 335, 637, 382, 86, 309, 
0, 181, 503, 415, 623, 97, 631, 
0, 256, 1, 622, 367, 661, 440, 
0, 753, 502, 161, 794, 96, 
0, 262, 744, 28, 129, 594, 703, 
0, 692, 790, 242, 743, 233, 
0, 160, 110, 530, 625, 523, 156, 
0, 401, 379, 20, 652, 574, 
0, 241, 432, 349, 564, 559, 
0, 172, 287, 701, 311, 573, 
0, 212, 441, 116, 237, 408, 341, 
0, 117, 226, 570, 38, 271, 199, 
0, 162, 303, 211, 17, 553, 496, 118, 
0, 457, 750, 716, 164, 254, 
0, 391, 463, 299, 284, 602, 187, 
0, 359, 67, 632, 93, 31, 774, 
0, 500, 419, 14, 263, 771, 
0, 279, 179, 552, 223, 364, 94, 
0, 113, 746, 139, 221, 15, 250, 
0, 389, 6, 126, 76, 50, 317, 
0, 681, 208, 355, 465, 368, 
0, 315, 204, 691, 218, 712, 61, 
0, 207, 495, 229, 130, 171, 
0, 142, 145, 255, 249, 606, 798, 
0, 215, 664, 546, 326, 
0, 143, 264, 562, 62, 413, 336, 
0, 509, 690, 689, 310, 52, 152, 
0, 36, 176, 756, 586, 
0, 522, 324, 25, 60, 770, 
0, 442, 629, 576, 454, 725, 
0, 537, 55, 518, 240, 687, 549, 
0, 272, 224, 469, 685, 459, 729, 
0, 548, 474, 674, 109, 82, 
0, 66, 761, 92, 104, 581, 405, 
0, 610, 780, 529, 360, 608, 383, 
0, 388, 600, 410, 504, 338, 
0, 751, 730, 23, 726, 
0, 422, 32, 225, 107, 101, 125, 
0, 430, 538, 781, 668, 473, 376, 
0, 127, 580, 312, 714, 219, 699, 597, 
0, 686, 412, 666, 
0, 505, 657, 134, 795, 
0, 741, 528, 371, 137, 720, 635, 
0, 261, 122, 72, 308, 788, 787, 
0, 99, 356, 704, 69, 378, 547, 
0, 483, 44, 33, 544, 745, 
0, 543, 384, 663, 319, 783, 800, 
0, 409, 136, 251, 238, 670, 
0, 168, 620, 381, 323, 619, 659, 
0, 735, 183, 678, 9, 147, 
0, 713, 768, 468, 51, 705, 248, 
0, 711, 628, 280, 641, 307, 
0, 295, 748, 396, 428, 551, 29, 
0, 100, 153, 709, 8, 85, 
0, 392, 106, 206, 786, 560, 540, 
0, 731, 157, 583, 660, 426, 214, 
0, 627, 293, 144, 159, 30, 437, 
0, 532, 584, 658, 653, 684, 
0, 418, 493, 327, 475, 799, 175, 
0, 260, 517, 228, 527, 394, 491, 
0, 141, 79, 47, 337, 131, 294, 
0, 362, 416, 679, 449, 297, 
0, 762, 395, 191, 797, 2, 
0, 494, 507, 447, 423, 484, 
0, 121, 513, 411, 305, 554, 
0, 316, 352, 519, 477, 506, 26, 178, 
0, 321, 74, 87, 3, 621, 683, 
0, 289, 64, 563, 342, 728, 754, 
0, 173, 27, 158, 478, 306, 
0, 462, 203, 285, 21, 71, 68, 277, 
0, 133, 314, 45, 516, 421, 514, 
0, 186, 589, 278, 366, 531, 
0, 146, 22, 617, 568, 259, 467, 
0, 723, 718, 70, 590, 
0, 452, 796, 492, 330, 633, 328, 
0, 669, 489, 482, 644, 719, 526, 257, 
0, 350, 618, 375, 213, 785, 715, 
0, 404, 722, 591, 782, 677, 
0, 667, 195, 749, 682, 
0, 54, 439, 654, 542, 456, 533, 
0, 386, 759, 253, 402, 258, 332, 707, 
0, 288, 150, 646, 56, 81, 313, 
0, 776, 77, 124, 331, 112, 
0, 103, 269, 252, 322, 446, 688, 
0, 197, 486, 354, 665, 292, 
0, 656, 738, 414, 515, 138, 
0, 115, 650, 353, 648, 12, 216, 
0, 227, 545, 246, 177, 742, 84, 
0, 556, 210, 16, 190, 433, 
0, 535, 406, 557, 377, 
0, 727, 634, 49, 245, 733, 
0, 767, 296, 671, 24, 91, 325, 
0, 174, 702, 194, 329, 165, 
0, 387, 300, 435, 579, 302, 471, 
0, 344, 193, 561, 201, 752, 558, 
0, 180, 476, 275, 385, 95, 169, 
0, 357, 511, 290, 616, 466, 
0, 59, 281, 596, 273, 105, 
0, 582, 755, 578, 639, 592, 
0, 501, 717, 135, 429, 274, 
0, 40, 90, 638, 649, 123, 
0, 676, 757, 111, 89, 154, 
0, 132, 541, 534, 167, 696, 345, 
0, 182, 35, 626, 19, 550, 220, 
0, 613, 380, 777, 575, 48, 510, 
0, 680, 202, 73, 298, 363, 
0, 34, 647, 41, 209, 243, 
0, 739, 265, 521, 624, 740, 
0, 340, 451, 393, 453, 343, 80, 
0, 365, 577, 65, 614, 4, 
0, 724, 286, 636, 499, 643, 247, 
0, 769, 520, 431, 374, 708, 438, 
0, 192, 198, 609, 645, 196, 721, 
0, 464, 120, 75, 571, 443, 789, 
0, 662, 460, 390, 358, 572, 399, 
0, 283, 481, 78, 630, 5, 604, 
0, 266, 83, 479, 88, 555, 347, 
0, 700, 11, 301, 525, 10, 42, 
0, 758, 612, 98, 231, 348, 373, 
0, 236, 320, 512, 487, 361, 39, 
0, 763, 766, 445, 244, 46, 
0, 397, 497, 450, 485, 128, 282, 
0, 58, 706, 595, 232, 148, 425, 
