Solution: 145 158194.386000 201694.386000

0, 617, 6, 126, 516, 421, 798, 
0, 57, 32, 389, 133, 175, 549, 
0, 452, 183, 349, 564, 514, 
0, 612, 757, 623, 97, 413, 
0, 599, 755, 512, 249, 446, 
0, 662, 460, 390, 358, 165, 547, 
0, 176, 172, 36, 586, 243, 
0, 256, 796, 47, 337, 131, 
0, 769, 35, 626, 244, 445, 80, 
0, 723, 718, 70, 590, 
0, 387, 300, 579, 302, 471, 
0, 627, 293, 144, 232, 148, 425, 
0, 522, 324, 384, 229, 710, 800, 
0, 340, 451, 366, 393, 677, 770, 
0, 727, 198, 596, 273, 112, 
0, 194, 695, 13, 329, 572, 247, 
0, 182, 493, 327, 475, 799, 408, 
0, 711, 628, 218, 24, 147, 
0, 192, 658, 583, 653, 105, 659, 
0, 40, 634, 49, 245, 660, 
0, 359, 34, 41, 338, 
0, 749, 418, 420, 504, 2, 
0, 115, 650, 353, 648, 12, 216, 
0, 162, 352, 519, 477, 506, 26, 37, 
0, 739, 481, 78, 298, 5, 336, 
0, 603, 339, 492, 330, 633, 328, 
0, 316, 563, 342, 593, 178, 85, 
0, 448, 793, 637, 382, 86, 771, 
0, 7, 403, 447, 310, 46, 
0, 386, 759, 253, 630, 639, 592, 
0, 260, 517, 228, 159, 527, 394, 
0, 751, 730, 23, 726, 
0, 103, 269, 252, 9, 322, 
0, 79, 432, 45, 94, 52, 152, 
0, 494, 1, 455, 278, 453, 
0, 500, 90, 87, 3, 621, 683, 
0, 681, 208, 355, 465, 368, 
0, 212, 663, 783, 200, 642, 
0, 189, 439, 775, 205, 119, 
0, 262, 744, 28, 129, 594, 703, 
0, 741, 528, 371, 137, 378, 399, 
0, 146, 22, 468, 271, 51, 248, 
0, 532, 620, 33, 544, 745, 214, 
0, 279, 179, 552, 454, 725, 
0, 295, 546, 557, 428, 551, 29, 
0, 778, 369, 615, 209, 
0, 765, 151, 536, 779, 334, 81, 313, 
0, 66, 717, 135, 553, 177, 277, 
0, 667, 195, 136, 251, 433, 
0, 556, 210, 16, 190, 30, 491, 
0, 180, 476, 275, 385, 95, 169, 
0, 457, 750, 716, 164, 254, 
0, 357, 511, 290, 616, 38, 199, 
0, 289, 64, 238, 670, 
0, 680, 106, 206, 786, 649, 123, 
0, 121, 356, 704, 305, 554, 
0, 464, 120, 75, 571, 443, 789, 
0, 753, 502, 161, 625, 523, 
0, 776, 202, 419, 331, 555, 347, 
0, 141, 766, 689, 661, 440, 294, 
0, 372, 281, 124, 222, 250, 
0, 607, 488, 98, 417, 156, 
0, 495, 207, 319, 170, 708, 438, 
0, 25, 441, 116, 374, 237, 
0, 315, 204, 691, 568, 307, 
0, 735, 280, 521, 624, 134, 740, 
0, 174, 675, 20, 652, 574, 
0, 543, 461, 268, 702, 585, 773, 
0, 647, 600, 410, 682, 
0, 388, 395, 701, 311, 573, 467, 611, 
0, 686, 412, 666, 
0, 700, 11, 43, 291, 705, 259, 
0, 99, 513, 411, 69, 720, 635, 
0, 669, 489, 246, 435, 17, 496, 118, 
0, 181, 538, 781, 668, 473, 376, 
0, 58, 706, 595, 292, 
0, 462, 203, 285, 480, 736, 407, 760, 
0, 582, 436, 424, 221, 15, 363, 
0, 287, 286, 636, 499, 643, 
0, 501, 761, 92, 644, 429, 274, 
0, 227, 545, 482, 526, 719, 257, 
0, 434, 734, 588, 752, 558, 
0, 535, 406, 255, 360, 125, 688, 
0, 113, 664, 326, 138, 377, 
0, 270, 401, 379, 400, 130, 171, 341, 
0, 724, 780, 225, 107, 101, 317, 
0, 236, 746, 139, 487, 712, 587, 
0, 346, 381, 44, 584, 742, 84, 
0, 442, 629, 576, 472, 792, 
0, 767, 296, 396, 91, 641, 325, 
0, 276, 791, 185, 191, 605, 
0, 283, 671, 578, 402, 458, 604, 
0, 508, 569, 109, 82, 96, 
0, 127, 580, 312, 714, 219, 699, 597, 
0, 239, 140, 63, 155, 427, 
0, 747, 235, 217, 640, 772, 
0, 261, 122, 211, 21, 71, 787, 
0, 422, 241, 149, 188, 333, 732, 
0, 490, 693, 565, 93, 
0, 74, 609, 645, 284, 196, 729, 
0, 758, 77, 73, 89, 309, 
0, 613, 380, 777, 575, 48, 524, 
0, 676, 193, 539, 304, 566, 
0, 537, 416, 679, 608, 383, 
0, 230, 444, 698, 788, 437, 
0, 132, 541, 157, 673, 764, 
0, 168, 655, 323, 619, 684, 
0, 197, 486, 354, 665, 728, 754, 
0, 656, 738, 145, 606, 361, 61, 
0, 143, 264, 562, 62, 631, 154, 
0, 391, 463, 299, 602, 638, 187, 
0, 404, 722, 591, 782, 343, 60, 
0, 692, 768, 301, 525, 10, 42, 
0, 288, 150, 646, 56, 102, 697, 
0, 397, 731, 450, 485, 128, 282, 
0, 321, 83, 479, 258, 332, 707, 
0, 362, 737, 518, 240, 687, 510, 
0, 265, 503, 415, 430, 231, 
0, 370, 672, 375, 213, 
0, 409, 27, 158, 104, 306, 
0, 548, 474, 674, 794, 364, 
0, 610, 55, 529, 797, 39, 
0, 713, 314, 76, 50, 531, 
0, 505, 657, 335, 560, 540, 
0, 483, 88, 721, 426, 
0, 215, 748, 320, 515, 414, 559, 
0, 59, 651, 166, 498, 163, 
0, 272, 224, 469, 685, 459, 733, 
0, 567, 351, 53, 534, 167, 696, 345, 
0, 173, 303, 581, 478, 405, 715, 
0, 350, 618, 72, 308, 68, 785, 601, 
0, 142, 242, 743, 790, 233, 
0, 54, 598, 654, 542, 456, 533, 
0, 497, 67, 632, 31, 114, 774, 
0, 365, 577, 65, 614, 4, 
0, 509, 690, 367, 622, 234, 398, 
0, 117, 226, 570, 795, 
0, 266, 344, 561, 201, 470, 18, 
0, 160, 110, 530, 223, 678, 466, 
0, 267, 184, 694, 111, 348, 373, 
0, 186, 589, 507, 423, 484, 
0, 763, 520, 431, 19, 550, 220, 
0, 392, 108, 14, 263, 318, 
0, 100, 756, 709, 8, 
0, 762, 784, 153, 449, 297, 
