Solution: 145 158450.684000 201950.684000

0, 532, 620, 33, 544, 745, 426, 
0, 739, 481, 671, 639, 147, 
0, 556, 303, 581, 478, 405, 715, 
0, 372, 281, 258, 222, 458, 363, 
0, 494, 507, 447, 445, 46, 152, 
0, 385, 208, 412, 666, 355, 368, 
0, 266, 344, 561, 201, 470, 18, 
0, 270, 695, 20, 652, 702, 574, 
0, 146, 22, 11, 568, 259, 559, 
0, 287, 422, 701, 449, 297, 
0, 370, 672, 480, 213, 26, 760, 
0, 778, 286, 636, 575, 48, 699, 597, 
0, 723, 718, 70, 590, 
0, 755, 748, 320, 249, 446, 
0, 535, 406, 557, 29, 377, 
0, 54, 124, 253, 402, 5, 336, 
0, 686, 27, 158, 
0, 741, 528, 13, 329, 399, 
0, 117, 226, 570, 38, 291, 199, 
0, 612, 757, 623, 111, 631, 
0, 582, 598, 775, 205, 119, 
0, 765, 295, 255, 475, 799, 408, 341, 
0, 40, 634, 49, 245, 123, 
0, 57, 780, 225, 107, 101, 317, 
0, 241, 690, 689, 367, 661, 
0, 176, 151, 536, 587, 361, 81, 313, 
0, 397, 731, 450, 485, 128, 684, 
0, 769, 35, 626, 244, 52, 80, 
0, 669, 210, 16, 190, 30, 491, 
0, 160, 511, 290, 616, 678, 466, 
0, 132, 541, 157, 673, 764, 282, 
0, 207, 495, 229, 130, 171, 524, 
0, 346, 381, 44, 584, 742, 84, 
0, 359, 34, 640, 433, 
0, 66, 717, 482, 644, 719, 257, 
0, 610, 55, 615, 797, 2, 
0, 227, 545, 526, 135, 429, 274, 
0, 700, 617, 349, 564, 50, 
0, 276, 791, 706, 595, 
0, 627, 293, 144, 232, 425, 
0, 215, 490, 410, 93, 334, 
0, 127, 580, 312, 714, 219, 572, 
0, 174, 461, 268, 783, 800, 549, 
0, 365, 737, 518, 240, 687, 510, 
0, 186, 441, 116, 374, 237, 
0, 260, 517, 228, 159, 527, 394, 
0, 74, 609, 87, 3, 621, 683, 
0, 763, 589, 278, 393, 366, 60, 
0, 711, 628, 264, 795, 39, 
0, 543, 384, 663, 170, 677, 247, 
0, 483, 88, 555, 347, 
0, 350, 486, 354, 238, 670, 
0, 141, 766, 509, 76, 531, 
0, 415, 488, 98, 231, 348, 373, 
0, 279, 629, 576, 472, 156, 134, 
0, 776, 77, 73, 298, 
0, 500, 90, 469, 685, 459, 729, 
0, 404, 722, 591, 782, 343, 770, 
0, 182, 520, 431, 423, 484, 
0, 121, 356, 704, 305, 554, 
0, 448, 793, 637, 382, 86, 771, 
0, 758, 202, 419, 14, 
0, 288, 150, 646, 56, 102, 697, 
0, 386, 759, 78, 630, 138, 
0, 767, 296, 396, 512, 91, 325, 
0, 667, 195, 136, 251, 292, 
0, 724, 369, 529, 360, 
0, 662, 460, 358, 165, 547, 
0, 476, 180, 36, 586, 
0, 103, 269, 252, 322, 9, 307, 
0, 600, 185, 420, 209, 
0, 181, 503, 562, 62, 97, 309, 
0, 762, 784, 153, 605, 243, 
0, 603, 339, 492, 330, 633, 328, 
0, 173, 375, 519, 477, 506, 178, 37, 
0, 508, 569, 455, 710, 
0, 442, 179, 417, 726, 
0, 676, 193, 539, 304, 566, 
0, 681, 197, 275, 754, 95, 169, 
0, 58, 418, 749, 682, 
0, 497, 67, 632, 31, 114, 774, 
0, 272, 224, 645, 284, 196, 721, 
0, 452, 796, 47, 337, 131, 398, 
0, 387, 300, 435, 579, 302, 471, 
0, 430, 538, 781, 668, 473, 376, 
0, 113, 664, 546, 326, 
0, 522, 324, 25, 319, 585, 773, 
0, 168, 655, 323, 619, 660, 214, 
0, 434, 734, 588, 752, 558, 
0, 391, 463, 299, 649, 638, 
0, 747, 235, 217, 148, 772, 
0, 392, 108, 694, 89, 413, 154, 
0, 618, 122, 72, 308, 68, 787, 
0, 100, 709, 390, 8, 
0, 567, 351, 53, 534, 167, 696, 345, 
0, 7, 403, 400, 200, 642, 
0, 230, 203, 352, 785, 593, 601, 
0, 727, 198, 596, 273, 112, 
0, 753, 502, 161, 794, 454, 
0, 735, 280, 521, 624, 740, 
0, 192, 658, 583, 653, 105, 659, 
0, 289, 64, 306, 665, 
0, 409, 647, 41, 504, 338, 
0, 283, 607, 23, 625, 523, 792, 
0, 143, 265, 578, 428, 551, 604, 
0, 79, 432, 45, 94, 10, 42, 
0, 692, 32, 389, 133, 175, 383, 
0, 599, 436, 424, 221, 15, 250, 
0, 713, 768, 301, 525, 743, 125, 
0, 464, 120, 75, 571, 443, 789, 
0, 362, 416, 679, 608, 688, 
0, 656, 738, 145, 606, 515, 514, 
0, 315, 204, 691, 218, 24, 592, 
0, 357, 6, 126, 516, 421, 798, 
0, 462, 444, 285, 21, 71, 736, 407, 
0, 110, 730, 530, 223, 271, 
0, 59, 651, 166, 498, 163, 
0, 261, 246, 489, 177, 788, 277, 
0, 756, 99, 411, 69, 720, 333, 732, 
0, 115, 650, 353, 648, 708, 438, 
0, 267, 184, 318, 263, 602, 187, 
0, 548, 474, 674, 109, 82, 
0, 457, 750, 716, 164, 254, 
0, 379, 327, 493, 12, 19, 550, 220, 
0, 340, 314, 468, 43, 705, 51, 
0, 680, 106, 206, 786, 456, 533, 
0, 537, 693, 779, 565, 
0, 751, 183, 552, 96, 364, 725, 
0, 172, 513, 371, 137, 378, 635, 
0, 577, 65, 149, 614, 4, 
0, 162, 698, 211, 17, 553, 496, 118, 
0, 501, 761, 92, 104, 437, 
0, 236, 746, 139, 487, 712, 61, 
0, 239, 140, 63, 155, 427, 
0, 321, 83, 479, 331, 733, 
0, 316, 563, 342, 728, 465, 85, 
0, 505, 657, 335, 560, 540, 
0, 256, 1, 622, 234, 440, 294, 
0, 212, 451, 453, 310, 216, 
0, 613, 380, 777, 499, 643, 
0, 262, 744, 28, 129, 188, 
0, 388, 395, 191, 311, 573, 467, 611, 
0, 142, 242, 790, 233, 414, 641, 248, 
0, 189, 439, 654, 542, 332, 707, 
0, 401, 675, 194, 594, 703, 
