Solution: 145 159917.212000 203417.212000

0, 735, 280, 521, 624, 373, 592, 
0, 295, 748, 396, 512, 641, 307, 
0, 662, 460, 390, 358, 572, 399, 
0, 57, 32, 389, 133, 175, 408, 
0, 180, 203, 285, 21, 71, 68, 277, 
0, 535, 647, 410, 93, 31, 774, 
0, 350, 618, 785, 593, 601, 37, 
0, 739, 481, 691, 322, 
0, 141, 626, 445, 244, 550, 220, 
0, 713, 301, 617, 568, 259, 559, 
0, 236, 755, 557, 377, 
0, 452, 629, 576, 472, 523, 156, 
0, 600, 185, 420, 504, 102, 697, 611, 
0, 501, 761, 92, 644, 429, 274, 
0, 103, 269, 320, 24, 91, 325, 
0, 675, 461, 268, 200, 4, 
0, 174, 695, 20, 652, 702, 247, 
0, 766, 690, 689, 661, 440, 291, 
0, 315, 204, 468, 78, 29, 138, 
0, 610, 380, 777, 311, 573, 467, 
0, 741, 528, 371, 137, 720, 333, 732, 
0, 143, 264, 562, 62, 413, 336, 
0, 132, 67, 632, 164, 254, 
0, 230, 556, 489, 435, 17, 177, 
0, 532, 584, 658, 214, 742, 84, 
0, 365, 577, 65, 219, 699, 597, 
0, 267, 184, 561, 201, 470, 18, 
0, 272, 224, 469, 685, 459, 729, 
0, 711, 628, 218, 9, 147, 
0, 490, 693, 779, 334, 114, 
0, 162, 698, 480, 736, 407, 760, 
0, 25, 441, 116, 782, 677, 770, 
0, 192, 419, 335, 560, 540, 
0, 613, 55, 615, 797, 125, 688, 
0, 316, 352, 519, 477, 506, 26, 178, 
0, 227, 541, 238, 670, 
0, 99, 513, 411, 69, 165, 
0, 391, 463, 299, 649, 638, 
0, 667, 195, 136, 251, 433, 
0, 442, 569, 455, 82, 96, 
0, 500, 90, 49, 331, 555, 347, 
0, 692, 790, 242, 743, 233, 39, 
0, 74, 621, 609, 645, 196, 683, 
0, 548, 474, 109, 794, 94, 
0, 494, 507, 447, 52, 46, 
0, 173, 27, 158, 104, 306, 
0, 747, 235, 217, 534, 167, 491, 
0, 508, 674, 161, 625, 792, 
0, 448, 793, 637, 382, 86, 771, 
0, 537, 416, 679, 608, 383, 
0, 464, 120, 694, 304, 566, 
0, 567, 351, 53, 673, 764, 
0, 189, 439, 775, 205, 119, 
0, 270, 401, 379, 400, 130, 642, 
0, 287, 636, 575, 499, 643, 
0, 434, 734, 588, 318, 
0, 457, 750, 716, 159, 527, 394, 
0, 731, 157, 583, 619, 660, 426, 
0, 207, 495, 648, 423, 237, 
0, 669, 210, 16, 190, 30, 
0, 357, 511, 290, 417, 726, 
0, 59, 651, 166, 498, 163, 
0, 121, 356, 704, 305, 554, 
0, 58, 153, 784, 605, 243, 547, 
0, 505, 657, 616, 795, 134, 740, 
0, 409, 303, 211, 581, 478, 405, 
0, 260, 517, 228, 640, 772, 437, 
0, 40, 634, 245, 124, 123, 
0, 509, 432, 45, 564, 50, 152, 
0, 483, 44, 33, 544, 745, 
0, 279, 179, 552, 454, 725, 
0, 117, 226, 570, 38, 271, 51, 
0, 176, 172, 36, 586, 
0, 276, 791, 706, 595, 
0, 751, 79, 47, 337, 131, 294, 
0, 727, 198, 596, 273, 733, 
0, 767, 296, 428, 515, 414, 712, 61, 
0, 599, 598, 654, 542, 456, 533, 
0, 215, 664, 546, 326, 565, 
0, 160, 252, 768, 525, 10, 42, 
0, 522, 324, 319, 353, 374, 341, 
0, 392, 108, 14, 263, 112, 
0, 362, 737, 518, 240, 687, 510, 
0, 239, 406, 140, 653, 684, 
0, 7, 403, 170, 171, 
0, 110, 730, 23, 231, 
0, 344, 193, 539, 558, 752, 789, 
0, 462, 486, 354, 665, 292, 
0, 607, 488, 98, 348, 154, 
0, 340, 451, 278, 366, 310, 80, 
0, 142, 145, 255, 249, 606, 514, 
0, 386, 759, 578, 458, 5, 604, 
0, 6, 314, 126, 516, 421, 798, 
0, 100, 756, 709, 8, 
0, 115, 493, 327, 19, 799, 484, 
0, 681, 208, 355, 465, 368, 715, 
0, 724, 369, 529, 360, 
0, 680, 206, 202, 73, 89, 309, 
0, 776, 77, 786, 427, 
0, 700, 339, 530, 223, 678, 466, 
0, 444, 122, 72, 308, 788, 787, 
0, 283, 265, 671, 630, 639, 
0, 266, 83, 479, 88, 721, 
0, 603, 183, 796, 364, 199, 
0, 404, 722, 591, 585, 773, 
0, 182, 35, 349, 76, 531, 
0, 146, 22, 11, 43, 705, 248, 
0, 41, 418, 422, 449, 297, 
0, 387, 300, 246, 579, 302, 471, 
0, 181, 503, 415, 623, 97, 631, 
0, 54, 106, 222, 250, 551, 
0, 430, 538, 781, 668, 473, 376, 
0, 656, 738, 650, 708, 438, 
0, 397, 497, 450, 485, 128, 282, 
0, 289, 64, 563, 342, 728, 754, 
0, 321, 87, 3, 284, 602, 187, 
0, 778, 286, 149, 614, 48, 524, 
0, 372, 281, 253, 402, 258, 332, 707, 
0, 168, 620, 63, 155, 105, 659, 
0, 762, 194, 13, 329, 635, 378, 
0, 769, 520, 431, 475, 12, 216, 
0, 241, 543, 384, 229, 710, 574, 
0, 753, 502, 492, 330, 633, 328, 
0, 765, 151, 536, 587, 361, 81, 313, 
0, 758, 612, 111, 298, 
0, 359, 34, 749, 682, 
0, 370, 672, 375, 213, 169, 
0, 288, 150, 646, 56, 338, 
0, 701, 780, 225, 107, 101, 317, 
0, 346, 655, 381, 323, 696, 345, 
0, 113, 746, 139, 487, 446, 
0, 262, 744, 28, 129, 594, 703, 
0, 197, 476, 275, 385, 95, 85, 
0, 582, 436, 424, 221, 15, 363, 
0, 723, 718, 70, 590, 
0, 256, 1, 622, 367, 234, 398, 
0, 627, 293, 144, 232, 148, 425, 
0, 388, 395, 191, 209, 2, 
0, 676, 757, 75, 571, 443, 
0, 212, 186, 663, 783, 800, 549, 
0, 127, 580, 312, 714, 188, 
0, 686, 412, 666, 
0, 763, 589, 393, 453, 343, 60, 
0, 66, 545, 482, 526, 719, 257, 
0, 261, 717, 135, 553, 496, 118, 
