Solution: 149 163150.540000 207850.540000

0, 519, 231, 692, 10, 545, 
0, 581, 226, 308, 450, 311, 211, 
0, 91, 747, 27, 496, 637, 
0, 452, 130, 57, 146, 494, 
0, 674, 406, 515, 504, 22, 596, 
0, 254, 458, 506, 95, 304, 
0, 358, 38, 679, 213, 11, 389, 
0, 176, 501, 409, 233, 713, 
0, 12, 534, 109, 617, 321, 
0, 490, 150, 652, 163, 568, 201, 
0, 672, 129, 485, 264, 689, 
0, 435, 623, 151, 619, 787, 
0, 183, 681, 792, 79, 793, 330, 
0, 353, 610, 577, 780, 346, 429, 
0, 388, 61, 88, 673, 597, 
0, 286, 59, 554, 399, 563, 
0, 263, 734, 314, 700, 566, 394, 
0, 759, 348, 774, 467, 728, 
0, 363, 727, 222, 97, 92, 376, 
0, 476, 75, 498, 451, 164, 592, 
0, 691, 266, 517, 618, 473, 101, 
0, 50, 410, 631, 312, 676, 
0, 416, 28, 135, 777, 377, 
0, 268, 180, 514, 302, 561, 
0, 710, 31, 740, 2, 
0, 547, 334, 483, 172, 511, 276, 
0, 177, 184, 440, 256, 661, 
0, 788, 638, 694, 589, 
0, 114, 178, 794, 340, 143, 
0, 551, 381, 247, 427, 17, 491, 
0, 53, 55, 678, 626, 156, 
0, 778, 267, 573, 407, 
0, 339, 745, 112, 219, 15, 
0, 647, 686, 474, 726, 401, 750, 
0, 278, 703, 660, 35, 99, 85, 
0, 595, 182, 196, 41, 543, 687, 
0, 772, 90, 405, 126, 157, 
0, 98, 375, 67, 33, 535, 
0, 799, 536, 329, 234, 138, 
0, 464, 437, 66, 309, 63, 722, 
0, 657, 758, 324, 556, 383, 
0, 546, 468, 5, 73, 301, 
0, 711, 530, 771, 560, 72, 
0, 223, 105, 583, 776, 800, 
0, 753, 423, 244, 442, 439, 39, 
0, 796, 737, 392, 81, 653, 137, 
0, 742, 646, 287, 49, 206, 712, 
0, 790, 356, 493, 587, 173, 357, 
0, 355, 165, 64, 582, 
0, 261, 510, 229, 532, 257, 
0, 709, 620, 295, 235, 
0, 228, 294, 544, 421, 338, 732, 
0, 387, 78, 601, 3, 614, 
0, 169, 141, 372, 773, 408, 698, 579, 
0, 281, 279, 622, 609, 791, 
0, 531, 453, 480, 441, 
0, 258, 1, 615, 505, 518, 
0, 529, 400, 255, 396, 253, 6, 
0, 690, 666, 270, 36, 288, 705, 
0, 443, 781, 197, 644, 152, 
0, 46, 96, 202, 111, 538, 
0, 262, 110, 207, 19, 65, 782, 
0, 725, 555, 265, 469, 131, 
0, 122, 8, 509, 83, 344, 280, 
0, 591, 616, 715, 84, 162, 
0, 368, 656, 209, 290, 
0, 738, 542, 502, 124, 422, 273, 
0, 161, 373, 37, 576, 650, 116, 
0, 133, 475, 447, 598, 669, 250, 
0, 603, 47, 769, 123, 168, 520, 
0, 349, 191, 553, 195, 463, 
0, 431, 325, 160, 68, 526, 472, 
0, 384, 296, 16, 188, 25, 
0, 326, 446, 142, 282, 550, 351, 
0, 94, 749, 71, 625, 24, 
0, 317, 486, 249, 723, 32, 193, 
0, 426, 724, 580, 743, 784, 
0, 761, 516, 481, 639, 369, 345, 
0, 371, 448, 557, 323, 347, 175, 
0, 499, 289, 208, 521, 704, 140, 259, 
0, 668, 604, 655, 77, 764, 336, 
0, 374, 461, 13, 562, 417, 
0, 136, 170, 343, 735, 628, 333, 
0, 752, 391, 189, 795, 685, 605, 
0, 221, 70, 7, 102, 310, 
0, 232, 198, 283, 731, 783, 76, 
0, 238, 403, 559, 633, 
0, 227, 385, 30, 662, 185, 688, 
0, 763, 456, 359, 599, 658, 
0, 621, 291, 627, 26, 766, 
0, 744, 500, 584, 454, 225, 
0, 205, 300, 149, 82, 179, 484, 
0, 393, 134, 404, 671, 
0, 269, 203, 379, 230, 119, 635, 
0, 512, 174, 549, 58, 120, 
0, 115, 144, 34, 503, 93, 602, 
0, 785, 586, 552, 89, 640, 127, 
0, 167, 432, 567, 335, 
0, 594, 303, 438, 455, 548, 
0, 86, 397, 460, 44, 748, 215, 
0, 9, 362, 284, 277, 364, 171, 
0, 315, 199, 20, 667, 380, 320, 
0, 100, 717, 525, 664, 459, 
0, 497, 414, 590, 716, 200, 
0, 739, 342, 322, 69, 634, 307, 
0, 158, 470, 274, 245, 
0, 767, 645, 216, 612, 786, 
0, 298, 54, 23, 242, 466, 272, 
0, 757, 718, 445, 479, 117, 419, 
0, 62, 751, 477, 251, 
0, 537, 508, 523, 588, 630, 719, 
0, 488, 378, 677, 365, 236, 434, 
0, 395, 332, 487, 14, 798, 402, 
0, 651, 56, 118, 186, 444, 
0, 770, 367, 665, 313, 
0, 714, 629, 42, 246, 721, 
0, 192, 482, 87, 611, 352, 145, 
0, 271, 220, 462, 641, 
0, 360, 237, 212, 522, 424, 
0, 210, 654, 128, 331, 
0, 430, 593, 768, 370, 420, 695, 
0, 382, 570, 248, 564, 632, 585, 
0, 730, 572, 683, 194, 4, 
0, 316, 125, 558, 
0, 285, 60, 139, 607, 214, 
0, 495, 319, 181, 528, 159, 306, 
0, 449, 754, 40, 104, 533, 292, 
0, 361, 569, 513, 675, 507, 663, 
0, 670, 204, 701, 366, 
0, 239, 729, 252, 600, 132, 797, 
0, 697, 489, 21, 411, 147, 
0, 433, 648, 613, 29, 540, 
0, 190, 412, 541, 327, 720, 350, 
0, 121, 45, 148, 659, 755, 
0, 51, 413, 415, 305, 341, 
0, 218, 465, 682, 565, 436, 48, 
0, 398, 708, 775, 696, 240, 478, 
0, 699, 760, 297, 789, 733, 113, 
0, 527, 390, 575, 217, 649, 
0, 492, 293, 741, 154, 103, 
0, 524, 328, 756, 746, 52, 762, 
0, 187, 471, 425, 706, 736, 
0, 354, 702, 318, 571, 636, 299, 74, 
0, 106, 224, 155, 43, 693, 260, 
0, 680, 386, 243, 241, 153, 
0, 574, 428, 418, 642, 107, 
0, 275, 606, 608, 779, 624, 
0, 108, 684, 18, 643, 337, 80, 
0, 166, 457, 539, 707, 578, 765, 
