Solution: 147 161114.254000 205214.254000

0, 327, 740, 309, 501, 392, 166, 502, 
0, 312, 680, 477, 251, 696, 
0, 735, 467, 40, 677, 313, 
0, 706, 480, 20, 786, 
0, 338, 184, 132, 189, 456, 508, 
0, 219, 491, 279, 202, 411, 
0, 110, 644, 759, 747, 800, 544, 
0, 178, 738, 691, 87, 793, 317, 
0, 757, 794, 238, 61, 437, 729, 
0, 267, 713, 149, 573, 458, 515, 
0, 772, 493, 393, 619, 391, 329, 
0, 265, 609, 610, 199, 
0, 258, 384, 25, 709, 639, 235, 
0, 598, 575, 507, 533, 422, 601, 
0, 787, 379, 398, 494, 331, 
0, 618, 678, 369, 92, 161, 
0, 175, 512, 474, 642, 167, 37, 
0, 428, 556, 252, 465, 376, 
0, 242, 475, 614, 220, 
0, 659, 754, 520, 143, 407, 246, 
0, 215, 540, 469, 640, 239, 
0, 527, 386, 211, 90, 26, 
0, 115, 522, 354, 294, 550, 
0, 100, 257, 236, 385, 46, 241, 
0, 720, 712, 67, 588, 
0, 450, 63, 94, 683, 446, 724, 
0, 441, 742, 711, 152, 107, 
0, 304, 547, 324, 212, 628, 321, 
0, 387, 702, 594, 221, 140, 
0, 487, 534, 47, 665, 158, 758, 
0, 34, 629, 42, 325, 649, 
0, 228, 147, 651, 383, 163, 670, 
0, 370, 752, 455, 259, 44, 715, 
0, 421, 725, 524, 198, 126, 
0, 429, 688, 318, 775, 562, 
0, 623, 282, 217, 148, 521, 403, 
0, 434, 427, 438, 513, 78, 
0, 102, 660, 195, 118, 
0, 684, 196, 389, 656, 80, 
0, 334, 433, 297, 273, 266, 630, 
0, 676, 191, 605, 2, 617, 681, 
0, 546, 322, 414, 549, 483, 113, 
0, 721, 776, 137, 780, 425, 
0, 59, 96, 716, 66, 155, 
0, 341, 452, 292, 578, 335, 565, 
0, 687, 634, 764, 285, 248, 120, 
0, 552, 368, 234, 14, 506, 171, 
0, 250, 689, 16, 571, 593, 700, 
0, 353, 288, 576, 320, 581, 457, 
0, 135, 230, 519, 674, 367, 653, 
0, 53, 396, 620, 231, 
0, 664, 762, 310, 111, 531, 283, 
0, 514, 420, 112, 377, 350, 
0, 275, 88, 62, 499, 695, 597, 
0, 291, 461, 343, 357, 704, 416, 
0, 641, 599, 35, 679, 
0, 183, 395, 539, 209, 486, 
0, 449, 197, 200, 592, 172, 710, 
0, 526, 306, 305, 127, 79, 263, 
0, 468, 719, 589, 779, 336, 173, 
0, 489, 693, 328, 286, 625, 
0, 254, 431, 145, 82, 187, 717, 
0, 755, 255, 577, 295, 602, 
0, 293, 418, 11, 323, 179, 
0, 470, 463, 83, 551, 340, 
0, 613, 117, 68, 582, 732, 33, 
0, 380, 484, 430, 445, 646, 270, 
0, 260, 760, 608, 364, 81, 767, 
0, 216, 106, 542, 130, 643, 237, 
0, 763, 332, 73, 637, 226, 347, 301, 
0, 54, 645, 289, 405, 682, 
0, 500, 333, 611, 791, 736, 
0, 413, 730, 586, 744, 50, 
0, 213, 448, 537, 121, 638, 
0, 495, 169, 621, 460, 134, 
0, 38, 415, 119, 156, 13, 348, 
0, 168, 781, 399, 390, 626, 
0, 419, 580, 315, 114, 151, 648, 
0, 188, 264, 233, 
0, 774, 274, 632, 41, 541, 229, 
0, 204, 654, 131, 473, 707, 585, 
0, 361, 31, 561, 636, 768, 
0, 479, 366, 497, 440, 545, 208, 
0, 699, 24, 560, 655, 
0, 722, 397, 783, 669, 
0, 303, 128, 225, 584, 
0, 731, 624, 12, 579, 400, 154, 
0, 227, 64, 60, 615, 727, 339, 
0, 342, 749, 27, 345, 523, 382, 
0, 123, 284, 210, 690, 296, 
0, 349, 574, 142, 572, 299, 517, 
0, 256, 177, 788, 536, 439, 326, 
0, 743, 557, 268, 75, 548, 
0, 442, 733, 792, 84, 503, 57, 
0, 737, 481, 218, 244, 718, 
0, 657, 186, 741, 
0, 734, 409, 504, 371, 
0, 253, 662, 698, 567, 635, 591, 
0, 302, 5, 39, 558, 43, 146, 
0, 739, 224, 206, 748, 661, 
0, 796, 276, 51, 77, 99, 606, 
0, 745, 492, 590, 789, 363, 
0, 97, 705, 373, 7, 
0, 8, 116, 532, 553, 555, 15, 
0, 1, 686, 351, 498, 223, 381, 
0, 482, 58, 509, 471, 365, 554, 
0, 56, 85, 287, 633, 
0, 761, 388, 190, 182, 346, 
0, 174, 192, 272, 280, 472, 782, 600, 
0, 181, 109, 595, 262, 271, 
0, 790, 663, 466, 203, 723, 
0, 451, 569, 71, 93, 627, 356, 
0, 647, 675, 141, 785, 222, 261, 
0, 52, 28, 245, 240, 603, 797, 
0, 277, 505, 316, 529, 378, 476, 
0, 133, 76, 330, 19, 122, 91, 
0, 417, 311, 159, 72, 525, 464, 
0, 436, 746, 406, 95, 358, 
0, 528, 352, 672, 604, 685, 
0, 587, 214, 426, 298, 435, 170, 
0, 708, 290, 612, 564, 401, 
0, 650, 447, 766, 488, 207, 570, 
0, 160, 616, 29, 538, 193, 
0, 770, 70, 412, 404, 703, 
0, 652, 319, 478, 10, 798, 205, 
0, 375, 74, 108, 444, 3, 
0, 543, 459, 666, 36, 103, 443, 
0, 355, 125, 243, 518, 30, 105, 
0, 756, 490, 454, 402, 45, 751, 
0, 150, 694, 201, 17, 65, 728, 
0, 157, 596, 566, 281, 
0, 6, 424, 162, 308, 55, 765, 
0, 164, 485, 511, 462, 496, 22, 753, 
0, 668, 4, 69, 104, 
0, 165, 667, 185, 697, 583, 769, 
0, 607, 49, 777, 795, 692, 
0, 337, 750, 510, 563, 
0, 394, 372, 23, 101, 98, 307, 
0, 138, 18, 9, 153, 278, 374, 
0, 48, 269, 771, 194, 247, 535, 
0, 516, 344, 701, 129, 359, 631, 726, 
0, 124, 32, 622, 232, 423, 86, 
0, 362, 673, 568, 410, 671, 453, 
0, 136, 432, 559, 314, 21, 139, 
0, 408, 530, 778, 658, 784, 
0, 249, 799, 89, 714, 180, 176, 
0, 144, 360, 773, 300, 
