Solution: 148 162320.816000 206720.816000

0, 647, 110, 66, 309, 63, 722, 
0, 51, 410, 665, 377, 545, 
0, 767, 142, 78, 282, 550, 351, 
0, 368, 731, 207, 577, 172, 
0, 711, 367, 189, 685, 624, 
0, 278, 703, 660, 35, 99, 85, 
0, 694, 589, 559, 633, 
0, 730, 423, 498, 451, 164, 663, 
0, 298, 54, 513, 242, 675, 507, 
0, 190, 412, 541, 327, 612, 116, 
0, 169, 285, 573, 496, 637, 566, 
0, 796, 570, 248, 89, 640, 127, 
0, 788, 183, 681, 338, 26, 732, 
0, 725, 622, 279, 32, 288, 193, 
0, 262, 296, 381, 511, 276, 
0, 433, 648, 390, 576, 217, 786, 
0, 449, 794, 340, 104, 533, 292, 
0, 430, 593, 768, 370, 420, 695, 
0, 100, 717, 21, 411, 49, 712, 
0, 398, 184, 677, 365, 236, 434, 
0, 464, 437, 283, 19, 65, 782, 
0, 651, 456, 763, 359, 157, 337, 201, 
0, 690, 13, 20, 562, 260, 113, 
0, 382, 749, 255, 396, 535, 438, 
0, 197, 465, 202, 33, 101, 310, 
0, 50, 727, 222, 312, 676, 605, 
0, 674, 406, 515, 504, 22, 596, 
0, 581, 226, 362, 308, 284, 277, 
0, 552, 745, 392, 421, 548, 24, 
0, 657, 758, 324, 143, 311, 
0, 595, 404, 608, 795, 2, 
0, 232, 198, 356, 493, 783, 429, 
0, 223, 457, 539, 707, 568, 
0, 531, 453, 480, 408, 330, 
0, 759, 348, 67, 233, 
0, 384, 334, 247, 427, 17, 491, 
0, 326, 471, 30, 662, 185, 336, 
0, 790, 656, 209, 290, 
0, 192, 482, 87, 611, 352, 145, 
0, 742, 646, 287, 147, 619, 787, 
0, 586, 400, 112, 15, 538, 649, 
0, 757, 182, 196, 415, 313, 
0, 374, 666, 461, 270, 36, 693, 
0, 105, 708, 583, 52, 762, 
0, 339, 501, 409, 7, 102, 653, 
0, 606, 372, 769, 777, 441, 
0, 315, 199, 447, 598, 11, 307, 
0, 228, 294, 792, 79, 81, 793, 389, 
0, 115, 144, 440, 256, 661, 
0, 205, 300, 149, 95, 179, 484, 
0, 94, 213, 679, 38, 380, 705, 
0, 519, 90, 64, 582, 
0, 551, 483, 208, 82, 704, 521, 259, 
0, 537, 508, 405, 126, 
0, 261, 799, 329, 659, 304, 
0, 488, 378, 442, 44, 240, 748, 
0, 393, 718, 57, 146, 494, 152, 
0, 56, 395, 371, 118, 186, 
0, 761, 448, 364, 323, 450, 171, 
0, 187, 385, 373, 216, 720, 350, 
0, 476, 86, 397, 775, 347, 175, 
0, 572, 332, 487, 14, 798, 478, 
0, 549, 174, 774, 467, 784, 
0, 271, 220, 590, 781, 
0, 275, 555, 517, 618, 728, 
0, 268, 180, 485, 264, 716, 688, 
0, 699, 789, 760, 733, 235, 272, 
0, 62, 542, 502, 124, 422, 273, 
0, 638, 785, 34, 503, 341, 
0, 258, 1, 615, 505, 518, 
0, 547, 289, 16, 188, 25, 
0, 349, 129, 553, 195, 463, 
0, 281, 475, 71, 625, 137, 
0, 431, 325, 160, 509, 68, 472, 
0, 136, 170, 343, 525, 206, 459, 
0, 387, 724, 514, 561, 
0, 158, 470, 274, 701, 366, 
0, 739, 342, 322, 69, 241, 634, 250, 
0, 529, 303, 219, 455, 6, 
0, 31, 710, 
0, 770, 569, 60, 607, 4, 
0, 499, 751, 477, 251, 140, 
0, 426, 191, 321, 617, 
0, 497, 604, 375, 682, 689, 
0, 243, 297, 122, 295, 526, 280, 
0, 121, 45, 181, 528, 159, 306, 
0, 166, 684, 18, 643, 194, 635, 
0, 574, 428, 418, 642, 107, 
0, 269, 139, 683, 123, 168, 402, 
0, 388, 61, 88, 673, 597, 
0, 355, 413, 416, 407, 
0, 106, 224, 609, 791, 43, 669, 
0, 108, 432, 567, 588, 630, 719, 
0, 558, 59, 554, 399, 563, 
0, 286, 510, 229, 532, 138, 
0, 452, 130, 741, 154, 257, 
0, 53, 414, 462, 641, 
0, 435, 500, 584, 723, 301, 
0, 353, 610, 780, 587, 173, 76, 
0, 738, 125, 238, 671, 
0, 218, 446, 601, 3, 614, 
0, 697, 489, 265, 713, 
0, 167, 203, 379, 230, 696, 
0, 360, 237, 212, 522, 424, 
0, 753, 75, 460, 369, 466, 376, 
0, 317, 486, 249, 83, 344, 120, 
0, 527, 148, 575, 650, 755, 
0, 512, 623, 151, 58, 225, 
0, 165, 772, 523, 335, 444, 
0, 744, 754, 40, 556, 383, 
0, 46, 70, 644, 111, 253, 
0, 778, 267, 779, 305, 599, 658, 
0, 443, 672, 565, 302, 436, 
0, 714, 629, 42, 246, 721, 
0, 141, 530, 579, 93, 602, 
0, 114, 178, 735, 628, 664, 333, 
0, 492, 293, 627, 103, 766, 
0, 133, 266, 691, 564, 632, 585, 
0, 546, 468, 454, 5, 73, 
0, 621, 291, 134, 234, 419, 
0, 524, 328, 756, 746, 578, 765, 
0, 358, 8, 667, 155, 417, 
0, 361, 729, 252, 153, 698, 
0, 91, 231, 692, 10, 
0, 495, 536, 445, 479, 117, 
0, 668, 98, 655, 77, 764, 
0, 603, 47, 773, 771, 
0, 490, 150, 652, 776, 800, 345, 
0, 221, 176, 55, 678, 626, 156, 
0, 210, 654, 544, 560, 72, 
0, 591, 616, 245, 84, 162, 
0, 403, 740, 747, 27, 394, 
0, 254, 458, 506, 346, 715, 
0, 354, 702, 318, 571, 636, 299, 74, 
0, 594, 96, 473, 469, 131, 
0, 9, 557, 163, 119, 
0, 161, 645, 37, 425, 706, 736, 
0, 709, 620, 244, 439, 39, 215, 
0, 316, 686, 474, 726, 401, 750, 
0, 680, 28, 135, 600, 132, 797, 
0, 239, 737, 128, 331, 
0, 227, 319, 613, 29, 540, 200, 
0, 177, 516, 481, 639, 211, 80, 
0, 263, 734, 314, 700, 214, 687, 592, 
0, 670, 204, 357, 
0, 12, 109, 534, 580, 743, 48, 
0, 363, 386, 23, 97, 92, 320, 
0, 752, 391, 631, 543, 41, 520, 
