Solution: 147 162434.930000 206534.930000

0, 136, 253, 662, 698, 21, 139, 
0, 552, 368, 234, 14, 506, 171, 
0, 657, 186, 741, 584, 
0, 327, 332, 309, 73, 226, 317, 
0, 436, 746, 542, 318, 
0, 766, 447, 11, 571, 593, 700, 
0, 451, 556, 408, 465, 591, 
0, 342, 749, 255, 781, 295, 382, 
0, 312, 431, 145, 187, 633, 724, 
0, 258, 384, 142, 572, 299, 229, 
0, 183, 60, 315, 615, 151, 
0, 197, 200, 469, 89, 578, 
0, 133, 622, 232, 426, 298, 205, 
0, 399, 290, 612, 674, 715, 677, 
0, 607, 49, 777, 775, 562, 
0, 54, 645, 289, 114, 682, 
0, 770, 70, 412, 340, 551, 717, 
0, 745, 492, 590, 437, 363, 
0, 659, 322, 305, 581, 127, 263, 
0, 260, 760, 608, 364, 81, 767, 
0, 676, 102, 660, 251, 696, 15, 
0, 254, 463, 518, 30, 105, 
0, 516, 344, 373, 7, 
0, 256, 177, 4, 104, 627, 356, 
0, 790, 663, 511, 462, 496, 22, 
0, 303, 618, 369, 92, 161, 
0, 213, 667, 537, 697, 583, 769, 
0, 370, 752, 243, 247, 194, 535, 
0, 216, 738, 691, 130, 643, 237, 
0, 479, 366, 497, 45, 751, 416, 
0, 150, 117, 201, 17, 65, 728, 
0, 687, 785, 230, 222, 392, 166, 797, 
0, 219, 452, 24, 748, 661, 
0, 678, 188, 264, 233, 
0, 214, 433, 350, 273, 266, 630, 
0, 48, 74, 195, 118, 348, 
0, 734, 461, 228, 383, 163, 517, 
0, 267, 713, 149, 666, 458, 515, 
0, 123, 64, 152, 107, 
0, 135, 733, 240, 425, 
0, 165, 689, 16, 323, 179, 
0, 481, 147, 424, 162, 704, 37, 
0, 598, 125, 385, 46, 444, 329, 
0, 362, 673, 455, 153, 278, 248, 
0, 277, 505, 217, 529, 378, 476, 
0, 543, 459, 103, 36, 321, 
0, 349, 574, 62, 207, 695, 597, 
0, 482, 58, 509, 365, 554, 
0, 495, 169, 611, 367, 585, 
0, 76, 1, 438, 513, 498, 
0, 721, 274, 632, 488, 639, 235, 
0, 755, 379, 398, 199, 
0, 417, 39, 504, 72, 43, 464, 
0, 174, 353, 203, 280, 
0, 8, 184, 71, 569, 563, 
0, 774, 352, 182, 620, 231, 
0, 6, 589, 747, 800, 544, 
0, 708, 764, 634, 519, 401, 
0, 164, 694, 68, 582, 472, 753, 
0, 227, 575, 507, 422, 3, 601, 
0, 249, 799, 316, 221, 140, 
0, 380, 484, 430, 445, 646, 270, 
0, 449, 192, 272, 466, 732, 172, 710, 
0, 420, 587, 297, 377, 435, 170, 
0, 338, 191, 69, 391, 648, 
0, 739, 224, 206, 148, 521, 403, 
0, 421, 573, 789, 443, 78, 
0, 652, 343, 357, 454, 402, 471, 
0, 470, 605, 83, 79, 
0, 731, 624, 12, 579, 637, 
0, 334, 686, 310, 351, 223, 381, 
0, 52, 776, 672, 604, 120, 685, 
0, 450, 63, 94, 683, 446, 508, 
0, 526, 306, 580, 210, 690, 296, 
0, 106, 654, 131, 501, 87, 376, 
0, 242, 475, 614, 220, 
0, 491, 279, 202, 640, 714, 246, 143, 
0, 489, 397, 783, 405, 703, 
0, 722, 595, 262, 271, 
0, 311, 409, 91, 558, 374, 
0, 528, 442, 473, 707, 347, 301, 
0, 720, 712, 67, 588, 155, 631, 726, 
0, 204, 257, 236, 567, 635, 57, 
0, 699, 292, 485, 592, 600, 33, 
0, 796, 276, 51, 77, 99, 606, 
0, 429, 688, 792, 84, 793, 503, 
0, 641, 763, 95, 406, 358, 548, 
0, 115, 522, 354, 294, 550, 
0, 144, 360, 773, 300, 
0, 706, 725, 20, 126, 736, 
0, 623, 282, 35, 692, 331, 
0, 487, 534, 47, 665, 158, 758, 
0, 743, 557, 480, 791, 400, 154, 
0, 157, 596, 560, 655, 566, 
0, 265, 5, 159, 259, 371, 44, 
0, 341, 613, 782, 335, 723, 565, 
0, 419, 395, 539, 209, 727, 339, 
0, 250, 577, 390, 602, 
0, 668, 730, 116, 532, 586, 
0, 328, 493, 393, 619, 93, 653, 
0, 160, 616, 29, 538, 193, 
0, 441, 284, 742, 711, 768, 
0, 468, 719, 112, 779, 336, 173, 
0, 644, 759, 651, 308, 55, 765, 
0, 215, 288, 576, 320, 407, 457, 
0, 527, 386, 211, 90, 26, 
0, 168, 275, 88, 541, 41, 499, 670, 
0, 291, 372, 23, 101, 98, 307, 
0, 756, 512, 474, 642, 167, 261, 
0, 181, 109, 82, 2, 617, 681, 
0, 428, 693, 788, 536, 439, 326, 
0, 225, 387, 702, 594, 281, 
0, 128, 540, 520, 239, 180, 176, 
0, 337, 750, 510, 658, 784, 
0, 268, 530, 778, 786, 
0, 355, 269, 771, 156, 486, 
0, 514, 448, 218, 121, 638, 
0, 413, 555, 189, 744, 50, 
0, 178, 780, 490, 244, 718, 
0, 38, 415, 119, 108, 13, 241, 
0, 394, 28, 137, 141, 603, 502, 
0, 34, 629, 42, 325, 649, 
0, 664, 762, 423, 440, 545, 208, 
0, 100, 40, 432, 559, 314, 
0, 97, 705, 27, 345, 523, 
0, 361, 31, 561, 636, 411, 
0, 434, 238, 794, 212, 671, 453, 
0, 647, 675, 245, 346, 
0, 175, 32, 124, 285, 525, 146, 
0, 302, 500, 524, 729, 324, 628, 
0, 546, 754, 414, 549, 483, 113, 
0, 684, 196, 389, 656, 
0, 56, 85, 287, 669, 404, 
0, 304, 330, 111, 19, 531, 283, 
0, 427, 757, 547, 61, 122, 
0, 761, 609, 610, 795, 626, 
0, 53, 396, 494, 679, 
0, 110, 478, 319, 10, 798, 86, 
0, 375, 680, 477, 132, 456, 553, 
0, 772, 621, 252, 460, 134, 
0, 737, 96, 701, 66, 716, 
0, 735, 467, 75, 286, 625, 533, 
0, 787, 599, 190, 388, 80, 
0, 740, 333, 568, 410, 198, 
0, 293, 418, 185, 129, 359, 
0, 138, 18, 9, 564, 313, 
0, 650, 59, 25, 709, 570, 
