Solution: 150 161765.548000 206765.548000

0, 681, 137, 238, 739, 229, 379, 
0, 443, 14, 458, 647, 134, 
0, 254, 740, 20, 117, 590, 697, 
0, 204, 181, 645, 780, 662, 
0, 737, 138, 195, 396, 118, 
0, 252, 799, 325, 534, 768, 
0, 745, 680, 40, 381, 555, 
0, 394, 493, 445, 481, 116, 273, 
0, 539, 511, 367, 125, 
0, 756, 759, 42, 17, 535, 287, 
0, 531, 401, 420, 215, 4, 334, 
0, 220, 198, 236, 683, 2, 
0, 716, 28, 121, 290, 8, 317, 
0, 676, 199, 406, 649, 354, 82, 
0, 552, 755, 658, 391, 487, 
0, 704, 765, 295, 567, 562, 244, 
0, 162, 68, 429, 346, 714, 
0, 54, 77, 465, 13, 767, 109, 
0, 546, 469, 3, 95, 222, 
0, 577, 288, 128, 637, 674, 
0, 383, 327, 430, 575, 629, 297, 466, 
0, 504, 171, 427, 36, 699, 712, 
0, 38, 749, 111, 158, 91, 115, 
0, 247, 607, 85, 227, 
0, 332, 742, 393, 70, 156, 
0, 461, 105, 69, 570, 439, 786, 
0, 529, 579, 390, 642, 422, 207, 
0, 758, 425, 485, 16, 548, 212, 
0, 382, 753, 71, 620, 
0, 491, 56, 122, 235, 211, 
0, 363, 410, 665, 311, 
0, 5, 561, 389, 320, 309, 
0, 656, 763, 441, 239, 41, 144, 
0, 735, 477, 210, 694, 
0, 322, 384, 523, 26, 663, 726, 
0, 166, 776, 698, 302, 285, 
0, 62, 543, 479, 630, 245, 
0, 180, 337, 319, 233, 409, 169, 797, 
0, 762, 286, 132, 228, 136, 
0, 553, 764, 87, 424, 371, 
0, 646, 576, 488, 11, 402, 264, 
0, 792, 655, 476, 473, 483, 754, 
0, 522, 88, 405, 64, 713, 
0, 717, 709, 65, 6, 
0, 100, 634, 760, 164, 701, 432, 
0, 355, 221, 338, 664, 31, 463, 
0, 436, 412, 324, 612, 725, 344, 
0, 29, 743, 585, 
0, 253, 293, 580, 124, 266, 139, 
0, 374, 413, 416, 615, 601, 
0, 106, 191, 12, 331, 624, 724, 
0, 315, 351, 494, 589, 597, 30, 
0, 457, 79, 43, 310, 677, 33, 
0, 403, 563, 353, 246, 234, 653, 
0, 399, 223, 678, 364, 339, 283, 
0, 496, 708, 502, 711, 186, 176, 
0, 733, 471, 326, 798, 165, 237, 
0, 159, 670, 462, 365, 
0, 131, 256, 654, 569, 627, 
0, 640, 732, 249, 358, 
0, 190, 519, 617, 475, 308, 
0, 499, 284, 205, 551, 492, 103, 
0, 772, 501, 557, 470, 368, 736, 
0, 757, 392, 625, 407, 
0, 226, 440, 206, 370, 731, 783, 706, 
0, 644, 57, 372, 444, 291, 
0, 49, 272, 771, 197, 104, 
0, 343, 729, 108, 536, 318, 15, 
0, 482, 614, 593, 722, 748, 163, 
0, 566, 349, 58, 147, 495, 787, 
0, 489, 506, 46, 454, 
0, 661, 616, 518, 301, 565, 51, 
0, 588, 486, 544, 632, 242, 
0, 34, 44, 240, 251, 330, 738, 
0, 52, 219, 18, 93, 89, 112, 
0, 261, 299, 435, 636, 184, 
0, 710, 619, 574, 521, 788, 
0, 505, 193, 86, 675, 456, 516, 
0, 152, 96, 411, 720, 
0, 747, 500, 153, 791, 83, 
0, 216, 446, 604, 1, 613, 672, 
0, 696, 19, 90, 648, 
0, 9, 189, 127, 556, 746, 554, 
0, 668, 94, 652, 784, 275, 
0, 611, 203, 734, 514, 268, 
0, 188, 639, 542, 213, 214, 
0, 388, 92, 175, 679, 347, 146, 
0, 692, 10, 610, 602, 415, 512, 
0, 376, 666, 113, 45, 528, 
0, 174, 641, 277, 66, 63, 450, 
0, 130, 25, 133, 781, 380, 
0, 773, 366, 693, 304, 572, 
0, 350, 751, 702, 24, 
0, 168, 660, 540, 22, 573, 
0, 730, 271, 559, 578, 669, 
0, 497, 414, 333, 292, 
0, 208, 685, 126, 510, 513, 55, 
0, 766, 74, 498, 464, 419, 480, 
0, 434, 321, 161, 560, 418, 
0, 170, 142, 532, 584, 564, 
0, 274, 603, 778, 651, 468, 
0, 789, 631, 700, 591, 
0, 185, 123, 515, 549, 21, 
0, 386, 460, 276, 633, 626, 182, 
0, 340, 448, 306, 278, 270, 172, 
0, 723, 148, 621, 81, 23, 770, 
0, 281, 60, 558, 341, 400, 568, 
0, 102, 282, 657, 417, 194, 
0, 718, 775, 526, 201, 
0, 357, 27, 628, 428, 
0, 140, 667, 484, 703, 359, 313, 
0, 218, 467, 687, 32, 537, 
0, 250, 452, 520, 508, 230, 437, 
0, 455, 744, 707, 157, 98, 
0, 296, 84, 398, 582, 769, 
0, 345, 375, 37, 541, 741, 196, 
0, 596, 179, 673, 618, 248, 
0, 187, 141, 592, 695, 690, 
0, 279, 362, 61, 705, 689, 594, 
0, 490, 150, 442, 352, 369, 232, 752, 
0, 298, 200, 67, 307, 727, 
0, 107, 385, 312, 356, 525, 571, 241, 
0, 598, 39, 348, 387, 262, 
0, 263, 217, 76, 97, 408, 
0, 257, 433, 635, 294, 423, 
0, 259, 177, 790, 110, 360, 
0, 517, 173, 587, 361, 719, 
0, 721, 265, 638, 155, 
0, 478, 715, 101, 779, 342, 623, 
0, 269, 154, 688, 581, 785, 431, 
0, 225, 289, 793, 75, 78, 794, 599, 
0, 796, 280, 404, 605, 336, 
0, 167, 202, 149, 80, 474, 
0, 53, 73, 183, 329, 453, 530, 
0, 255, 509, 527, 728, 328, 622, 
0, 761, 671, 682, 378, 691, 
0, 114, 258, 145, 782, 
0, 438, 659, 35, 59, 377, 
0, 314, 260, 447, 600, 7, 323, 
0, 545, 586, 750, 800, 547, 
0, 459, 472, 267, 
0, 129, 72, 135, 643, 143, 209, 
0, 120, 538, 48, 684, 160, 305, 
0, 650, 192, 231, 583, 
0, 608, 373, 609, 503, 686, 606, 
0, 224, 316, 178, 151, 524, 421, 
0, 595, 303, 99, 397, 47, 
0, 533, 50, 777, 774, 
0, 449, 243, 550, 451, 300, 
0, 507, 426, 795, 335, 119, 395, 
