Solution: 147 160721.498000 204821.498000

0, 288, 335, 562, 62, 631, 154, 
0, 656, 738, 249, 414, 515, 514, 
0, 189, 439, 87, 3, 196, 733, 
0, 739, 759, 253, 402, 5, 604, 
0, 741, 528, 371, 137, 378, 635, 
0, 192, 658, 583, 584, 742, 84, 
0, 289, 64, 104, 478, 405, 715, 
0, 272, 108, 14, 786, 123, 
0, 462, 203, 352, 213, 
0, 236, 755, 546, 377, 
0, 197, 486, 354, 306, 665, 
0, 747, 235, 217, 640, 772, 
0, 753, 502, 794, 454, 725, 
0, 142, 242, 743, 790, 233, 
0, 372, 598, 775, 205, 651, 336, 
0, 713, 126, 76, 50, 531, 
0, 548, 474, 109, 82, 96, 
0, 758, 202, 181, 298, 458, 
0, 121, 356, 704, 305, 554, 
0, 500, 419, 469, 685, 459, 729, 
0, 508, 629, 576, 472, 792, 
0, 776, 77, 623, 97, 348, 373, 
0, 457, 750, 716, 164, 114, 
0, 409, 27, 158, 92, 581, 
0, 173, 375, 519, 477, 506, 26, 178, 
0, 603, 339, 492, 330, 633, 328, 
0, 404, 722, 591, 782, 343, 216, 
0, 117, 226, 570, 678, 271, 
0, 283, 607, 23, 726, 
0, 505, 657, 264, 560, 540, 
0, 113, 746, 139, 487, 446, 
0, 115, 650, 353, 374, 237, 710, 
0, 174, 461, 543, 702, 574, 
0, 535, 406, 529, 360, 125, 39, 
0, 662, 460, 358, 165, 547, 
0, 212, 186, 431, 708, 399, 
0, 227, 545, 489, 553, 496, 118, 
0, 724, 369, 701, 311, 605, 
0, 749, 418, 420, 504, 338, 
0, 66, 717, 135, 429, 274, 
0, 129, 695, 20, 652, 200, 642, 
0, 483, 381, 33, 544, 214, 
0, 763, 589, 278, 393, 366, 453, 
0, 230, 444, 698, 788, 437, 
0, 160, 252, 322, 9, 641, 307, 
0, 612, 488, 98, 111, 309, 
0, 261, 211, 285, 21, 71, 787, 
0, 295, 748, 396, 428, 334, 
0, 54, 281, 634, 649, 638, 
0, 132, 541, 534, 167, 696, 345, 
0, 141, 766, 626, 19, 550, 220, 
0, 556, 303, 482, 644, 719, 526, 257, 
0, 751, 624, 521, 795, 134, 740, 
0, 357, 511, 290, 616, 38, 466, 
0, 365, 780, 225, 107, 101, 688, 
0, 279, 179, 552, 223, 364, 
0, 270, 451, 507, 423, 484, 
0, 59, 63, 427, 155, 764, 
0, 448, 78, 578, 551, 29, 138, 
0, 494, 1, 622, 234, 440, 294, 
0, 497, 67, 632, 93, 31, 774, 
0, 206, 224, 90, 263, 621, 683, 
0, 7, 25, 268, 585, 773, 
0, 577, 65, 149, 614, 699, 597, 
0, 762, 784, 422, 449, 297, 
0, 127, 580, 312, 499, 643, 572, 
0, 537, 416, 679, 608, 383, 
0, 522, 324, 384, 229, 783, 800, 
0, 723, 718, 70, 590, 
0, 397, 731, 450, 485, 128, 282, 
0, 116, 441, 403, 319, 60, 770, 
0, 260, 517, 228, 159, 254, 
0, 667, 195, 136, 251, 292, 
0, 669, 210, 16, 190, 30, 
0, 150, 255, 389, 133, 175, 4, 
0, 692, 768, 301, 525, 10, 42, 
0, 392, 793, 637, 382, 86, 771, 
0, 442, 674, 161, 625, 523, 
0, 532, 157, 140, 653, 105, 659, 
0, 110, 730, 530, 417, 156, 
0, 769, 35, 244, 447, 445, 80, 
0, 74, 44, 620, 745, 163, 
0, 100, 709, 390, 8, 
0, 207, 495, 400, 130, 171, 
0, 176, 151, 536, 587, 361, 697, 611, 
0, 490, 296, 250, 222, 119, 684, 
0, 153, 513, 13, 329, 188, 
0, 58, 41, 595, 232, 148, 425, 
0, 359, 120, 73, 89, 413, 
0, 370, 672, 480, 736, 407, 760, 
0, 387, 300, 579, 302, 471, 
0, 391, 463, 299, 284, 602, 187, 
0, 582, 767, 557, 221, 15, 
0, 756, 99, 411, 69, 720, 333, 732, 
0, 168, 645, 609, 88, 721, 
0, 180, 476, 275, 385, 95, 169, 
0, 610, 55, 615, 209, 
0, 434, 193, 539, 443, 789, 
0, 362, 737, 518, 240, 687, 549, 
0, 686, 412, 666, 
0, 239, 693, 646, 56, 81, 313, 
0, 681, 208, 355, 465, 368, 
0, 143, 265, 671, 630, 639, 592, 
0, 599, 436, 424, 166, 498, 
0, 57, 32, 145, 606, 712, 61, 
0, 276, 481, 218, 24, 147, 
0, 627, 293, 144, 527, 433, 
0, 215, 664, 326, 779, 565, 
0, 182, 520, 648, 799, 408, 341, 
0, 346, 655, 323, 619, 660, 426, 
0, 379, 241, 663, 170, 677, 438, 
0, 647, 791, 185, 682, 
0, 501, 761, 246, 435, 17, 277, 
0, 79, 432, 509, 398, 52, 152, 
0, 316, 563, 342, 728, 754, 85, 
0, 452, 796, 47, 337, 131, 94, 
0, 340, 690, 689, 310, 46, 
0, 262, 744, 28, 714, 219, 
0, 778, 286, 636, 575, 48, 510, 524, 
0, 567, 351, 53, 673, 394, 491, 
0, 266, 344, 561, 201, 470, 18, 
0, 386, 503, 415, 231, 
0, 103, 269, 320, 512, 91, 325, 
0, 350, 618, 785, 593, 601, 37, 
0, 401, 675, 194, 594, 703, 
0, 430, 538, 781, 668, 473, 376, 
0, 700, 11, 617, 43, 291, 199, 
0, 40, 49, 245, 331, 555, 347, 
0, 464, 757, 75, 571, 566, 
0, 706, 34, 238, 670, 
0, 146, 22, 468, 51, 705, 248, 
0, 711, 628, 280, 124, 363, 
0, 765, 410, 600, 102, 2, 
0, 676, 734, 588, 752, 558, 
0, 172, 36, 586, 
0, 287, 493, 327, 475, 12, 247, 
0, 6, 314, 45, 516, 421, 798, 
0, 388, 395, 191, 797, 243, 
0, 680, 106, 654, 542, 456, 533, 
0, 613, 380, 777, 467, 573, 
0, 162, 122, 72, 308, 68, 177, 
0, 267, 184, 694, 318, 304, 
0, 735, 183, 349, 564, 317, 
0, 321, 83, 479, 258, 332, 707, 
0, 315, 204, 691, 568, 259, 559, 
0, 727, 198, 596, 273, 112, 
0, 256, 569, 455, 367, 661, 
