Solution: 147 161392.490000 205492.490000

0, 370, 575, 507, 444, 3, 601, 
0, 774, 274, 632, 488, 639, 235, 
0, 451, 693, 69, 286, 
0, 228, 433, 297, 435, 630, 
0, 341, 197, 292, 592, 33, 22, 753, 
0, 204, 675, 309, 73, 226, 637, 
0, 699, 24, 748, 661, 
0, 135, 141, 230, 785, 222, 166, 554, 
0, 598, 108, 119, 13, 348, 
0, 227, 386, 415, 156, 486, 151, 
0, 277, 505, 217, 529, 768, 
0, 676, 191, 439, 247, 535, 
0, 762, 686, 1, 19, 122, 91, 
0, 652, 319, 478, 10, 798, 205, 
0, 38, 211, 542, 130, 643, 237, 
0, 441, 284, 742, 148, 521, 403, 
0, 164, 485, 511, 462, 472, 496, 600, 
0, 470, 83, 551, 340, 
0, 623, 282, 594, 221, 140, 
0, 399, 28, 137, 780, 425, 
0, 495, 333, 794, 212, 324, 729, 
0, 514, 420, 112, 55, 173, 
0, 428, 102, 788, 619, 627, 356, 
0, 526, 306, 305, 127, 407, 263, 
0, 668, 569, 71, 93, 154, 
0, 260, 608, 660, 118, 
0, 543, 459, 666, 36, 103, 443, 
0, 481, 147, 424, 244, 718, 
0, 657, 186, 741, 679, 
0, 250, 689, 16, 571, 593, 700, 
0, 349, 394, 672, 604, 120, 685, 
0, 53, 396, 620, 231, 
0, 745, 492, 590, 789, 363, 
0, 267, 713, 149, 573, 458, 515, 
0, 735, 752, 236, 567, 635, 591, 
0, 327, 332, 432, 40, 314, 503, 
0, 328, 393, 4, 220, 
0, 144, 245, 612, 674, 401, 
0, 452, 200, 202, 180, 411, 
0, 702, 641, 35, 781, 602, 
0, 115, 522, 354, 294, 550, 
0, 254, 431, 145, 82, 187, 717, 
0, 54, 645, 289, 405, 703, 
0, 787, 178, 688, 775, 365, 692, 
0, 516, 344, 701, 129, 359, 
0, 219, 491, 279, 549, 714, 246, 
0, 749, 96, 716, 66, 155, 
0, 311, 409, 498, 351, 471, 
0, 796, 276, 26, 90, 
0, 609, 360, 773, 300, 
0, 362, 673, 455, 153, 278, 715, 
0, 489, 397, 364, 81, 696, 15, 
0, 6, 377, 350, 273, 266, 170, 
0, 303, 618, 369, 92, 161, 
0, 387, 128, 225, 584, 
0, 160, 395, 539, 209, 615, 649, 
0, 312, 463, 518, 30, 105, 
0, 138, 169, 568, 410, 671, 628, 
0, 342, 255, 577, 390, 
0, 678, 188, 264, 233, 80, 
0, 450, 63, 94, 683, 446, 724, 
0, 708, 18, 9, 367, 653, 376, 
0, 97, 705, 27, 345, 523, 382, 
0, 721, 352, 182, 51, 77, 301, 
0, 56, 85, 287, 633, 767, 
0, 687, 634, 519, 564, 248, 261, 
0, 157, 596, 560, 655, 566, 
0, 242, 475, 20, 786, 
0, 434, 427, 438, 78, 321, 
0, 479, 366, 497, 440, 545, 208, 
0, 302, 500, 611, 374, 259, 
0, 527, 64, 711, 152, 107, 
0, 136, 467, 12, 75, 422, 329, 
0, 337, 750, 510, 658, 784, 
0, 731, 624, 268, 579, 400, 677, 
0, 770, 70, 412, 538, 193, 
0, 123, 534, 47, 690, 158, 296, 
0, 304, 238, 547, 61, 437, 
0, 546, 322, 576, 581, 79, 457, 
0, 650, 59, 11, 323, 179, 
0, 761, 216, 654, 318, 
0, 684, 196, 389, 656, 723, 
0, 482, 58, 142, 572, 299, 517, 
0, 587, 214, 426, 423, 298, 
0, 419, 580, 616, 29, 727, 339, 
0, 48, 269, 771, 194, 114, 
0, 537, 651, 162, 308, 583, 769, 
0, 256, 177, 605, 2, 617, 681, 
0, 361, 31, 561, 636, 
0, 764, 290, 124, 285, 559, 502, 
0, 181, 109, 595, 262, 625, 
0, 552, 368, 234, 14, 506, 171, 
0, 338, 184, 132, 251, 456, 508, 
0, 664, 757, 330, 111, 531, 283, 
0, 647, 733, 792, 84, 793, 317, 
0, 183, 60, 315, 210, 270, 
0, 421, 725, 524, 198, 453, 
0, 291, 372, 23, 101, 98, 307, 
0, 417, 159, 504, 72, 43, 146, 
0, 174, 353, 17, 582, 65, 728, 
0, 175, 512, 474, 642, 167, 37, 
0, 265, 429, 610, 795, 626, 
0, 213, 448, 218, 121, 638, 
0, 449, 192, 272, 466, 732, 172, 710, 
0, 528, 49, 777, 347, 562, 585, 
0, 766, 447, 373, 7, 
0, 408, 530, 778, 614, 391, 
0, 165, 667, 185, 697, 631, 726, 
0, 756, 490, 454, 402, 45, 751, 
0, 772, 493, 556, 465, 548, 
0, 436, 746, 691, 406, 358, 
0, 763, 740, 95, 501, 87, 313, 
0, 760, 680, 477, 104, 563, 
0, 706, 621, 252, 460, 134, 
0, 613, 117, 201, 281, 
0, 487, 288, 414, 320, 483, 113, 
0, 375, 74, 195, 536, 326, 648, 
0, 133, 76, 310, 513, 223, 381, 
0, 100, 257, 662, 698, 21, 139, 
0, 413, 730, 586, 744, 50, 
0, 253, 5, 39, 558, 371, 44, 
0, 743, 557, 480, 791, 126, 736, 
0, 468, 719, 589, 779, 336, 765, 
0, 720, 712, 67, 588, 
0, 737, 384, 25, 709, 570, 
0, 599, 388, 190, 494, 99, 606, 
0, 8, 116, 532, 189, 555, 553, 
0, 607, 442, 473, 392, 707, 57, 
0, 168, 275, 88, 541, 41, 499, 670, 
0, 734, 461, 343, 357, 704, 416, 
0, 249, 799, 89, 578, 176, 476, 
0, 150, 694, 68, 782, 335, 565, 
0, 659, 754, 520, 143, 758, 
0, 790, 663, 203, 280, 
0, 380, 484, 430, 445, 646, 682, 
0, 334, 32, 622, 232, 525, 464, 
0, 34, 42, 325, 669, 404, 
0, 355, 125, 243, 385, 46, 241, 
0, 722, 629, 783, 271, 533, 
0, 739, 224, 206, 316, 665, 378, 
0, 509, 574, 62, 207, 695, 597, 
0, 215, 540, 469, 640, 239, 
0, 52, 776, 346, 295, 331, 
0, 258, 293, 418, 383, 163, 229, 86, 
0, 755, 379, 398, 199, 
0, 110, 644, 759, 747, 800, 544, 
0, 106, 738, 131, 240, 603, 797, 
