Solution: 150 162901.312000 207901.312000

0, 281, 60, 558, 341, 400, 568, 
0, 204, 181, 645, 780, 237, 
0, 505, 193, 592, 695, 690, 
0, 490, 150, 442, 369, 11, 209, 
0, 756, 759, 42, 17, 535, 287, 
0, 185, 123, 515, 47, 787, 
0, 298, 200, 67, 307, 785, 431, 
0, 120, 538, 325, 534, 248, 
0, 517, 173, 550, 728, 328, 622, 
0, 491, 56, 122, 235, 211, 
0, 296, 25, 133, 781, 380, 555, 
0, 761, 671, 127, 616, 308, 
0, 762, 723, 445, 725, 481, 273, 
0, 314, 40, 680, 210, 381, 712, 
0, 757, 392, 751, 24, 
0, 529, 148, 390, 579, 207, 
0, 443, 94, 652, 682, 691, 15, 
0, 766, 74, 498, 464, 419, 480, 
0, 710, 619, 574, 451, 300, 
0, 489, 506, 46, 454, 232, 752, 
0, 34, 44, 240, 251, 330, 738, 
0, 250, 452, 520, 335, 143, 119, 
0, 252, 799, 80, 90, 474, 
0, 792, 655, 476, 731, 783, 706, 
0, 357, 68, 429, 346, 714, 741, 
0, 257, 384, 523, 26, 663, 726, 
0, 322, 216, 784, 197, 453, 530, 
0, 332, 749, 126, 510, 78, 323, 
0, 539, 511, 367, 125, 624, 724, 
0, 676, 199, 406, 649, 354, 748, 
0, 598, 610, 567, 415, 244, 
0, 54, 77, 465, 13, 109, 
0, 668, 92, 790, 76, 347, 368, 
0, 434, 161, 262, 36, 283, 379, 
0, 482, 614, 593, 648, 
0, 730, 271, 458, 647, 134, 
0, 53, 73, 183, 329, 642, 422, 
0, 611, 203, 734, 727, 
0, 596, 179, 673, 503, 336, 
0, 162, 639, 542, 213, 612, 115, 
0, 208, 742, 393, 70, 156, 
0, 263, 217, 675, 86, 456, 516, 
0, 745, 559, 519, 617, 736, 
0, 107, 88, 405, 64, 713, 
0, 531, 401, 685, 424, 371, 
0, 166, 776, 698, 302, 285, 
0, 131, 256, 654, 694, 627, 
0, 772, 501, 255, 475, 
0, 174, 472, 267, 82, 163, 
0, 666, 221, 338, 664, 31, 463, 
0, 773, 362, 61, 444, 291, 
0, 106, 117, 12, 636, 573, 241, 
0, 340, 448, 561, 320, 342, 623, 
0, 386, 460, 276, 633, 626, 
0, 704, 765, 295, 290, 229, 
0, 225, 289, 553, 87, 618, 770, 
0, 640, 667, 793, 75, 794, 55, 
0, 224, 316, 178, 151, 524, 
0, 526, 775, 625, 304, 572, 
0, 733, 425, 485, 16, 548, 212, 
0, 152, 96, 527, 719, 
0, 49, 272, 771, 638, 110, 
0, 764, 260, 447, 600, 7, 513, 
0, 436, 58, 158, 104, 155, 
0, 274, 603, 778, 521, 788, 
0, 504, 171, 657, 417, 194, 
0, 187, 613, 604, 556, 746, 554, 
0, 5, 135, 508, 364, 643, 437, 
0, 497, 414, 333, 292, 360, 
0, 188, 412, 324, 147, 214, 91, 
0, 438, 659, 153, 35, 377, 
0, 789, 286, 132, 404, 605, 
0, 52, 219, 18, 93, 89, 317, 
0, 180, 337, 319, 233, 409, 169, 797, 
0, 692, 10, 113, 45, 418, 
0, 577, 303, 420, 215, 495, 
0, 595, 99, 111, 397, 4, 599, 
0, 496, 543, 502, 139, 421, 
0, 716, 28, 121, 528, 8, 
0, 220, 84, 398, 389, 230, 395, 
0, 650, 192, 231, 583, 
0, 38, 433, 635, 294, 423, 
0, 350, 413, 416, 407, 
0, 140, 373, 774, 81, 23, 
0, 383, 293, 575, 629, 580, 266, 
0, 403, 563, 353, 246, 234, 653, 
0, 631, 700, 591, 228, 136, 
0, 552, 284, 551, 514, 268, 
0, 735, 477, 14, 578, 669, 
0, 478, 715, 101, 779, 662, 
0, 717, 709, 65, 6, 
0, 696, 19, 149, 176, 428, 
0, 566, 349, 48, 658, 160, 684, 305, 
0, 388, 446, 141, 1, 672, 182, 
0, 363, 410, 665, 311, 686, 606, 
0, 656, 763, 441, 239, 41, 144, 
0, 253, 327, 430, 297, 466, 
0, 269, 154, 688, 581, 66, 63, 450, 
0, 459, 440, 277, 473, 483, 754, 
0, 376, 321, 507, 678, 309, 
0, 114, 258, 145, 782, 601, 
0, 168, 660, 191, 590, 697, 
0, 382, 753, 71, 620, 549, 
0, 170, 142, 532, 584, 564, 
0, 681, 238, 739, 137, 602, 112, 
0, 315, 351, 494, 589, 597, 30, 
0, 102, 427, 699, 562, 512, 
0, 608, 50, 609, 201, 
0, 399, 223, 306, 278, 270, 172, 
0, 718, 366, 693, 615, 
0, 461, 570, 69, 651, 468, 786, 
0, 721, 265, 569, 21, 
0, 588, 486, 544, 632, 242, 
0, 374, 27, 628, 768, 
0, 499, 755, 205, 186, 487, 
0, 190, 557, 679, 470, 146, 
0, 457, 79, 43, 310, 677, 33, 
0, 261, 299, 435, 396, 118, 
0, 394, 493, 744, 707, 116, 674, 
0, 130, 732, 484, 703, 359, 313, 
0, 100, 634, 760, 164, 701, 432, 
0, 9, 189, 108, 536, 318, 767, 
0, 455, 288, 128, 637, 391, 
0, 345, 375, 37, 541, 196, 344, 
0, 796, 280, 621, 157, 98, 
0, 226, 641, 370, 206, 722, 
0, 522, 702, 385, 356, 525, 
0, 545, 586, 750, 582, 769, 
0, 661, 729, 518, 565, 
0, 247, 607, 85, 227, 
0, 646, 576, 352, 683, 165, 594, 
0, 737, 138, 236, 195, 2, 
0, 644, 57, 20, 184, 331, 571, 
0, 167, 202, 479, 630, 245, 
0, 254, 488, 326, 471, 798, 402, 
0, 218, 467, 687, 32, 275, 537, 
0, 29, 743, 585, 
0, 546, 469, 3, 95, 222, 
0, 747, 500, 587, 791, 83, 
0, 259, 177, 378, 97, 408, 334, 
0, 533, 777, 249, 358, 
0, 129, 72, 348, 339, 264, 
0, 355, 509, 282, 411, 720, 
0, 449, 243, 795, 59, 361, 
0, 758, 426, 39, 560, 387, 
0, 62, 708, 124, 711, 492, 103, 
0, 175, 343, 105, 301, 439, 51, 
0, 279, 740, 312, 705, 689, 
0, 159, 670, 462, 365, 
0, 372, 198, 540, 22, 800, 547, 
