Solution: 146 160106.058000 203906.058000

0, 470, 83, 551, 340, 
0, 734, 622, 232, 426, 45, 751, 
0, 623, 282, 35, 692, 331, 
0, 609, 360, 773, 300, 
0, 341, 197, 292, 592, 172, 80, 
0, 451, 569, 71, 104, 627, 
0, 659, 754, 89, 520, 143, 246, 
0, 349, 455, 9, 153, 259, 371, 
0, 302, 40, 432, 559, 314, 
0, 657, 186, 128, 411, 
0, 28, 372, 23, 519, 401, 
0, 722, 617, 605, 2, 633, 
0, 676, 102, 660, 783, 271, 625, 
0, 183, 395, 539, 209, 114, 
0, 138, 169, 333, 238, 91, 376, 
0, 687, 634, 612, 603, 503, 
0, 216, 738, 131, 473, 707, 347, 57, 
0, 174, 353, 466, 732, 472, 33, 
0, 527, 386, 211, 90, 26, 
0, 291, 759, 651, 308, 55, 765, 
0, 227, 64, 711, 152, 107, 
0, 684, 196, 389, 656, 723, 
0, 761, 429, 51, 585, 562, 
0, 123, 47, 316, 665, 758, 270, 
0, 647, 675, 792, 84, 87, 793, 
0, 528, 352, 182, 781, 626, 
0, 613, 117, 68, 582, 782, 600, 
0, 514, 448, 383, 121, 638, 
0, 342, 396, 399, 390, 
0, 607, 49, 610, 795, 120, 685, 
0, 745, 757, 61, 19, 531, 283, 
0, 304, 547, 590, 78, 363, 
0, 737, 142, 228, 488, 639, 
0, 546, 322, 368, 549, 483, 113, 
0, 5, 409, 558, 278, 677, 
0, 225, 387, 702, 594, 
0, 175, 512, 474, 642, 545, 208, 
0, 487, 534, 690, 158, 296, 
0, 164, 485, 511, 462, 496, 22, 753, 
0, 720, 712, 67, 588, 
0, 796, 575, 507, 422, 3, 601, 
0, 491, 279, 234, 414, 320, 407, 263, 
0, 53, 494, 398, 620, 
0, 249, 799, 221, 140, 
0, 6, 589, 747, 800, 544, 
0, 361, 31, 561, 636, 281, 
0, 489, 397, 328, 286, 444, 533, 
0, 413, 555, 189, 187, 717, 
0, 178, 733, 245, 240, 425, 
0, 774, 574, 62, 163, 229, 86, 
0, 165, 697, 185, 129, 359, 
0, 706, 725, 20, 786, 
0, 650, 447, 766, 345, 523, 382, 
0, 34, 629, 42, 325, 649, 
0, 168, 275, 88, 541, 41, 499, 670, 
0, 100, 257, 18, 674, 367, 715, 
0, 334, 32, 124, 285, 525, 464, 
0, 408, 530, 778, 658, 784, 
0, 479, 366, 497, 357, 167, 
0, 204, 442, 777, 775, 77, 301, 
0, 543, 459, 666, 36, 103, 443, 
0, 421, 492, 789, 437, 729, 
0, 97, 705, 27, 584, 
0, 362, 673, 568, 410, 198, 126, 
0, 772, 74, 195, 118, 535, 
0, 250, 384, 25, 709, 570, 235, 
0, 277, 505, 217, 529, 378, 476, 
0, 181, 109, 595, 262, 703, 
0, 552, 288, 305, 576, 581, 457, 
0, 743, 39, 111, 330, 374, 
0, 254, 431, 145, 82, 681, 79, 
0, 252, 500, 524, 324, 628, 321, 
0, 493, 393, 556, 460, 134, 653, 
0, 428, 268, 557, 621, 736, 
0, 652, 319, 478, 461, 798, 471, 
0, 265, 106, 542, 318, 
0, 338, 4, 69, 356, 591, 
0, 735, 467, 75, 643, 237, 
0, 38, 415, 119, 156, 13, 348, 
0, 370, 752, 236, 567, 635, 130, 
0, 668, 750, 510, 563, 50, 
0, 756, 490, 454, 402, 440, 261, 
0, 449, 192, 272, 17, 65, 728, 
0, 790, 663, 280, 203, 710, 
0, 355, 125, 243, 385, 46, 241, 
0, 54, 289, 60, 405, 645, 
0, 214, 433, 350, 273, 266, 630, 
0, 59, 481, 218, 244, 718, 
0, 276, 144, 509, 101, 98, 307, 
0, 242, 475, 614, 220, 
0, 48, 269, 771, 536, 439, 326, 
0, 762, 686, 1, 351, 498, 122, 
0, 787, 379, 190, 99, 606, 
0, 110, 147, 424, 162, 704, 37, 
0, 450, 63, 94, 683, 446, 724, 
0, 312, 463, 518, 30, 105, 
0, 337, 730, 586, 532, 744, 553, 
0, 641, 599, 388, 679, 
0, 136, 253, 662, 698, 21, 139, 
0, 770, 70, 412, 538, 193, 
0, 699, 200, 202, 768, 
0, 191, 693, 788, 465, 548, 
0, 441, 284, 742, 148, 521, 403, 
0, 303, 618, 369, 92, 161, 
0, 419, 580, 315, 615, 151, 648, 
0, 721, 776, 346, 199, 231, 
0, 468, 719, 112, 779, 336, 173, 
0, 664, 311, 310, 423, 298, 416, 
0, 763, 332, 309, 73, 226, 637, 502, 
0, 688, 654, 137, 780, 365, 554, 
0, 516, 344, 373, 7, 155, 
0, 56, 85, 287, 669, 404, 
0, 420, 587, 297, 377, 435, 170, 
0, 267, 713, 149, 573, 458, 515, 
0, 380, 484, 430, 445, 646, 682, 
0, 293, 418, 11, 323, 179, 
0, 327, 740, 95, 501, 392, 317, 
0, 219, 452, 24, 578, 335, 565, 
0, 135, 141, 230, 785, 222, 166, 797, 
0, 749, 96, 701, 66, 716, 631, 726, 
0, 258, 689, 16, 571, 593, 700, 
0, 526, 306, 127, 714, 180, 176, 
0, 213, 667, 537, 583, 769, 
0, 150, 694, 201, 14, 506, 171, 
0, 434, 427, 438, 513, 223, 381, 
0, 495, 480, 611, 791, 400, 44, 
0, 436, 746, 691, 406, 358, 
0, 482, 58, 644, 343, 10, 205, 
0, 417, 159, 504, 72, 43, 146, 
0, 741, 274, 632, 572, 207, 695, 597, 
0, 133, 76, 794, 212, 671, 453, 
0, 256, 177, 93, 619, 391, 329, 
0, 8, 184, 116, 132, 456, 508, 
0, 115, 522, 354, 294, 550, 
0, 375, 680, 477, 251, 696, 15, 
0, 160, 616, 29, 210, 727, 339, 
0, 678, 188, 264, 233, 
0, 260, 760, 608, 364, 81, 767, 
0, 708, 764, 290, 564, 248, 313, 
0, 215, 540, 469, 640, 239, 
0, 755, 255, 577, 295, 602, 
0, 52, 394, 672, 604, 299, 517, 
0, 731, 624, 12, 579, 154, 
0, 157, 596, 560, 655, 566, 
0, 598, 108, 247, 194, 486, 
0, 739, 224, 206, 748, 661, 
