Solution: 152 164103.492000 209703.492000

0, 761, 671, 127, 682, 691, 
0, 438, 659, 35, 791, 377, 
0, 298, 200, 67, 307, 727, 
0, 529, 316, 178, 711, 186, 176, 
0, 747, 500, 587, 361, 194, 
0, 608, 50, 609, 201, 
0, 216, 467, 414, 784, 275, 
0, 692, 10, 610, 602, 415, 512, 
0, 455, 744, 707, 534, 768, 
0, 668, 92, 110, 47, 
0, 256, 603, 778, 651, 468, 
0, 595, 303, 99, 397, 360, 
0, 497, 790, 76, 97, 408, 
0, 204, 181, 506, 46, 232, 752, 
0, 499, 755, 502, 139, 421, 
0, 723, 288, 128, 637, 674, 
0, 796, 280, 621, 157, 98, 
0, 107, 385, 65, 6, 
0, 152, 509, 282, 411, 720, 
0, 226, 641, 277, 66, 63, 450, 
0, 721, 265, 638, 495, 
0, 383, 293, 575, 629, 297, 466, 
0, 792, 655, 476, 731, 783, 706, 
0, 756, 759, 42, 335, 143, 
0, 250, 452, 520, 508, 230, 395, 
0, 704, 765, 295, 567, 562, 244, 
0, 170, 140, 373, 777, 359, 605, 
0, 355, 96, 427, 36, 283, 669, 
0, 386, 460, 276, 422, 196, 
0, 376, 666, 113, 290, 480, 
0, 225, 289, 544, 632, 242, 
0, 257, 433, 635, 294, 423, 
0, 129, 763, 678, 389, 662, 
0, 299, 261, 20, 184, 331, 571, 
0, 357, 27, 231, 
0, 220, 84, 398, 701, 432, 
0, 53, 73, 183, 329, 453, 530, 
0, 52, 219, 18, 93, 89, 317, 
0, 394, 493, 445, 481, 116, 273, 
0, 426, 221, 527, 728, 328, 622, 
0, 218, 333, 175, 475, 292, 
0, 644, 457, 702, 24, 
0, 343, 729, 536, 556, 746, 554, 
0, 539, 88, 405, 64, 713, 
0, 598, 39, 348, 560, 264, 
0, 130, 732, 156, 
0, 9, 189, 108, 616, 318, 15, 
0, 504, 171, 657, 521, 788, 
0, 269, 154, 688, 581, 785, 431, 
0, 661, 301, 518, 565, 786, 
0, 314, 680, 40, 381, 699, 712, 
0, 100, 326, 488, 683, 
0, 496, 708, 580, 124, 266, 
0, 159, 670, 462, 365, 
0, 403, 563, 353, 246, 234, 653, 
0, 434, 321, 161, 45, 418, 
0, 546, 469, 3, 95, 222, 
0, 762, 286, 132, 151, 524, 
0, 224, 68, 429, 346, 714, 741, 
0, 296, 352, 760, 164, 402, 
0, 322, 384, 523, 26, 663, 726, 
0, 758, 425, 498, 454, 165, 
0, 208, 126, 685, 87, 371, 
0, 517, 173, 550, 451, 300, 
0, 700, 179, 673, 618, 248, 
0, 772, 501, 255, 470, 146, 
0, 106, 191, 12, 117, 624, 724, 
0, 281, 60, 558, 341, 400, 568, 
0, 611, 370, 206, 473, 483, 30, 
0, 34, 44, 240, 251, 330, 738, 
0, 733, 471, 236, 195, 2, 241, 
0, 745, 559, 519, 617, 31, 463, 
0, 577, 401, 420, 215, 155, 787, 
0, 757, 392, 625, 407, 
0, 345, 375, 37, 541, 642, 207, 
0, 315, 19, 90, 648, 
0, 588, 596, 404, 313, 336, 
0, 482, 614, 593, 722, 748, 163, 
0, 646, 576, 798, 16, 548, 212, 
0, 566, 349, 48, 684, 160, 305, 
0, 650, 192, 585, 
0, 730, 271, 458, 647, 134, 
0, 656, 74, 464, 419, 237, 
0, 735, 477, 14, 578, 308, 
0, 553, 764, 393, 424, 549, 21, 
0, 545, 586, 750, 582, 769, 
0, 131, 210, 654, 569, 627, 
0, 162, 639, 542, 213, 147, 334, 
0, 531, 486, 774, 503, 686, 606, 
0, 718, 775, 526, 358, 
0, 190, 557, 679, 347, 368, 736, 
0, 737, 740, 312, 705, 211, 689, 594, 
0, 168, 660, 636, 590, 697, 
0, 254, 79, 43, 310, 677, 
0, 507, 72, 535, 17, 339, 417, 
0, 489, 364, 135, 643, 437, 287, 
0, 382, 753, 71, 620, 
0, 522, 29, 
0, 102, 338, 664, 387, 262, 
0, 263, 217, 465, 13, 
0, 363, 410, 665, 311, 
0, 38, 749, 111, 158, 91, 115, 
0, 340, 448, 561, 320, 309, 
0, 61, 138, 372, 444, 291, 
0, 332, 742, 319, 510, 78, 323, 
0, 187, 141, 592, 695, 690, 
0, 478, 715, 101, 779, 342, 623, 
0, 399, 223, 306, 278, 270, 172, 
0, 180, 337, 70, 233, 409, 169, 797, 
0, 505, 193, 86, 675, 456, 516, 
0, 54, 77, 626, 633, 182, 
0, 62, 543, 479, 630, 245, 
0, 274, 260, 447, 600, 7, 513, 
0, 440, 203, 734, 514, 268, 
0, 693, 25, 133, 781, 380, 555, 
0, 681, 137, 238, 739, 229, 
0, 388, 446, 604, 1, 613, 672, 
0, 436, 579, 58, 612, 725, 344, 
0, 259, 177, 687, 32, 537, 
0, 716, 28, 121, 528, 8, 
0, 717, 709, 751, 583, 
0, 640, 667, 793, 75, 794, 33, 
0, 188, 412, 324, 390, 214, 
0, 49, 272, 771, 197, 104, 
0, 773, 362, 435, 396, 118, 
0, 491, 56, 122, 235, 547, 112, 
0, 490, 150, 645, 780, 800, 379, 
0, 252, 799, 325, 658, 391, 487, 
0, 533, 366, 249, 484, 703, 55, 
0, 449, 243, 795, 59, 83, 119, 
0, 350, 413, 416, 615, 601, 
0, 696, 351, 494, 589, 597, 754, 
0, 57, 511, 367, 125, 
0, 710, 619, 153, 574, 719, 
0, 766, 485, 239, 441, 41, 144, 
0, 114, 258, 145, 356, 525, 
0, 174, 472, 267, 459, 
0, 634, 198, 540, 22, 573, 
0, 167, 202, 149, 80, 474, 
0, 443, 94, 652, 378, 767, 109, 
0, 461, 105, 69, 570, 439, 51, 
0, 789, 142, 532, 584, 564, 
0, 120, 538, 148, 81, 23, 770, 
0, 552, 284, 205, 628, 136, 
0, 247, 607, 85, 227, 
0, 676, 199, 406, 649, 354, 82, 
0, 743, 279, 782, 304, 572, 
0, 166, 776, 698, 302, 285, 
0, 631, 591, 374, 228, 428, 
0, 5, 442, 369, 11, 209, 
0, 253, 327, 430, 551, 492, 103, 
0, 185, 123, 694, 515, 4, 599, 
