Solution: 150 162999.158000 207999.158000

0, 517, 173, 550, 728, 328, 622, 
0, 756, 39, 507, 395, 41, 
0, 363, 410, 625, 310, 677, 33, 
0, 455, 744, 707, 534, 391, 421, 
0, 457, 79, 61, 43, 689, 594, 
0, 281, 60, 558, 341, 400, 568, 
0, 185, 123, 515, 549, 21, 
0, 170, 200, 298, 785, 431, 
0, 533, 50, 777, 358, 
0, 529, 579, 148, 116, 674, 
0, 611, 203, 734, 514, 268, 
0, 129, 72, 135, 508, 643, 119, 
0, 478, 715, 101, 779, 342, 752, 
0, 107, 385, 312, 705, 571, 
0, 443, 94, 652, 13, 767, 109, 
0, 162, 68, 429, 346, 714, 
0, 399, 223, 389, 230, 339, 417, 
0, 9, 729, 536, 556, 746, 554, 
0, 433, 272, 111, 99, 4, 599, 
0, 174, 472, 267, 82, 163, 
0, 274, 603, 778, 651, 468, 
0, 434, 321, 161, 45, 699, 712, 
0, 49, 110, 771, 158, 495, 
0, 710, 500, 153, 574, 719, 
0, 595, 303, 319, 510, 794, 703, 
0, 539, 511, 367, 125, 
0, 766, 448, 306, 678, 437, 144, 
0, 53, 639, 542, 213, 422, 207, 
0, 38, 256, 654, 694, 627, 
0, 716, 28, 121, 290, 8, 317, 
0, 250, 452, 520, 335, 143, 
0, 54, 77, 465, 633, 182, 
0, 322, 73, 523, 26, 183, 642, 
0, 792, 655, 476, 731, 783, 706, 
0, 167, 351, 494, 473, 483, 754, 
0, 449, 243, 795, 59, 361, 300, 
0, 497, 189, 108, 318, 691, 
0, 180, 486, 544, 632, 242, 
0, 631, 700, 374, 228, 136, 
0, 96, 619, 587, 451, 377, 
0, 496, 543, 479, 245, 
0, 388, 446, 141, 276, 626, 
0, 676, 199, 406, 649, 354, 365, 
0, 332, 742, 393, 562, 7, 134, 
0, 350, 413, 416, 304, 572, 
0, 29, 585, 743, 
0, 588, 553, 685, 424, 371, 
0, 403, 755, 80, 176, 487, 
0, 668, 216, 414, 784, 453, 530, 
0, 704, 765, 295, 567, 418, 
0, 644, 57, 372, 444, 291, 
0, 279, 362, 138, 683, 11, 209, 
0, 696, 19, 90, 474, 
0, 730, 271, 458, 292, 
0, 100, 488, 326, 471, 798, 402, 
0, 773, 366, 526, 615, 
0, 751, 88, 405, 64, 713, 331, 724, 
0, 761, 671, 127, 682, 15, 
0, 254, 221, 338, 664, 387, 194, 
0, 224, 316, 178, 711, 630, 186, 
0, 269, 641, 277, 66, 63, 450, 
0, 718, 775, 665, 311, 686, 606, 
0, 226, 499, 284, 205, 551, 492, 103, 
0, 114, 258, 145, 782, 601, 
0, 314, 666, 262, 36, 283, 379, 
0, 459, 440, 67, 581, 307, 727, 
0, 577, 749, 87, 569, 
0, 204, 181, 442, 164, 662, 623, 
0, 796, 280, 621, 157, 98, 
0, 102, 427, 527, 521, 788, 
0, 5, 561, 320, 309, 
0, 737, 740, 20, 184, 
0, 150, 490, 236, 195, 2, 241, 
0, 263, 217, 675, 86, 456, 516, 
0, 650, 192, 231, 583, 
0, 436, 390, 58, 147, 214, 738, 
0, 404, 608, 774, 81, 23, 770, 
0, 504, 171, 657, 475, 308, 
0, 315, 353, 563, 648, 428, 
0, 383, 327, 430, 297, 139, 
0, 596, 179, 673, 503, 336, 
0, 747, 759, 42, 17, 535, 287, 
0, 130, 732, 793, 156, 513, 55, 
0, 482, 614, 593, 722, 748, 
0, 340, 425, 485, 16, 548, 212, 
0, 762, 286, 132, 618, 248, 
0, 757, 392, 693, 407, 
0, 733, 74, 498, 454, 165, 
0, 225, 289, 126, 75, 78, 323, 
0, 758, 84, 398, 464, 232, 480, 
0, 505, 193, 592, 695, 690, 
0, 661, 616, 518, 301, 439, 51, 
0, 34, 44, 240, 663, 726, 
0, 247, 607, 85, 227, 
0, 489, 506, 46, 419, 237, 
0, 296, 25, 133, 781, 380, 555, 
0, 154, 688, 370, 206, 
0, 252, 799, 591, 628, 768, 
0, 545, 586, 750, 582, 769, 
0, 62, 708, 502, 124, 266, 
0, 190, 255, 333, 470, 146, 
0, 772, 92, 397, 47, 360, 
0, 187, 329, 197, 251, 330, 334, 
0, 461, 105, 76, 97, 408, 
0, 257, 384, 635, 294, 423, 
0, 692, 10, 610, 602, 415, 244, 
0, 717, 709, 65, 6, 
0, 546, 469, 3, 95, 222, 
0, 566, 349, 48, 658, 160, 684, 305, 
0, 220, 760, 645, 780, 800, 547, 
0, 131, 210, 680, 40, 381, 647, 
0, 208, 260, 447, 600, 669, 512, 
0, 261, 299, 435, 396, 118, 
0, 218, 467, 687, 32, 537, 
0, 640, 667, 249, 484, 359, 584, 
0, 394, 493, 445, 481, 273, 
0, 552, 202, 149, 589, 597, 30, 
0, 106, 117, 12, 636, 624, 
0, 345, 375, 37, 541, 741, 196, 
0, 357, 27, 246, 234, 653, 
0, 745, 559, 519, 617, 736, 
0, 376, 426, 364, 278, 270, 172, 
0, 438, 659, 35, 791, 83, 
0, 598, 113, 348, 560, 264, 
0, 386, 460, 604, 1, 613, 672, 
0, 52, 219, 18, 93, 89, 112, 
0, 522, 702, 24, 356, 525, 
0, 681, 137, 238, 739, 229, 
0, 531, 401, 420, 215, 155, 787, 
0, 721, 265, 638, 104, 
0, 491, 56, 122, 235, 211, 
0, 140, 373, 609, 201, 
0, 735, 477, 14, 578, 31, 463, 
0, 188, 412, 324, 612, 725, 344, 
0, 382, 753, 71, 620, 
0, 152, 337, 70, 233, 409, 169, 797, 
0, 646, 576, 352, 369, 701, 432, 
0, 259, 177, 790, 378, 275, 
0, 764, 343, 69, 570, 565, 786, 
0, 789, 142, 532, 564, 313, 605, 
0, 159, 670, 462, 
0, 634, 198, 540, 22, 573, 
0, 175, 501, 557, 679, 347, 368, 
0, 168, 660, 191, 590, 697, 
0, 166, 776, 698, 302, 285, 
0, 253, 293, 575, 629, 580, 466, 
0, 355, 509, 282, 411, 720, 
0, 723, 288, 128, 637, 91, 115, 
0, 120, 538, 325, 151, 524, 
0, 656, 763, 441, 239, 528, 
