Solution: 146 161186.900000 204986.900000

0, 317, 486, 249, 83, 344, 288, 
0, 680, 243, 733, 235, 441, 
0, 512, 174, 549, 723, 376, 
0, 275, 785, 694, 589, 
0, 738, 237, 212, 329, 659, 755, 
0, 606, 372, 773, 771, 
0, 492, 293, 445, 479, 117, 
0, 574, 428, 418, 89, 548, 24, 
0, 367, 569, 139, 607, 507, 663, 
0, 316, 125, 254, 
0, 788, 595, 404, 189, 599, 658, 
0, 657, 758, 324, 365, 143, 
0, 9, 557, 364, 284, 277, 171, 
0, 423, 75, 498, 369, 578, 765, 
0, 300, 205, 493, 587, 173, 366, 
0, 141, 530, 769, 600, 466, 272, 
0, 46, 70, 202, 111, 455, 
0, 91, 31, 740, 671, 
0, 221, 7, 102, 565, 436, 48, 
0, 527, 613, 29, 540, 736, 706, 
0, 268, 180, 375, 67, 137, 
0, 382, 749, 71, 625, 438, 535, 
0, 315, 199, 20, 667, 380, 250, 
0, 767, 645, 216, 612, 720, 350, 
0, 50, 222, 386, 123, 168, 675, 
0, 56, 90, 405, 126, 
0, 363, 727, 513, 242, 312, 676, 
0, 232, 198, 283, 731, 783, 780, 701, 
0, 100, 717, 21, 411, 49, 712, 
0, 106, 224, 155, 43, 705, 669, 
0, 594, 96, 644, 15, 
0, 464, 437, 66, 309, 63, 722, 
0, 651, 456, 763, 359, 157, 337, 80, 
0, 197, 465, 655, 77, 764, 
0, 610, 686, 577, 726, 401, 750, 
0, 668, 98, 604, 33, 101, 310, 
0, 348, 774, 514, 467, 787, 
0, 745, 570, 691, 564, 632, 585, 
0, 228, 294, 552, 79, 81, 793, 389, 
0, 699, 760, 122, 789, 295, 
0, 108, 118, 539, 194, 635, 
0, 384, 296, 471, 30, 185, 
0, 730, 620, 244, 442, 439, 215, 
0, 192, 482, 87, 611, 352, 145, 
0, 286, 59, 554, 399, 563, 
0, 537, 508, 523, 588, 630, 719, 
0, 711, 410, 665, 313, 685, 605, 
0, 51, 182, 415, 795, 93, 602, 
0, 115, 144, 747, 27, 394, 
0, 497, 414, 462, 642, 336, 
0, 262, 334, 247, 427, 491, 276, 
0, 757, 586, 627, 26, 103, 
0, 158, 470, 274, 84, 162, 
0, 443, 672, 485, 682, 689, 
0, 133, 447, 38, 598, 11, 653, 
0, 430, 593, 768, 370, 420, 695, 
0, 714, 629, 641, 716, 688, 
0, 136, 170, 343, 525, 206, 459, 
0, 742, 489, 646, 609, 32, 193, 
0, 761, 448, 308, 677, 311, 211, 
0, 449, 794, 40, 340, 518, 120, 
0, 266, 475, 679, 213, 698, 579, 
0, 591, 616, 558, 
0, 393, 718, 57, 146, 494, 152, 
0, 499, 289, 16, 188, 251, 140, 179, 
0, 435, 623, 151, 619, 147, 
0, 166, 684, 18, 643, 568, 201, 
0, 709, 516, 481, 526, 39, 472, 
0, 53, 142, 78, 282, 597, 
0, 670, 204, 357, 
0, 176, 55, 678, 469, 131, 
0, 161, 373, 37, 425, 351, 550, 
0, 360, 638, 34, 503, 341, 
0, 387, 88, 673, 264, 626, 
0, 621, 291, 134, 234, 138, 
0, 431, 325, 160, 556, 383, 280, 
0, 167, 432, 567, 335, 186, 
0, 223, 328, 583, 775, 347, 175, 
0, 210, 654, 544, 127, 640, 
0, 546, 468, 5, 73, 301, 
0, 398, 184, 378, 44, 240, 478, 
0, 114, 178, 735, 628, 664, 333, 
0, 490, 150, 652, 230, 119, 
0, 361, 572, 639, 696, 4, 
0, 218, 446, 601, 3, 614, 
0, 355, 413, 416, 305, 444, 
0, 551, 483, 381, 17, 511, 172, 
0, 227, 319, 181, 502, 124, 422, 273, 
0, 476, 708, 105, 52, 762, 
0, 753, 86, 397, 460, 451, 
0, 710, 165, 64, 582, 
0, 697, 287, 265, 713, 
0, 269, 371, 395, 700, 214, 687, 592, 
0, 196, 501, 409, 233, 
0, 339, 739, 392, 69, 634, 307, 
0, 388, 61, 553, 195, 463, 
0, 94, 322, 248, 421, 338, 732, 
0, 121, 148, 575, 390, 650, 116, 
0, 770, 28, 135, 777, 377, 
0, 524, 457, 379, 776, 164, 
0, 531, 453, 480, 408, 113, 
0, 358, 8, 509, 68, 417, 
0, 603, 47, 608, 779, 624, 
0, 581, 226, 362, 323, 450, 748, 
0, 690, 13, 297, 562, 260, 797, 
0, 674, 406, 245, 76, 
0, 326, 385, 42, 246, 662, 721, 
0, 187, 303, 112, 219, 538, 649, 
0, 354, 702, 318, 571, 636, 299, 74, 
0, 271, 220, 590, 781, 
0, 261, 510, 229, 532, 522, 419, 
0, 368, 656, 474, 290, 
0, 647, 110, 207, 19, 65, 782, 
0, 177, 487, 332, 14, 798, 402, 
0, 725, 622, 555, 473, 156, 
0, 495, 536, 45, 528, 159, 306, 
0, 263, 60, 683, 256, 661, 
0, 744, 500, 584, 454, 225, 
0, 239, 729, 252, 241, 330, 
0, 778, 267, 573, 407, 2, 
0, 298, 54, 23, 97, 92, 320, 
0, 452, 130, 741, 154, 257, 
0, 790, 356, 515, 209, 504, 22, 596, 
0, 796, 737, 128, 792, 153, 132, 
0, 547, 751, 208, 25, 484, 
0, 426, 724, 580, 743, 784, 
0, 12, 191, 617, 302, 561, 
0, 349, 129, 109, 534, 321, 
0, 169, 183, 681, 331, 560, 72, 
0, 759, 342, 756, 746, 800, 345, 
0, 752, 391, 631, 543, 41, 520, 
0, 285, 734, 314, 496, 637, 566, 
0, 62, 542, 477, 521, 704, 259, 
0, 772, 203, 440, 163, 707, 
0, 278, 703, 660, 35, 99, 85, 
0, 799, 82, 149, 95, 304, 
0, 374, 666, 461, 270, 36, 693, 
0, 238, 403, 559, 633, 424, 
0, 353, 458, 506, 346, 715, 429, 
0, 281, 279, 517, 618, 791, 728, 
0, 258, 754, 58, 104, 533, 292, 
0, 529, 400, 255, 396, 253, 6, 
0, 190, 412, 541, 327, 107, 766, 
0, 433, 648, 576, 200, 217, 786, 
0, 488, 1, 615, 505, 236, 434, 
0, 519, 231, 692, 10, 545, 
