Solution: 147 162202.292000 206302.292000

0, 106, 224, 265, 233, 
0, 317, 174, 549, 723, 206, 712, 
0, 593, 430, 768, 644, 111, 
0, 647, 686, 474, 726, 401, 750, 
0, 100, 717, 525, 49, 459, 
0, 547, 334, 247, 427, 299, 140, 
0, 443, 98, 604, 375, 436, 728, 
0, 697, 279, 622, 791, 
0, 108, 118, 432, 643, 568, 
0, 574, 570, 691, 625, 24, 
0, 56, 508, 523, 335, 630, 719, 
0, 670, 204, 357, 
0, 315, 199, 447, 598, 11, 137, 
0, 546, 468, 454, 5, 73, 
0, 524, 328, 756, 746, 52, 762, 
0, 742, 489, 646, 609, 32, 193, 
0, 799, 82, 149, 95, 179, 484, 
0, 226, 448, 365, 284, 277, 211, 
0, 361, 410, 665, 313, 
0, 275, 785, 134, 234, 138, 
0, 681, 128, 792, 79, 81, 793, 389, 
0, 796, 552, 544, 127, 640, 
0, 586, 745, 392, 241, 153, 
0, 374, 325, 249, 794, 344, 83, 
0, 223, 457, 539, 707, 578, 765, 
0, 551, 751, 208, 251, 
0, 363, 727, 631, 41, 312, 676, 
0, 205, 110, 207, 19, 65, 782, 
0, 382, 749, 255, 370, 538, 
0, 187, 385, 30, 662, 185, 336, 
0, 770, 367, 608, 779, 624, 
0, 388, 61, 88, 673, 716, 688, 
0, 158, 591, 558, 304, 424, 
0, 452, 130, 741, 154, 257, 
0, 268, 180, 682, 129, 321, 
0, 431, 160, 324, 556, 383, 280, 
0, 114, 666, 155, 43, 693, 250, 
0, 232, 198, 283, 731, 783, 780, 596, 
0, 261, 510, 229, 532, 522, 419, 
0, 221, 176, 55, 678, 626, 310, 
0, 258, 1, 615, 505, 236, 434, 
0, 166, 440, 683, 194, 635, 
0, 94, 475, 71, 632, 585, 156, 
0, 449, 178, 735, 628, 664, 333, 
0, 725, 287, 67, 411, 147, 
0, 393, 492, 57, 146, 494, 
0, 269, 371, 395, 4, 186, 337, 201, 
0, 203, 490, 230, 119, 164, 520, 
0, 9, 557, 308, 311, 39, 472, 
0, 349, 191, 617, 565, 302, 
0, 651, 456, 763, 496, 637, 566, 
0, 136, 170, 343, 486, 301, 
0, 197, 465, 655, 77, 689, 764, 
0, 105, 708, 583, 775, 661, 
0, 262, 702, 318, 571, 636, 74, 
0, 125, 254, 31, 
0, 668, 96, 202, 33, 101, 535, 
0, 404, 228, 654, 331, 560, 72, 
0, 416, 28, 135, 777, 377, 
0, 266, 501, 409, 7, 102, 
0, 190, 412, 541, 327, 612, 766, 
0, 141, 530, 189, 795, 685, 605, 
0, 360, 559, 34, 633, 
0, 281, 555, 517, 618, 307, 
0, 12, 109, 534, 580, 743, 48, 
0, 674, 406, 506, 346, 429, 
0, 46, 70, 473, 469, 131, 
0, 91, 231, 692, 10, 545, 
0, 594, 303, 396, 15, 253, 649, 
0, 368, 656, 515, 209, 
0, 488, 378, 518, 340, 143, 120, 
0, 753, 581, 362, 323, 347, 175, 
0, 603, 372, 769, 305, 394, 
0, 495, 536, 45, 528, 159, 306, 
0, 426, 553, 195, 463, 
0, 384, 296, 381, 17, 491, 276, 
0, 278, 703, 660, 35, 99, 85, 
0, 761, 516, 481, 442, 44, 748, 
0, 121, 293, 575, 650, 720, 350, 
0, 298, 54, 123, 168, 507, 663, 
0, 757, 718, 445, 479, 117, 116, 
0, 51, 413, 740, 2, 
0, 286, 59, 554, 399, 563, 
0, 730, 8, 509, 68, 526, 
0, 403, 428, 112, 219, 455, 6, 
0, 680, 386, 23, 97, 92, 320, 
0, 621, 291, 627, 103, 26, 732, 
0, 239, 729, 252, 600, 132, 797, 
0, 606, 453, 480, 408, 698, 579, 
0, 458, 300, 16, 188, 25, 
0, 714, 629, 42, 246, 721, 
0, 512, 623, 151, 58, 225, 
0, 161, 373, 37, 425, 706, 736, 
0, 423, 75, 498, 460, 240, 215, 
0, 50, 222, 332, 369, 776, 800, 
0, 115, 144, 27, 359, 444, 
0, 285, 60, 139, 607, 543, 592, 
0, 355, 747, 238, 169, 
0, 709, 620, 639, 798, 402, 
0, 788, 638, 694, 589, 341, 
0, 531, 47, 773, 771, 
0, 271, 220, 590, 781, 
0, 167, 684, 18, 567, 588, 80, 
0, 398, 86, 397, 364, 450, 171, 
0, 464, 437, 66, 309, 63, 722, 
0, 53, 142, 78, 282, 597, 
0, 326, 672, 485, 264, 561, 
0, 744, 754, 40, 104, 533, 292, 
0, 595, 182, 196, 671, 
0, 150, 379, 652, 163, 696, 
0, 711, 243, 733, 235, 441, 
0, 192, 482, 87, 611, 352, 145, 
0, 387, 724, 514, 467, 784, 
0, 227, 319, 181, 502, 124, 422, 273, 
0, 339, 759, 248, 564, 438, 548, 
0, 433, 390, 613, 29, 540, 200, 
0, 767, 645, 216, 107, 152, 
0, 790, 356, 493, 587, 504, 22, 173, 
0, 476, 184, 677, 256, 478, 
0, 738, 237, 212, 329, 659, 755, 
0, 710, 274, 470, 245, 84, 162, 
0, 527, 576, 648, 217, 786, 
0, 263, 569, 513, 242, 466, 272, 
0, 752, 391, 415, 503, 93, 602, 
0, 353, 610, 577, 290, 76, 
0, 657, 758, 439, 244, 451, 
0, 537, 734, 314, 700, 214, 687, 
0, 690, 13, 20, 667, 705, 669, 
0, 499, 289, 483, 511, 172, 
0, 165, 772, 405, 126, 157, 
0, 699, 760, 122, 789, 295, 113, 
0, 348, 774, 21, 713, 
0, 133, 213, 679, 38, 380, 653, 
0, 183, 342, 297, 562, 260, 417, 
0, 62, 542, 477, 521, 704, 259, 
0, 316, 616, 715, 701, 366, 
0, 435, 500, 584, 619, 787, 
0, 177, 572, 487, 14, 675, 345, 
0, 354, 148, 471, 550, 351, 
0, 358, 461, 270, 36, 288, 376, 
0, 497, 414, 462, 641, 
0, 519, 90, 64, 582, 
0, 218, 446, 601, 3, 614, 
0, 529, 400, 418, 642, 420, 695, 
0, 778, 267, 573, 407, 599, 658, 
0, 210, 739, 89, 421, 338, 
0, 294, 737, 322, 69, 634, 330, 
