Solution: 145 157570.196000 201070.196000

0, 59, 651, 166, 498, 163, 
0, 212, 451, 366, 393, 278, 453, 
0, 751, 183, 530, 223, 271, 
0, 723, 718, 70, 590, 
0, 215, 693, 779, 334, 565, 
0, 362, 737, 518, 240, 687, 510, 
0, 40, 49, 245, 331, 660, 426, 
0, 113, 664, 546, 326, 
0, 769, 520, 431, 244, 445, 46, 
0, 58, 418, 420, 209, 
0, 346, 655, 381, 323, 619, 659, 
0, 241, 384, 663, 268, 585, 773, 
0, 762, 395, 191, 784, 243, 
0, 577, 65, 149, 614, 4, 
0, 256, 455, 622, 367, 234, 398, 
0, 180, 203, 285, 21, 71, 68, 37, 
0, 207, 495, 229, 130, 171, 341, 
0, 667, 195, 136, 251, 292, 
0, 724, 780, 529, 797, 125, 688, 
0, 758, 612, 111, 304, 566, 
0, 509, 690, 1, 661, 440, 294, 
0, 711, 628, 264, 560, 540, 
0, 387, 300, 579, 471, 302, 84, 
0, 739, 481, 671, 639, 147, 
0, 765, 151, 536, 587, 361, 697, 611, 
0, 464, 120, 75, 571, 443, 789, 
0, 505, 657, 616, 795, 134, 740, 
0, 409, 303, 158, 92, 581, 
0, 397, 731, 450, 485, 128, 684, 
0, 321, 598, 775, 205, 119, 
0, 146, 22, 617, 568, 259, 248, 
0, 434, 734, 588, 752, 558, 
0, 288, 150, 646, 56, 81, 313, 
0, 262, 744, 28, 129, 594, 703, 
0, 117, 226, 570, 678, 38, 466, 
0, 372, 281, 634, 649, 196, 721, 
0, 749, 287, 701, 311, 573, 467, 
0, 508, 569, 109, 82, 96, 
0, 340, 35, 626, 19, 550, 220, 
0, 279, 629, 576, 472, 523, 156, 
0, 197, 275, 476, 95, 169, 
0, 656, 320, 145, 606, 421, 514, 
0, 295, 748, 396, 91, 641, 307, 
0, 700, 11, 301, 525, 10, 42, 
0, 324, 441, 116, 319, 677, 770, 
0, 174, 675, 20, 652, 574, 
0, 457, 750, 716, 159, 665, 
0, 110, 730, 23, 231, 
0, 121, 356, 704, 305, 554, 
0, 162, 698, 211, 177, 553, 496, 118, 
0, 735, 280, 521, 624, 373, 592, 
0, 261, 122, 72, 308, 788, 787, 
0, 6, 432, 45, 564, 291, 199, 
0, 173, 27, 104, 478, 405, 715, 
0, 404, 722, 591, 782, 343, 60, 
0, 753, 502, 161, 625, 792, 
0, 160, 738, 255, 249, 446, 559, 
0, 490, 296, 557, 428, 377, 
0, 543, 702, 194, 329, 572, 
0, 676, 757, 623, 97, 631, 
0, 227, 545, 526, 135, 429, 274, 
0, 582, 436, 424, 221, 15, 363, 
0, 763, 766, 689, 310, 52, 80, 
0, 548, 474, 674, 794, 364, 
0, 603, 339, 492, 330, 633, 328, 
0, 236, 746, 139, 487, 712, 61, 
0, 127, 153, 528, 188, 333, 399, 
0, 430, 538, 781, 668, 473, 376, 
0, 103, 269, 252, 322, 9, 325, 
0, 189, 335, 181, 298, 551, 
0, 462, 444, 480, 736, 407, 760, 
0, 727, 198, 596, 273, 733, 
0, 100, 756, 709, 358, 165, 
0, 106, 193, 539, 318, 123, 
0, 647, 706, 595, 238, 670, 
0, 391, 463, 299, 284, 602, 187, 
0, 54, 439, 654, 542, 456, 533, 
0, 168, 74, 609, 3, 621, 683, 
0, 556, 210, 16, 190, 30, 491, 
0, 483, 44, 33, 544, 
0, 442, 179, 552, 454, 725, 
0, 692, 32, 389, 133, 175, 549, 
0, 142, 242, 743, 790, 233, 39, 
0, 500, 90, 469, 685, 459, 729, 
0, 741, 401, 379, 449, 297, 
0, 57, 416, 225, 107, 101, 317, 
0, 610, 369, 679, 360, 608, 383, 
0, 66, 717, 482, 644, 719, 257, 
0, 776, 77, 786, 124, 
0, 36, 586, 
0, 357, 511, 290, 417, 726, 
0, 172, 99, 411, 69, 720, 635, 732, 
0, 260, 517, 228, 527, 394, 425, 
0, 365, 314, 126, 516, 50, 152, 
0, 669, 489, 246, 435, 17, 277, 
0, 713, 768, 468, 43, 705, 51, 
0, 501, 761, 742, 254, 
0, 141, 79, 349, 76, 531, 
0, 272, 224, 87, 645, 638, 
0, 7, 403, 170, 710, 
0, 192, 658, 584, 620, 745, 214, 
0, 316, 352, 519, 477, 785, 601, 178, 
0, 662, 460, 390, 8, 85, 
0, 386, 578, 222, 458, 5, 604, 
0, 115, 650, 353, 648, 12, 216, 
0, 567, 351, 53, 673, 764, 282, 
0, 613, 380, 777, 575, 48, 524, 
0, 599, 755, 512, 515, 414, 798, 
0, 388, 600, 410, 504, 338, 
0, 270, 695, 13, 400, 200, 642, 
0, 778, 286, 636, 714, 643, 247, 
0, 627, 293, 144, 232, 148, 
0, 497, 67, 632, 164, 114, 
0, 535, 406, 93, 31, 774, 
0, 176, 513, 371, 137, 378, 547, 
0, 448, 793, 637, 382, 86, 771, 
0, 182, 493, 327, 475, 799, 408, 
0, 350, 618, 375, 593, 506, 26, 
0, 385, 486, 354, 563, 342, 437, 
0, 522, 461, 25, 783, 800, 
0, 132, 541, 534, 167, 696, 345, 
0, 392, 108, 419, 14, 250, 
0, 315, 204, 691, 218, 24, 
0, 494, 507, 374, 708, 237, 438, 
0, 537, 55, 615, 605, 
0, 686, 412, 666, 
0, 230, 370, 672, 213, 728, 754, 
0, 767, 83, 479, 88, 555, 347, 
0, 267, 184, 694, 263, 112, 
0, 422, 580, 312, 499, 219, 699, 597, 
0, 532, 157, 583, 653, 105, 
0, 452, 796, 47, 337, 131, 94, 
0, 680, 206, 202, 73, 89, 309, 
0, 143, 265, 78, 630, 29, 138, 
0, 681, 208, 355, 465, 368, 
0, 289, 64, 306, 433, 
0, 503, 415, 562, 62, 413, 336, 
0, 359, 34, 41, 682, 
0, 607, 488, 98, 348, 154, 
0, 239, 140, 63, 155, 427, 
0, 283, 759, 253, 402, 258, 332, 707, 
0, 276, 791, 185, 102, 2, 
0, 266, 344, 561, 201, 470, 18, 
0, 747, 235, 217, 640, 772, 
0, 186, 589, 447, 423, 484, 
