Solution: 144 159198.326000 202398.326000

0, 627, 293, 144, 159, 30, 437, 
0, 763, 589, 393, 453, 310, 
0, 260, 517, 228, 527, 394, 491, 
0, 59, 651, 427, 155, 105, 
0, 162, 698, 72, 68, 308, 277, 
0, 392, 108, 419, 14, 363, 
0, 279, 179, 552, 794, 454, 96, 
0, 197, 486, 354, 306, 665, 
0, 442, 629, 576, 472, 792, 
0, 762, 395, 701, 311, 573, 467, 
0, 276, 613, 646, 56, 31, 
0, 357, 511, 290, 417, 726, 
0, 127, 580, 312, 449, 297, 399, 
0, 7, 591, 170, 319, 
0, 25, 441, 403, 585, 773, 
0, 599, 755, 222, 458, 551, 604, 
0, 176, 151, 536, 779, 2, 
0, 391, 463, 299, 284, 602, 187, 
0, 537, 416, 679, 608, 383, 
0, 483, 479, 88, 555, 347, 
0, 610, 55, 529, 360, 125, 688, 
0, 567, 351, 53, 534, 167, 696, 345, 
0, 700, 11, 301, 525, 10, 42, 
0, 142, 145, 255, 446, 361, 39, 
0, 150, 380, 615, 784, 605, 
0, 680, 106, 206, 786, 560, 540, 
0, 727, 198, 596, 273, 112, 
0, 464, 120, 694, 86, 771, 
0, 776, 202, 73, 89, 413, 154, 
0, 40, 634, 49, 245, 733, 
0, 346, 381, 44, 620, 426, 660, 
0, 168, 655, 33, 544, 745, 214, 
0, 289, 64, 563, 342, 728, 754, 
0, 409, 136, 251, 238, 433, 
0, 532, 717, 135, 429, 274, 
0, 58, 706, 595, 232, 148, 425, 
0, 182, 327, 493, 19, 550, 220, 
0, 749, 418, 420, 209, 338, 
0, 353, 186, 663, 783, 677, 770, 
0, 494, 509, 47, 131, 94, 
0, 388, 600, 410, 797, 670, 
0, 315, 204, 691, 218, 24, 61, 
0, 110, 730, 530, 223, 364, 725, 
0, 295, 748, 396, 512, 91, 325, 
0, 724, 369, 191, 499, 643, 
0, 287, 744, 28, 714, 572, 247, 
0, 556, 303, 482, 644, 719, 526, 257, 
0, 359, 34, 41, 682, 
0, 751, 690, 689, 367, 661, 440, 
0, 121, 356, 704, 305, 554, 
0, 741, 401, 194, 329, 188, 333, 732, 
0, 57, 780, 225, 107, 101, 317, 
0, 735, 521, 624, 298, 631, 
0, 265, 759, 578, 639, 147, 
0, 448, 793, 637, 124, 123, 
0, 365, 577, 379, 171, 4, 
0, 686, 412, 666, 
0, 117, 226, 570, 38, 271, 
0, 397, 497, 750, 716, 653, 684, 
0, 434, 734, 588, 566, 
0, 500, 90, 87, 3, 721, 
0, 227, 541, 157, 673, 764, 
0, 230, 387, 246, 17, 788, 785, 601, 
0, 174, 675, 543, 200, 642, 
0, 207, 495, 648, 799, 408, 341, 
0, 99, 513, 411, 69, 720, 635, 
0, 270, 695, 20, 652, 702, 574, 
0, 241, 461, 268, 400, 130, 
0, 548, 474, 674, 109, 82, 
0, 692, 790, 242, 743, 233, 
0, 612, 488, 98, 111, 
0, 603, 339, 492, 330, 633, 328, 
0, 239, 658, 583, 584, 742, 84, 
0, 457, 140, 63, 323, 619, 659, 
0, 100, 756, 709, 358, 165, 
0, 141, 766, 244, 447, 445, 80, 
0, 79, 432, 45, 76, 531, 
0, 362, 737, 518, 240, 606, 514, 
0, 340, 35, 626, 52, 46, 152, 
0, 256, 1, 622, 278, 366, 
0, 681, 208, 355, 465, 368, 
0, 669, 210, 158, 92, 581, 
0, 505, 657, 616, 795, 678, 466, 
0, 212, 451, 507, 423, 484, 
0, 386, 439, 654, 542, 456, 533, 
0, 267, 184, 382, 263, 459, 729, 
0, 503, 415, 562, 348, 231, 
0, 778, 286, 636, 575, 48, 510, 524, 
0, 676, 757, 75, 571, 443, 
0, 522, 324, 384, 229, 710, 800, 
0, 747, 235, 217, 640, 772, 
0, 452, 183, 796, 337, 294, 
0, 462, 203, 285, 593, 178, 85, 
0, 215, 693, 777, 565, 81, 313, 
0, 370, 672, 480, 736, 407, 760, 
0, 192, 193, 539, 318, 304, 
0, 656, 738, 349, 564, 559, 
0, 153, 528, 371, 137, 378, 547, 
0, 662, 460, 13, 129, 594, 703, 
0, 173, 27, 104, 478, 405, 715, 
0, 74, 621, 609, 645, 196, 683, 
0, 146, 22, 617, 568, 421, 798, 
0, 6, 314, 126, 516, 50, 259, 
0, 103, 269, 320, 249, 414, 515, 
0, 647, 791, 185, 504, 102, 697, 611, 
0, 711, 628, 280, 51, 705, 248, 
0, 189, 335, 62, 623, 97, 309, 
0, 501, 761, 16, 190, 177, 
0, 765, 731, 450, 485, 128, 282, 
0, 66, 545, 489, 553, 496, 118, 
0, 350, 618, 375, 213, 
0, 430, 538, 781, 668, 473, 376, 
0, 508, 569, 455, 234, 398, 
0, 582, 436, 424, 166, 498, 163, 
0, 767, 296, 428, 334, 292, 
0, 180, 476, 275, 385, 95, 169, 
0, 758, 77, 469, 649, 638, 
0, 753, 502, 161, 625, 523, 
0, 172, 36, 586, 243, 
0, 132, 67, 632, 164, 254, 
0, 266, 344, 561, 558, 752, 789, 
0, 422, 32, 389, 133, 175, 687, 549, 
0, 667, 195, 390, 8, 
0, 404, 722, 116, 782, 343, 60, 
0, 54, 281, 775, 205, 119, 
0, 713, 768, 468, 43, 291, 199, 
0, 739, 78, 181, 264, 373, 592, 
0, 769, 520, 431, 475, 12, 216, 
0, 444, 122, 211, 21, 71, 787, 
0, 261, 300, 435, 579, 302, 471, 
0, 321, 83, 331, 258, 332, 707, 
0, 262, 65, 149, 614, 219, 699, 597, 
0, 723, 718, 70, 590, 
0, 272, 224, 685, 201, 470, 18, 
0, 113, 664, 326, 93, 114, 774, 
0, 236, 746, 139, 487, 712, 587, 
0, 316, 352, 519, 477, 506, 26, 37, 
0, 115, 650, 374, 708, 237, 438, 
0, 283, 607, 23, 156, 134, 740, 
0, 160, 252, 322, 9, 641, 307, 
0, 288, 406, 557, 221, 15, 250, 
0, 372, 598, 253, 402, 5, 336, 
0, 535, 490, 546, 377, 
0, 143, 481, 671, 630, 29, 138, 
