Solution: 146 161390.824000 205190.824000

0, 197, 465, 67, 473, 310, 
0, 294, 729, 792, 79, 81, 137, 
0, 150, 86, 397, 460, 44, 215, 
0, 790, 686, 66, 309, 63, 782, 
0, 141, 530, 189, 795, 685, 605, 
0, 269, 371, 395, 186, 337, 394, 
0, 285, 28, 135, 777, 441, 
0, 286, 59, 554, 346, 399, 357, 
0, 512, 174, 774, 467, 787, 
0, 674, 406, 245, 76, 
0, 271, 220, 462, 264, 626, 
0, 796, 552, 544, 331, 640, 127, 
0, 50, 727, 631, 41, 543, 592, 
0, 499, 289, 16, 188, 25, 484, 
0, 431, 325, 160, 556, 383, 280, 
0, 603, 372, 608, 779, 
0, 262, 381, 731, 783, 429, 
0, 497, 414, 781, 662, 336, 
0, 363, 54, 513, 242, 312, 676, 
0, 349, 191, 553, 195, 463, 
0, 361, 490, 230, 119, 635, 
0, 595, 182, 196, 503, 341, 
0, 393, 718, 57, 146, 494, 152, 
0, 133, 213, 679, 38, 380, 250, 
0, 730, 332, 487, 14, 675, 345, 
0, 742, 489, 646, 609, 32, 193, 
0, 690, 666, 36, 288, 693, 260, 
0, 430, 593, 768, 370, 420, 695, 
0, 761, 516, 481, 639, 
0, 651, 56, 523, 335, 444, 
0, 53, 604, 375, 77, 689, 
0, 316, 125, 254, 424, 
0, 470, 274, 591, 558, 563, 
0, 300, 205, 493, 587, 596, 173, 
0, 398, 708, 105, 775, 347, 175, 
0, 275, 606, 222, 252, 153, 
0, 382, 749, 691, 564, 632, 585, 
0, 449, 249, 794, 340, 518, 225, 
0, 709, 620, 442, 439, 39, 472, 
0, 527, 576, 200, 26, 732, 
0, 368, 656, 474, 209, 
0, 166, 457, 539, 707, 800, 376, 
0, 176, 501, 409, 7, 102, 156, 
0, 297, 8, 509, 68, 526, 
0, 328, 581, 362, 323, 311, 211, 
0, 492, 293, 445, 479, 117, 116, 
0, 121, 148, 575, 390, 217, 649, 
0, 158, 616, 715, 84, 162, 
0, 263, 734, 314, 700, 214, 566, 
0, 106, 224, 562, 600, 797, 
0, 745, 303, 112, 219, 455, 6, 
0, 258, 1, 615, 505, 236, 434, 
0, 348, 55, 678, 233, 
0, 223, 524, 379, 776, 578, 765, 
0, 785, 586, 627, 154, 103, 766, 
0, 227, 385, 644, 15, 253, 
0, 51, 410, 665, 377, 658, 
0, 788, 638, 694, 589, 
0, 221, 70, 202, 33, 101, 653, 
0, 752, 391, 415, 313, 2, 
0, 456, 756, 652, 194, 4, 
0, 238, 458, 506, 95, 304, 
0, 100, 717, 21, 411, 49, 712, 
0, 753, 423, 244, 324, 344, 83, 
0, 759, 342, 243, 733, 235, 132, 
0, 12, 534, 109, 617, 436, 48, 
0, 452, 741, 130, 532, 257, 
0, 9, 583, 746, 52, 762, 
0, 697, 287, 265, 713, 
0, 353, 610, 515, 504, 22, 750, 
0, 404, 228, 654, 560, 338, 
0, 177, 572, 798, 123, 168, 402, 
0, 190, 412, 541, 327, 720, 350, 
0, 360, 319, 181, 502, 124, 74, 273, 
0, 711, 367, 60, 607, 507, 663, 
0, 218, 98, 655, 682, 302, 
0, 281, 279, 517, 618, 791, 
0, 495, 536, 45, 528, 159, 306, 
0, 115, 144, 763, 359, 157, 545, 
0, 326, 446, 142, 282, 597, 764, 
0, 426, 724, 580, 743, 784, 
0, 261, 799, 149, 82, 251, 
0, 547, 334, 483, 511, 172, 
0, 339, 739, 392, 421, 548, 24, 
0, 767, 645, 216, 612, 786, 
0, 757, 183, 681, 72, 93, 602, 
0, 546, 468, 454, 5, 73, 
0, 519, 231, 64, 582, 
0, 62, 542, 477, 521, 704, 259, 
0, 551, 751, 208, 17, 491, 276, 
0, 772, 203, 440, 163, 661, 
0, 647, 110, 207, 577, 726, 401, 
0, 46, 111, 255, 396, 538, 
0, 91, 747, 27, 496, 637, 687, 
0, 354, 702, 318, 571, 636, 299, 140, 
0, 680, 386, 23, 97, 92, 320, 
0, 192, 482, 87, 611, 352, 145, 
0, 778, 267, 573, 407, 624, 
0, 315, 199, 447, 598, 11, 330, 
0, 374, 155, 461, 270, 43, 417, 
0, 621, 291, 134, 234, 138, 419, 
0, 668, 96, 590, 641, 
0, 94, 500, 151, 58, 533, 292, 
0, 210, 453, 773, 771, 
0, 510, 559, 229, 633, 522, 
0, 388, 61, 88, 673, 716, 688, 
0, 594, 570, 248, 89, 793, 389, 
0, 725, 622, 555, 469, 131, 
0, 403, 34, 740, 671, 
0, 268, 180, 514, 565, 561, 
0, 714, 629, 42, 246, 721, 
0, 317, 549, 486, 723, 301, 459, 
0, 699, 760, 122, 789, 295, 478, 
0, 433, 648, 613, 29, 540, 650, 
0, 226, 448, 308, 284, 277, 450, 
0, 770, 569, 139, 683, 466, 272, 
0, 744, 754, 40, 104, 143, 120, 
0, 298, 75, 498, 451, 164, 520, 
0, 232, 198, 356, 780, 290, 
0, 108, 684, 18, 643, 568, 201, 
0, 161, 373, 37, 425, 706, 736, 
0, 187, 471, 30, 185, 550, 351, 
0, 657, 758, 677, 365, 364, 171, 
0, 384, 296, 247, 427, 422, 179, 
0, 476, 184, 256, 696, 
0, 355, 413, 416, 305, 599, 
0, 738, 237, 212, 329, 659, 755, 
0, 114, 178, 735, 628, 664, 333, 
0, 239, 737, 128, 480, 698, 579, 
0, 358, 20, 13, 667, 705, 669, 
0, 443, 672, 485, 129, 321, 
0, 537, 508, 405, 126, 630, 719, 
0, 670, 204, 701, 366, 
0, 387, 78, 601, 3, 614, 
0, 278, 703, 660, 35, 99, 85, 
0, 529, 400, 322, 69, 634, 307, 
0, 574, 428, 418, 642, 107, 
0, 167, 432, 118, 567, 588, 80, 
0, 266, 475, 71, 625, 438, 535, 
0, 136, 170, 343, 525, 206, 728, 
0, 435, 623, 584, 619, 147, 
0, 531, 47, 769, 241, 408, 113, 
0, 488, 378, 557, 369, 240, 748, 
0, 464, 437, 283, 19, 65, 722, 
0, 710, 31, 169, 
0, 165, 90, 692, 10, 
