Solution: 150 162767.752000 207767.752000

0, 279, 61, 138, 304, 572, 
0, 362, 352, 760, 750, 582, 769, 
0, 650, 192, 231, 
0, 187, 613, 604, 1, 672, 
0, 204, 74, 442, 164, 662, 623, 
0, 223, 448, 389, 320, 342, 172, 
0, 225, 289, 553, 215, 155, 787, 
0, 257, 384, 523, 26, 663, 726, 
0, 350, 413, 416, 615, 601, 
0, 489, 678, 364, 508, 230, 437, 
0, 9, 189, 108, 127, 318, 767, 
0, 552, 755, 80, 648, 
0, 363, 56, 18, 235, 43, 594, 
0, 661, 616, 518, 301, 565, 
0, 438, 659, 153, 35, 377, 
0, 180, 337, 319, 510, 78, 794, 599, 
0, 482, 614, 593, 722, 748, 163, 
0, 598, 427, 699, 562, 244, 
0, 761, 671, 682, 76, 647, 
0, 247, 607, 85, 227, 
0, 772, 501, 255, 470, 146, 
0, 376, 426, 39, 560, 418, 
0, 216, 94, 652, 378, 691, 15, 
0, 764, 260, 447, 600, 7, 323, 
0, 681, 137, 238, 739, 229, 379, 
0, 522, 702, 24, 356, 525, 571, 
0, 789, 142, 532, 774, 
0, 170, 140, 373, 777, 564, 
0, 730, 271, 458, 292, 360, 
0, 102, 619, 574, 521, 788, 
0, 382, 753, 71, 620, 21, 
0, 159, 670, 462, 365, 
0, 220, 660, 540, 195, 2, 241, 
0, 717, 709, 751, 583, 
0, 595, 303, 111, 99, 4, 334, 
0, 434, 113, 348, 283, 262, 
0, 152, 509, 282, 411, 720, 
0, 315, 351, 494, 589, 597, 30, 
0, 757, 392, 693, 407, 
0, 499, 284, 205, 551, 492, 103, 
0, 129, 72, 135, 643, 143, 209, 
0, 531, 401, 420, 158, 495, 
0, 533, 366, 526, 358, 
0, 443, 175, 778, 651, 468, 786, 
0, 106, 191, 12, 184, 331, 724, 
0, 546, 469, 3, 95, 719, 
0, 388, 446, 141, 346, 714, 
0, 274, 603, 657, 417, 194, 
0, 459, 472, 267, 
0, 692, 10, 610, 290, 8, 317, 
0, 386, 460, 276, 633, 626, 182, 
0, 107, 385, 65, 6, 
0, 5, 561, 306, 278, 270, 395, 
0, 62, 543, 479, 630, 245, 
0, 504, 171, 36, 381, 712, 669, 
0, 491, 122, 634, 701, 
0, 174, 641, 277, 66, 63, 450, 
0, 254, 740, 312, 705, 211, 689, 
0, 716, 28, 485, 144, 528, 
0, 497, 414, 333, 475, 
0, 314, 40, 680, 210, 
0, 792, 655, 476, 473, 483, 754, 
0, 455, 744, 707, 157, 98, 
0, 54, 77, 465, 13, 109, 
0, 490, 150, 645, 22, 573, 
0, 596, 179, 673, 503, 336, 
0, 710, 500, 83, 59, 361, 
0, 298, 200, 67, 307, 727, 
0, 545, 586, 779, 46, 232, 752, 
0, 343, 729, 536, 556, 746, 554, 
0, 299, 261, 20, 117, 590, 697, 
0, 733, 425, 498, 454, 237, 
0, 656, 763, 441, 239, 309, 547, 
0, 322, 73, 183, 329, 453, 530, 
0, 340, 321, 161, 45, 41, 
0, 644, 57, 372, 444, 291, 
0, 478, 715, 101, 780, 800, 
0, 394, 493, 445, 481, 116, 273, 
0, 529, 579, 148, 618, 770, 
0, 38, 749, 424, 87, 371, 
0, 269, 154, 688, 581, 785, 431, 
0, 668, 92, 784, 110, 
0, 631, 700, 374, 228, 136, 
0, 756, 173, 587, 791, 451, 300, 
0, 745, 559, 519, 617, 736, 
0, 666, 221, 338, 664, 387, 
0, 218, 467, 687, 97, 408, 
0, 539, 511, 367, 125, 
0, 461, 105, 69, 570, 439, 51, 
0, 737, 88, 405, 64, 713, 624, 
0, 608, 50, 609, 201, 
0, 403, 563, 353, 246, 234, 653, 
0, 747, 759, 507, 339, 264, 
0, 188, 639, 542, 213, 422, 196, 
0, 758, 84, 398, 464, 419, 480, 
0, 718, 775, 665, 311, 686, 606, 
0, 773, 25, 133, 781, 380, 
0, 281, 60, 558, 341, 400, 568, 
0, 49, 272, 251, 397, 47, 537, 
0, 185, 123, 694, 515, 549, 
0, 296, 471, 326, 11, 798, 402, 
0, 505, 193, 592, 695, 690, 
0, 162, 68, 429, 541, 741, 
0, 100, 198, 236, 683, 165, 
0, 166, 776, 698, 302, 285, 
0, 226, 440, 206, 370, 731, 783, 706, 
0, 345, 375, 37, 390, 642, 207, 
0, 611, 203, 734, 514, 268, 
0, 253, 293, 580, 124, 266, 139, 
0, 167, 202, 149, 768, 391, 487, 
0, 588, 486, 544, 632, 242, 
0, 449, 795, 42, 335, 119, 222, 
0, 399, 181, 506, 369, 432, 
0, 52, 410, 219, 93, 89, 112, 
0, 762, 286, 132, 404, 605, 
0, 721, 265, 638, 104, 
0, 796, 280, 621, 81, 23, 738, 
0, 517, 550, 243, 728, 328, 622, 
0, 131, 256, 654, 569, 627, 
0, 29, 743, 585, 
0, 53, 294, 58, 147, 423, 
0, 355, 96, 527, 31, 463, 
0, 357, 27, 628, 428, 
0, 259, 177, 790, 32, 275, 330, 
0, 696, 19, 90, 474, 
0, 577, 433, 771, 197, 635, 115, 
0, 766, 121, 765, 233, 409, 169, 512, 
0, 735, 477, 14, 578, 134, 
0, 332, 742, 393, 70, 156, 555, 
0, 250, 452, 520, 17, 535, 287, 
0, 263, 217, 675, 86, 456, 516, 
0, 34, 44, 240, 214, 91, 
0, 676, 199, 406, 649, 354, 82, 
0, 190, 557, 679, 347, 368, 308, 
0, 723, 288, 128, 637, 674, 
0, 252, 799, 591, 
0, 566, 349, 48, 658, 160, 684, 305, 
0, 114, 258, 145, 782, 
0, 383, 327, 430, 575, 629, 297, 466, 
0, 646, 576, 488, 16, 548, 212, 
0, 224, 316, 178, 151, 524, 421, 
0, 457, 79, 625, 310, 677, 33, 
0, 168, 636, 435, 396, 118, 
0, 704, 295, 567, 602, 415, 797, 
0, 120, 538, 325, 534, 248, 
0, 496, 708, 502, 711, 186, 176, 
0, 436, 412, 324, 612, 725, 344, 
0, 640, 667, 249, 75, 513, 55, 
0, 208, 685, 126, 793, 313, 
0, 130, 732, 484, 703, 359, 584, 
