Solution: 148 162982.358000 207382.358000

0, 730, 572, 683, 194, 4, 
0, 772, 90, 405, 126, 157, 
0, 268, 180, 7, 565, 436, 48, 
0, 12, 724, 109, 534, 580, 
0, 169, 456, 763, 359, 444, 
0, 315, 199, 447, 598, 11, 330, 
0, 210, 654, 544, 640, 
0, 437, 110, 66, 309, 63, 722, 
0, 286, 59, 554, 399, 563, 
0, 203, 150, 652, 163, 661, 211, 
0, 426, 553, 195, 743, 784, 
0, 187, 471, 30, 662, 336, 
0, 348, 774, 514, 467, 787, 
0, 770, 367, 608, 779, 624, 
0, 167, 490, 230, 119, 635, 
0, 316, 686, 577, 780, 715, 
0, 223, 457, 539, 707, 568, 
0, 115, 144, 747, 27, 394, 
0, 263, 379, 756, 746, 52, 762, 
0, 569, 60, 139, 607, 507, 663, 
0, 278, 703, 660, 35, 99, 85, 
0, 443, 672, 485, 129, 321, 
0, 192, 482, 87, 611, 352, 145, 
0, 50, 222, 513, 242, 466, 272, 
0, 166, 684, 567, 335, 588, 80, 
0, 106, 224, 518, 365, 236, 434, 
0, 285, 734, 314, 496, 637, 566, 
0, 458, 300, 149, 95, 304, 
0, 298, 386, 23, 97, 92, 
0, 495, 536, 528, 159, 306, 
0, 711, 28, 135, 600, 132, 
0, 699, 8, 733, 235, 377, 
0, 53, 142, 78, 597, 688, 
0, 657, 758, 439, 244, 526, 
0, 738, 237, 559, 522, 424, 
0, 725, 555, 265, 713, 
0, 354, 702, 318, 571, 636, 299, 140, 
0, 574, 428, 418, 421, 548, 24, 
0, 382, 176, 55, 678, 626, 310, 
0, 227, 319, 181, 576, 217, 786, 
0, 363, 727, 631, 312, 676, 605, 
0, 393, 492, 57, 146, 494, 
0, 742, 489, 646, 609, 32, 193, 
0, 435, 500, 151, 58, 225, 
0, 537, 508, 523, 186, 337, 201, 
0, 269, 371, 395, 700, 214, 687, 592, 
0, 238, 205, 16, 188, 25, 
0, 651, 56, 432, 543, 41, 520, 
0, 527, 148, 575, 390, 650, 116, 
0, 46, 96, 644, 111, 538, 
0, 759, 342, 248, 564, 455, 6, 
0, 374, 620, 423, 451, 164, 
0, 670, 204, 506, 346, 429, 
0, 361, 410, 665, 313, 
0, 339, 739, 392, 241, 408, 113, 
0, 547, 334, 483, 704, 521, 259, 
0, 778, 165, 64, 582, 
0, 360, 70, 473, 469, 131, 
0, 114, 666, 155, 43, 693, 705, 
0, 177, 440, 256, 696, 
0, 355, 267, 416, 305, 599, 658, 
0, 221, 197, 67, 33, 101, 
0, 384, 296, 427, 17, 511, 172, 
0, 158, 470, 274, 245, 84, 162, 
0, 488, 378, 442, 44, 748, 215, 
0, 258, 1, 615, 505, 143, 83, 
0, 51, 595, 404, 671, 
0, 546, 468, 454, 5, 73, 
0, 202, 465, 604, 375, 77, 764, 
0, 757, 718, 445, 479, 117, 419, 
0, 398, 708, 105, 775, 347, 175, 
0, 239, 792, 322, 69, 634, 307, 
0, 161, 373, 37, 425, 706, 736, 
0, 623, 174, 584, 723, 376, 
0, 358, 461, 270, 36, 380, 320, 
0, 261, 510, 229, 633, 
0, 799, 212, 34, 503, 685, 
0, 603, 47, 773, 480, 698, 579, 
0, 586, 737, 128, 79, 793, 127, 
0, 275, 183, 681, 331, 560, 72, 
0, 108, 643, 18, 118, 630, 719, 
0, 9, 362, 677, 311, 39, 
0, 690, 13, 20, 562, 260, 797, 
0, 62, 542, 502, 124, 422, 273, 
0, 529, 400, 112, 15, 253, 649, 
0, 744, 754, 40, 104, 533, 292, 
0, 499, 289, 208, 82, 179, 484, 
0, 190, 412, 541, 327, 107, 766, 
0, 431, 325, 160, 509, 68, 472, 
0, 218, 446, 282, 185, 550, 351, 
0, 353, 610, 290, 209, 701, 366, 
0, 497, 414, 102, 682, 689, 
0, 745, 570, 691, 625, 632, 156, 
0, 271, 220, 462, 641, 716, 
0, 464, 403, 125, 254, 
0, 591, 616, 558, 
0, 430, 593, 768, 370, 420, 695, 
0, 326, 385, 601, 614, 3, 74, 
0, 121, 45, 329, 659, 755, 
0, 519, 573, 407, 
0, 512, 549, 486, 301, 628, 333, 
0, 752, 391, 189, 795, 93, 602, 
0, 668, 98, 655, 264, 463, 
0, 94, 213, 178, 735, 664, 459, 
0, 524, 328, 583, 776, 800, 
0, 761, 516, 481, 639, 369, 345, 
0, 281, 279, 517, 618, 791, 
0, 449, 249, 794, 120, 344, 288, 
0, 647, 207, 731, 783, 76, 
0, 387, 629, 42, 246, 721, 
0, 788, 638, 694, 589, 
0, 714, 590, 781, 
0, 226, 448, 557, 323, 578, 765, 
0, 476, 86, 397, 364, 450, 171, 
0, 621, 291, 134, 234, 138, 
0, 680, 760, 297, 789, 295, 280, 
0, 266, 749, 255, 396, 535, 438, 585, 
0, 709, 122, 123, 168, 675, 
0, 54, 487, 332, 14, 798, 402, 
0, 785, 182, 196, 415, 341, 
0, 91, 231, 692, 10, 545, 
0, 388, 61, 88, 673, 
0, 594, 303, 219, 642, 152, 
0, 368, 656, 474, 726, 401, 750, 
0, 674, 406, 515, 504, 22, 596, 
0, 767, 645, 216, 612, 720, 350, 
0, 606, 372, 769, 777, 441, 
0, 697, 622, 71, 653, 137, 
0, 531, 453, 252, 153, 
0, 753, 75, 498, 460, 240, 478, 
0, 413, 729, 243, 667, 417, 
0, 262, 247, 381, 491, 276, 
0, 349, 191, 617, 302, 561, 
0, 452, 293, 130, 532, 257, 
0, 710, 31, 740, 2, 
0, 136, 170, 343, 525, 206, 728, 
0, 317, 340, 324, 556, 383, 
0, 796, 627, 741, 154, 103, 
0, 100, 717, 21, 411, 49, 712, 
0, 501, 409, 287, 233, 619, 147, 
0, 551, 751, 477, 251, 
0, 184, 581, 308, 284, 277, 
0, 790, 356, 493, 587, 173, 357, 
0, 433, 648, 613, 29, 540, 200, 
0, 228, 294, 552, 89, 81, 389, 
0, 141, 530, 771, 338, 26, 732, 
0, 232, 198, 283, 19, 65, 782, 
0, 133, 475, 679, 38, 669, 250, 
