Solution: 145 157752.350000 201252.350000

0, 239, 140, 63, 155, 427, 
0, 168, 620, 33, 544, 660, 426, 
0, 189, 759, 253, 402, 258, 332, 707, 
0, 434, 734, 588, 752, 558, 
0, 388, 185, 191, 209, 
0, 266, 83, 479, 88, 555, 347, 
0, 103, 269, 320, 512, 91, 325, 
0, 680, 108, 694, 263, 318, 
0, 182, 35, 626, 19, 550, 220, 
0, 656, 738, 249, 414, 515, 514, 
0, 315, 468, 11, 43, 705, 248, 
0, 416, 493, 327, 475, 799, 408, 
0, 59, 651, 166, 498, 163, 
0, 227, 545, 482, 526, 719, 257, 
0, 618, 352, 519, 477, 506, 26, 
0, 509, 432, 45, 564, 291, 259, 
0, 143, 265, 671, 630, 639, 592, 
0, 6, 314, 126, 516, 50, 152, 
0, 462, 203, 285, 21, 71, 736, 277, 
0, 610, 380, 777, 311, 573, 467, 
0, 686, 36, 586, 
0, 58, 418, 420, 504, 338, 
0, 676, 757, 623, 111, 413, 
0, 397, 731, 450, 485, 128, 282, 
0, 739, 481, 691, 51, 10, 42, 
0, 556, 210, 16, 190, 30, 491, 
0, 359, 34, 41, 682, 
0, 296, 538, 781, 668, 473, 792, 
0, 321, 74, 609, 645, 638, 
0, 117, 226, 570, 38, 271, 
0, 387, 300, 579, 302, 471, 
0, 279, 629, 576, 472, 523, 156, 
0, 270, 379, 401, 714, 572, 399, 
0, 316, 27, 158, 104, 306, 
0, 129, 695, 20, 652, 200, 642, 
0, 613, 780, 225, 107, 101, 317, 
0, 132, 541, 534, 167, 696, 345, 
0, 346, 655, 44, 745, 684, 
0, 735, 280, 521, 624, 134, 740, 
0, 121, 356, 704, 305, 554, 
0, 57, 32, 389, 133, 175, 549, 
0, 100, 153, 709, 8, 
0, 261, 211, 72, 68, 787, 
0, 494, 507, 374, 708, 237, 438, 
0, 295, 748, 396, 428, 334, 
0, 548, 474, 674, 794, 364, 
0, 442, 179, 552, 454, 725, 
0, 283, 607, 23, 231, 
0, 370, 672, 480, 213, 407, 760, 
0, 180, 476, 275, 95, 169, 
0, 386, 503, 415, 430, 348, 373, 
0, 599, 436, 424, 221, 15, 250, 
0, 751, 562, 335, 298, 363, 
0, 700, 339, 492, 223, 678, 199, 
0, 765, 151, 536, 779, 
0, 172, 287, 701, 784, 243, 
0, 500, 90, 87, 3, 621, 683, 
0, 448, 793, 637, 382, 86, 771, 
0, 207, 495, 400, 130, 171, 
0, 272, 224, 469, 685, 459, 729, 
0, 256, 455, 622, 234, 440, 94, 
0, 769, 520, 431, 244, 445, 46, 
0, 747, 235, 217, 640, 772, 
0, 192, 583, 584, 214, 742, 84, 
0, 66, 717, 135, 553, 177, 
0, 766, 690, 1, 367, 661, 294, 
0, 763, 589, 278, 393, 366, 453, 
0, 567, 351, 53, 673, 764, 
0, 385, 208, 412, 666, 355, 368, 
0, 577, 65, 149, 614, 4, 247, 
0, 776, 202, 419, 14, 123, 
0, 173, 303, 581, 478, 405, 715, 
0, 110, 730, 530, 330, 633, 328, 
0, 174, 675, 194, 594, 703, 
0, 276, 791, 706, 595, 148, 425, 
0, 713, 768, 301, 525, 233, 383, 
0, 215, 664, 546, 326, 
0, 522, 324, 384, 229, 710, 800, 
0, 25, 441, 116, 319, 585, 773, 
0, 535, 406, 557, 377, 
0, 365, 737, 518, 240, 219, 
0, 778, 286, 636, 575, 48, 510, 524, 
0, 181, 264, 488, 98, 376, 
0, 236, 755, 578, 551, 29, 138, 
0, 711, 628, 78, 24, 147, 
0, 162, 698, 375, 593, 601, 178, 
0, 692, 790, 242, 743, 606, 559, 
0, 667, 195, 749, 
0, 260, 517, 228, 159, 527, 394, 
0, 753, 502, 161, 625, 466, 
0, 340, 451, 447, 423, 484, 
0, 457, 750, 716, 164, 254, 
0, 756, 99, 411, 69, 720, 333, 732, 
0, 344, 193, 539, 304, 566, 
0, 452, 796, 47, 337, 131, 398, 
0, 160, 204, 252, 9, 641, 307, 
0, 647, 600, 410, 797, 2, 
0, 724, 369, 679, 608, 125, 688, 
0, 127, 580, 312, 499, 643, 699, 597, 
0, 490, 767, 222, 458, 5, 336, 
0, 409, 136, 251, 238, 670, 
0, 142, 145, 255, 446, 361, 587, 
0, 741, 528, 371, 137, 378, 635, 
0, 262, 744, 28, 188, 449, 39, 
0, 372, 612, 62, 97, 631, 154, 
0, 532, 157, 658, 653, 105, 659, 
0, 508, 569, 109, 82, 96, 
0, 267, 184, 561, 201, 470, 18, 
0, 176, 513, 13, 329, 297, 
0, 7, 403, 170, 677, 770, 
0, 422, 241, 663, 783, 687, 341, 
0, 404, 722, 591, 782, 343, 60, 
0, 505, 657, 218, 322, 
0, 197, 681, 465, 754, 85, 
0, 350, 486, 354, 665, 292, 
0, 289, 64, 563, 342, 728, 437, 
0, 439, 281, 634, 649, 196, 721, 
0, 762, 395, 529, 360, 102, 697, 611, 
0, 483, 381, 323, 619, 604, 
0, 662, 460, 390, 358, 165, 547, 
0, 543, 461, 268, 702, 574, 
0, 391, 463, 299, 284, 602, 187, 
0, 115, 650, 353, 648, 12, 216, 
0, 723, 718, 70, 590, 
0, 464, 120, 75, 571, 443, 789, 
0, 501, 761, 92, 644, 429, 274, 
0, 582, 598, 775, 205, 119, 
0, 497, 67, 632, 31, 114, 774, 
0, 288, 150, 646, 56, 81, 313, 
0, 392, 106, 206, 786, 560, 540, 
0, 40, 49, 245, 331, 733, 
0, 146, 22, 617, 568, 421, 798, 
0, 357, 511, 290, 417, 726, 
0, 727, 198, 596, 273, 112, 
0, 113, 746, 139, 487, 712, 61, 
0, 627, 293, 144, 232, 433, 
0, 603, 183, 616, 795, 
0, 758, 77, 73, 89, 309, 
0, 230, 444, 122, 308, 788, 785, 37, 
0, 212, 186, 689, 310, 52, 80, 
0, 54, 124, 654, 542, 456, 533, 
0, 362, 693, 565, 93, 
0, 537, 55, 615, 605, 
0, 669, 489, 246, 435, 17, 496, 118, 
0, 141, 79, 349, 76, 531, 
