Solution: 146 161628.516000 205428.516000

0, 479, 366, 497, 440, 163, 
0, 133, 76, 111, 19, 531, 122, 
0, 623, 282, 35, 199, 231, 
0, 168, 275, 88, 541, 41, 499, 670, 
0, 657, 186, 128, 566, 281, 
0, 277, 505, 217, 148, 521, 403, 
0, 144, 360, 773, 780, 425, 
0, 770, 70, 412, 538, 649, 
0, 756, 409, 410, 671, 677, 
0, 739, 224, 206, 748, 661, 
0, 599, 388, 190, 494, 331, 
0, 394, 230, 634, 674, 367, 554, 
0, 8, 730, 116, 532, 586, 
0, 52, 28, 137, 141, 785, 307, 
0, 745, 757, 547, 789, 437, 
0, 375, 102, 788, 536, 439, 326, 
0, 428, 12, 268, 75, 548, 
0, 434, 427, 794, 330, 628, 321, 
0, 165, 667, 185, 697, 631, 726, 
0, 242, 475, 614, 220, 
0, 341, 197, 292, 592, 172, 80, 
0, 755, 781, 255, 295, 602, 
0, 349, 333, 568, 374, 259, 37, 
0, 449, 192, 272, 17, 65, 728, 
0, 215, 534, 127, 714, 246, 
0, 721, 776, 672, 604, 299, 685, 
0, 731, 624, 557, 579, 
0, 338, 184, 132, 189, 744, 553, 
0, 124, 32, 622, 232, 223, 381, 
0, 249, 799, 316, 529, 378, 476, 
0, 516, 344, 701, 294, 550, 
0, 676, 74, 328, 465, 139, 
0, 650, 59, 522, 66, 716, 
0, 38, 415, 119, 156, 13, 348, 
0, 342, 396, 399, 390, 
0, 699, 200, 469, 640, 180, 176, 
0, 761, 429, 318, 51, 99, 606, 
0, 213, 448, 218, 718, 800, 544, 
0, 48, 269, 771, 194, 247, 535, 
0, 174, 353, 466, 732, 22, 753, 
0, 413, 555, 94, 633, 
0, 420, 112, 454, 402, 170, 205, 
0, 6, 1, 438, 513, 283, 
0, 250, 577, 398, 300, 207, 695, 597, 
0, 214, 433, 297, 273, 266, 173, 
0, 734, 311, 159, 558, 371, 44, 
0, 216, 738, 691, 87, 637, 317, 
0, 543, 459, 666, 36, 78, 
0, 312, 463, 518, 30, 105, 
0, 258, 689, 16, 323, 179, 
0, 380, 484, 430, 445, 646, 270, 
0, 379, 442, 245, 240, 603, 502, 
0, 487, 540, 143, 407, 263, 
0, 110, 644, 759, 747, 583, 769, 
0, 204, 257, 309, 501, 503, 57, 
0, 796, 276, 542, 130, 643, 237, 
0, 546, 322, 368, 549, 483, 113, 
0, 256, 177, 364, 81, 696, 15, 
0, 303, 618, 369, 584, 
0, 265, 609, 610, 795, 626, 
0, 774, 274, 632, 488, 639, 
0, 790, 663, 203, 280, 
0, 183, 60, 315, 210, 690, 296, 
0, 157, 596, 560, 655, 411, 
0, 225, 387, 702, 221, 140, 
0, 574, 62, 142, 572, 517, 
0, 659, 279, 202, 89, 578, 
0, 489, 397, 325, 669, 404, 
0, 252, 500, 524, 212, 324, 729, 
0, 684, 196, 389, 656, 710, 
0, 106, 654, 131, 562, 77, 301, 
0, 334, 686, 310, 351, 498, 435, 
0, 97, 705, 27, 345, 523, 382, 
0, 227, 64, 711, 152, 107, 
0, 291, 461, 343, 357, 45, 751, 
0, 370, 752, 698, 567, 635, 591, 
0, 421, 492, 443, 103, 91, 
0, 740, 332, 73, 226, 392, 166, 797, 
0, 613, 117, 68, 582, 782, 600, 
0, 436, 746, 236, 108, 3, 601, 
0, 150, 694, 201, 14, 506, 171, 
0, 135, 733, 473, 707, 347, 585, 
0, 228, 490, 424, 244, 630, 
0, 772, 493, 393, 408, 356, 736, 
0, 678, 188, 264, 233, 92, 161, 
0, 668, 750, 510, 563, 50, 
0, 451, 569, 71, 93, 627, 
0, 720, 712, 67, 588, 
0, 741, 763, 95, 406, 358, 
0, 293, 418, 537, 383, 121, 638, 
0, 267, 713, 149, 573, 458, 515, 
0, 766, 447, 373, 7, 155, 
0, 749, 96, 354, 129, 359, 
0, 743, 621, 480, 126, 198, 453, 
0, 526, 306, 305, 576, 581, 79, 
0, 528, 352, 182, 620, 
0, 219, 452, 24, 335, 723, 565, 
0, 136, 253, 556, 460, 134, 
0, 481, 147, 651, 162, 704, 416, 
0, 737, 384, 25, 709, 570, 235, 
0, 495, 169, 611, 791, 400, 154, 
0, 175, 512, 474, 642, 545, 208, 
0, 138, 18, 9, 564, 401, 
0, 708, 764, 290, 519, 222, 
0, 527, 386, 211, 90, 26, 
0, 491, 288, 234, 414, 320, 457, 
0, 302, 5, 612, 285, 525, 146, 
0, 362, 673, 455, 153, 278, 715, 
0, 722, 595, 262, 625, 533, 
0, 53, 641, 594, 679, 
0, 787, 178, 688, 775, 365, 692, 
0, 706, 725, 20, 786, 
0, 327, 530, 778, 658, 784, 
0, 552, 754, 520, 239, 
0, 164, 485, 511, 462, 472, 496, 33, 
0, 652, 319, 478, 10, 798, 471, 
0, 470, 83, 551, 340, 
0, 100, 40, 432, 559, 314, 
0, 664, 762, 423, 426, 298, 248, 
0, 760, 680, 477, 251, 456, 508, 
0, 514, 719, 589, 308, 55, 765, 
0, 441, 742, 47, 665, 158, 758, 
0, 181, 109, 195, 783, 271, 
0, 598, 575, 507, 422, 444, 329, 
0, 450, 63, 605, 2, 617, 681, 
0, 123, 284, 486, 114, 151, 648, 
0, 115, 11, 571, 593, 700, 
0, 687, 372, 23, 167, 229, 86, 
0, 304, 238, 590, 61, 363, 
0, 735, 467, 662, 21, 653, 376, 
0, 34, 629, 42, 724, 193, 
0, 54, 645, 289, 405, 682, 
0, 254, 431, 145, 82, 187, 717, 
0, 419, 580, 616, 29, 727, 339, 
0, 191, 693, 69, 286, 
0, 56, 85, 287, 683, 446, 767, 
0, 482, 58, 509, 101, 98, 261, 
0, 647, 675, 792, 84, 793, 313, 
0, 361, 31, 561, 636, 768, 
0, 160, 395, 539, 209, 615, 703, 
0, 417, 39, 504, 72, 43, 464, 
0, 355, 125, 243, 385, 46, 241, 
0, 607, 49, 777, 346, 120, 
0, 468, 587, 350, 377, 779, 336, 
0, 337, 104, 4, 619, 391, 
0, 260, 608, 660, 118, 
