Solution: 148 162316.070000 206716.070000

0, 339, 739, 392, 241, 408, 698, 579, 
0, 651, 456, 763, 359, 444, 
0, 681, 654, 544, 331, 
0, 714, 590, 111, 
0, 169, 141, 372, 773, 72, 602, 
0, 657, 758, 439, 244, 451, 345, 
0, 524, 457, 379, 707, 578, 765, 
0, 166, 684, 18, 643, 194, 635, 
0, 433, 648, 575, 390, 217, 306, 
0, 161, 373, 37, 425, 706, 
0, 281, 475, 71, 625, 
0, 197, 465, 67, 33, 101, 
0, 476, 708, 105, 775, 347, 175, 
0, 387, 142, 78, 641, 
0, 326, 471, 30, 185, 550, 351, 
0, 621, 291, 134, 103, 26, 732, 
0, 680, 386, 23, 97, 466, 272, 
0, 531, 367, 608, 624, 
0, 114, 666, 155, 43, 693, 705, 
0, 709, 620, 442, 44, 240, 478, 
0, 358, 8, 509, 68, 417, 
0, 371, 328, 583, 746, 52, 762, 
0, 551, 751, 477, 251, 
0, 510, 329, 229, 532, 257, 
0, 363, 54, 123, 683, 164, 663, 
0, 316, 616, 715, 84, 162, 
0, 56, 395, 700, 214, 687, 592, 
0, 770, 28, 243, 667, 380, 250, 
0, 490, 150, 652, 230, 776, 800, 
0, 382, 570, 248, 89, 640, 127, 
0, 108, 118, 567, 335, 80, 
0, 398, 226, 378, 311, 39, 472, 
0, 374, 325, 754, 40, 225, 
0, 190, 412, 541, 613, 736, 650, 
0, 435, 623, 584, 619, 147, 
0, 384, 296, 16, 188, 25, 
0, 167, 432, 539, 186, 337, 201, 
0, 228, 294, 552, 421, 548, 24, 
0, 106, 224, 609, 791, 32, 459, 
0, 348, 302, 514, 565, 561, 
0, 388, 61, 88, 282, 597, 688, 
0, 285, 38, 679, 213, 137, 
0, 470, 274, 591, 558, 304, 
0, 393, 718, 57, 146, 494, 152, 
0, 495, 702, 318, 571, 636, 299, 74, 
0, 100, 717, 21, 411, 49, 712, 
0, 315, 199, 447, 598, 11, 330, 
0, 547, 334, 483, 511, 172, 
0, 738, 125, 254, 
0, 177, 184, 440, 256, 661, 
0, 227, 319, 181, 528, 159, 350, 
0, 745, 737, 128, 480, 441, 
0, 529, 400, 792, 79, 81, 793, 389, 
0, 269, 487, 332, 14, 798, 402, 
0, 115, 144, 747, 27, 394, 
0, 258, 1, 518, 104, 533, 292, 
0, 50, 222, 92, 543, 41, 520, 
0, 98, 655, 7, 102, 156, 
0, 136, 170, 343, 525, 206, 260, 
0, 799, 82, 149, 95, 179, 484, 
0, 512, 174, 774, 467, 787, 
0, 263, 734, 314, 496, 637, 566, 
0, 431, 160, 324, 556, 383, 280, 
0, 187, 781, 629, 246, 716, 200, 
0, 423, 75, 498, 460, 748, 215, 
0, 647, 686, 66, 63, 309, 276, 
0, 574, 428, 418, 642, 107, 
0, 239, 729, 252, 600, 132, 797, 
0, 725, 178, 735, 628, 664, 333, 
0, 537, 508, 523, 588, 630, 719, 
0, 94, 749, 255, 396, 535, 438, 
0, 368, 656, 474, 726, 401, 750, 
0, 165, 772, 405, 126, 157, 
0, 690, 13, 20, 562, 377, 
0, 778, 267, 573, 407, 
0, 519, 90, 64, 582, 
0, 796, 627, 445, 479, 117, 
0, 790, 356, 515, 209, 504, 22, 596, 
0, 410, 203, 756, 163, 119, 
0, 710, 31, 740, 
0, 300, 205, 493, 780, 346, 429, 
0, 121, 536, 45, 659, 755, 
0, 278, 703, 660, 35, 99, 85, 
0, 488, 365, 615, 505, 236, 434, 
0, 730, 572, 639, 696, 168, 320, 
0, 192, 489, 265, 233, 
0, 569, 60, 139, 607, 4, 
0, 218, 446, 601, 3, 614, 
0, 223, 86, 397, 369, 568, 
0, 452, 293, 130, 327, 720, 766, 
0, 606, 530, 771, 338, 560, 
0, 271, 220, 462, 673, 
0, 711, 665, 631, 312, 676, 113, 
0, 449, 249, 794, 340, 344, 669, 
0, 262, 381, 247, 427, 17, 491, 
0, 753, 581, 362, 323, 450, 171, 
0, 9, 557, 364, 284, 277, 
0, 221, 482, 87, 611, 352, 145, 
0, 761, 448, 308, 677, 143, 211, 
0, 361, 727, 513, 242, 675, 507, 
0, 697, 622, 279, 469, 131, 
0, 286, 261, 559, 633, 138, 
0, 176, 501, 409, 55, 626, 310, 
0, 668, 70, 202, 644, 538, 336, 
0, 742, 646, 287, 713, 
0, 122, 789, 297, 733, 235, 376, 
0, 744, 500, 151, 58, 120, 
0, 699, 760, 461, 270, 36, 288, 193, 
0, 349, 191, 553, 195, 463, 
0, 767, 645, 216, 612, 786, 
0, 788, 595, 196, 503, 341, 
0, 674, 406, 245, 76, 
0, 437, 110, 207, 19, 65, 722, 
0, 426, 724, 580, 743, 784, 
0, 12, 534, 109, 617, 436, 48, 
0, 275, 785, 182, 415, 93, 685, 605, 
0, 355, 413, 416, 305, 599, 
0, 464, 403, 694, 589, 234, 419, 
0, 603, 47, 769, 313, 
0, 594, 303, 112, 15, 253, 649, 
0, 232, 198, 283, 731, 783, 782, 
0, 546, 468, 454, 5, 73, 
0, 759, 342, 322, 69, 634, 307, 
0, 360, 237, 212, 522, 424, 
0, 298, 516, 481, 295, 526, 
0, 497, 414, 678, 473, 653, 
0, 354, 385, 42, 662, 721, 
0, 238, 458, 506, 587, 173, 366, 701, 
0, 443, 672, 485, 264, 689, 
0, 46, 96, 219, 455, 6, 
0, 183, 555, 517, 618, 728, 
0, 133, 266, 691, 564, 632, 585, 
0, 268, 180, 682, 129, 321, 
0, 670, 204, 357, 
0, 210, 453, 135, 777, 153, 
0, 317, 549, 486, 723, 301, 83, 
0, 62, 542, 502, 124, 422, 273, 
0, 492, 148, 741, 154, 116, 
0, 91, 231, 692, 10, 545, 
0, 353, 610, 577, 290, 
0, 499, 289, 208, 521, 704, 140, 259, 
0, 158, 59, 554, 399, 563, 
0, 527, 576, 29, 540, 
0, 757, 586, 404, 795, 2, 
0, 430, 593, 768, 370, 420, 695, 
0, 51, 638, 34, 671, 
0, 53, 604, 375, 77, 764, 
0, 752, 391, 189, 779, 658, 
