Solution: 147 161571.060000 205671.060000

0, 190, 144, 51, 77, 99, 606, 
0, 183, 395, 539, 209, 615, 649, 
0, 722, 595, 262, 326, 703, 
0, 362, 673, 455, 153, 278, 471, 
0, 361, 31, 561, 636, 281, 
0, 165, 697, 185, 323, 179, 
0, 302, 432, 568, 374, 259, 
0, 380, 484, 430, 445, 646, 270, 
0, 267, 713, 149, 573, 458, 515, 
0, 215, 540, 520, 239, 
0, 756, 490, 454, 402, 45, 751, 
0, 644, 420, 112, 308, 55, 765, 
0, 394, 28, 137, 780, 425, 
0, 197, 117, 201, 14, 506, 171, 
0, 706, 624, 268, 579, 139, 
0, 106, 738, 691, 318, 
0, 657, 186, 27, 345, 523, 382, 
0, 228, 433, 350, 273, 266, 170, 
0, 470, 463, 83, 551, 340, 
0, 242, 475, 20, 786, 
0, 355, 125, 243, 385, 241, 151, 648, 
0, 181, 629, 42, 669, 404, 
0, 327, 530, 778, 614, 627, 
0, 745, 492, 590, 789, 363, 
0, 749, 96, 716, 66, 155, 
0, 97, 705, 373, 7, 
0, 650, 59, 25, 709, 570, 235, 
0, 421, 330, 111, 19, 531, 283, 
0, 249, 799, 316, 529, 378, 476, 
0, 450, 63, 94, 683, 446, 724, 
0, 387, 128, 225, 584, 
0, 219, 452, 24, 176, 411, 
0, 770, 70, 412, 538, 193, 
0, 772, 493, 393, 408, 356, 591, 
0, 495, 169, 611, 791, 126, 736, 
0, 341, 613, 466, 782, 335, 565, 
0, 647, 675, 792, 84, 793, 317, 
0, 110, 478, 319, 10, 704, 416, 
0, 133, 622, 426, 440, 545, 208, 
0, 546, 322, 414, 320, 79, 263, 
0, 449, 192, 663, 280, 172, 80, 
0, 708, 764, 290, 559, 314, 
0, 429, 740, 309, 501, 87, 313, 
0, 743, 480, 333, 628, 671, 400, 
0, 587, 214, 297, 435, 298, 
0, 500, 725, 410, 198, 453, 
0, 293, 481, 759, 747, 630, 
0, 258, 418, 11, 571, 593, 700, 
0, 260, 102, 195, 536, 439, 
0, 552, 368, 234, 640, 714, 246, 
0, 375, 109, 605, 617, 681, 
0, 487, 754, 665, 158, 
0, 277, 505, 217, 148, 521, 403, 
0, 482, 58, 509, 101, 98, 261, 
0, 48, 269, 771, 194, 247, 535, 
0, 434, 757, 794, 78, 122, 
0, 304, 547, 524, 212, 324, 321, 
0, 527, 386, 211, 90, 26, 
0, 6, 377, 351, 498, 223, 381, 
0, 256, 177, 93, 619, 391, 329, 
0, 607, 49, 773, 300, 
0, 468, 719, 589, 779, 336, 173, 
0, 763, 332, 73, 637, 226, 707, 585, 
0, 678, 188, 264, 233, 
0, 160, 616, 29, 210, 727, 339, 
0, 164, 200, 469, 549, 483, 113, 
0, 123, 534, 47, 690, 296, 758, 
0, 761, 609, 610, 795, 626, 
0, 741, 396, 398, 199, 
0, 514, 448, 218, 121, 638, 
0, 676, 74, 118, 46, 444, 
0, 370, 752, 698, 567, 635, 
0, 774, 352, 182, 620, 231, 
0, 34, 325, 30, 518, 105, 
0, 191, 693, 788, 251, 696, 15, 
0, 56, 85, 287, 2, 633, 
0, 664, 762, 423, 232, 525, 146, 
0, 760, 680, 477, 132, 744, 553, 
0, 115, 522, 354, 294, 550, 
0, 739, 224, 206, 748, 661, 
0, 516, 344, 701, 129, 359, 631, 726, 
0, 100, 257, 236, 108, 13, 348, 
0, 157, 596, 560, 655, 566, 
0, 428, 465, 252, 220, 
0, 735, 253, 662, 21, 653, 376, 
0, 699, 292, 485, 592, 33, 22, 
0, 168, 275, 88, 541, 41, 499, 670, 
0, 409, 159, 40, 503, 57, 
0, 766, 689, 16, 383, 163, 229, 
0, 720, 712, 67, 588, 
0, 447, 147, 651, 244, 
0, 687, 634, 519, 564, 365, 
0, 52, 776, 672, 604, 120, 685, 
0, 489, 397, 783, 271, 625, 533, 
0, 174, 353, 272, 17, 65, 728, 
0, 543, 459, 666, 36, 103, 443, 
0, 737, 384, 142, 572, 299, 517, 
0, 526, 306, 127, 143, 407, 180, 
0, 254, 431, 145, 82, 187, 717, 
0, 413, 730, 532, 586, 50, 
0, 796, 276, 542, 130, 643, 237, 
0, 598, 575, 507, 422, 3, 601, 
0, 790, 203, 511, 462, 472, 496, 753, 
0, 659, 279, 202, 89, 578, 
0, 337, 750, 510, 658, 784, 
0, 417, 39, 504, 72, 43, 464, 
0, 303, 618, 369, 710, 92, 161, 
0, 135, 141, 230, 785, 222, 307, 
0, 175, 512, 474, 642, 205, 37, 
0, 623, 282, 35, 221, 140, 
0, 265, 178, 688, 775, 562, 301, 
0, 136, 467, 12, 75, 548, 
0, 53, 641, 594, 679, 
0, 734, 427, 238, 61, 437, 729, 
0, 755, 781, 399, 390, 
0, 338, 4, 69, 104, 154, 
0, 213, 667, 537, 718, 583, 769, 
0, 54, 289, 60, 405, 645, 
0, 76, 1, 438, 513, 91, 
0, 311, 686, 310, 558, 371, 44, 
0, 138, 18, 9, 674, 401, 
0, 342, 255, 577, 295, 602, 
0, 150, 694, 68, 582, 732, 600, 
0, 291, 5, 612, 367, 715, 677, 
0, 731, 557, 621, 460, 134, 
0, 652, 343, 424, 162, 800, 544, 
0, 441, 284, 742, 711, 768, 
0, 528, 442, 473, 392, 166, 797, 
0, 250, 574, 62, 207, 695, 597, 
0, 491, 288, 305, 576, 581, 457, 
0, 216, 733, 245, 346, 
0, 334, 32, 124, 285, 248, 554, 
0, 787, 379, 360, 777, 347, 692, 
0, 312, 608, 660, 364, 81, 767, 
0, 8, 184, 71, 569, 563, 
0, 479, 366, 497, 357, 167, 
0, 227, 64, 152, 107, 
0, 436, 746, 406, 95, 358, 
0, 721, 274, 632, 488, 639, 
0, 702, 599, 388, 494, 331, 
0, 451, 556, 328, 286, 
0, 684, 196, 389, 656, 723, 
0, 419, 580, 315, 114, 682, 
0, 668, 116, 555, 189, 456, 508, 
0, 204, 654, 131, 240, 603, 502, 
0, 38, 415, 119, 156, 486, 
0, 349, 372, 23, 461, 798, 86, 
