Solution: 150 163480.772000 208480.772000

0, 505, 276, 592, 695, 690, 
0, 766, 74, 464, 419, 454, 
0, 345, 375, 37, 579, 422, 196, 
0, 114, 258, 145, 782, 601, 
0, 350, 413, 416, 407, 
0, 789, 596, 673, 404, 605, 
0, 730, 458, 679, 470, 
0, 461, 105, 69, 570, 439, 51, 
0, 436, 390, 58, 612, 725, 344, 
0, 692, 10, 610, 699, 415, 512, 
0, 531, 401, 420, 158, 495, 
0, 718, 526, 609, 201, 
0, 631, 179, 503, 686, 336, 
0, 38, 553, 126, 793, 156, 
0, 62, 543, 479, 630, 245, 
0, 745, 559, 519, 617, 736, 
0, 120, 538, 684, 160, 305, 
0, 34, 44, 240, 329, 453, 530, 
0, 433, 272, 771, 197, 251, 330, 334, 
0, 296, 488, 683, 195, 573, 
0, 52, 775, 219, 93, 89, 379, 
0, 274, 603, 778, 651, 468, 
0, 54, 77, 465, 633, 
0, 185, 123, 515, 537, 4, 599, 
0, 566, 349, 48, 658, 391, 487, 
0, 376, 321, 161, 45, 8, 317, 
0, 758, 425, 498, 798, 11, 209, 
0, 459, 200, 298, 205, 551, 492, 103, 
0, 598, 271, 210, 647, 134, 
0, 131, 477, 14, 71, 21, 
0, 49, 216, 784, 147, 91, 
0, 130, 25, 133, 781, 380, 
0, 507, 426, 39, 560, 418, 
0, 9, 189, 108, 536, 318, 767, 
0, 529, 639, 213, 214, 642, 207, 
0, 175, 343, 97, 76, 408, 146, 
0, 704, 765, 295, 567, 562, 244, 
0, 434, 113, 348, 290, 
0, 170, 142, 532, 584, 564, 313, 
0, 140, 366, 358, 615, 606, 
0, 322, 303, 99, 397, 47, 
0, 386, 460, 556, 554, 746, 182, 
0, 187, 613, 604, 672, 193, 346, 
0, 773, 680, 40, 381, 712, 669, 
0, 747, 759, 42, 335, 143, 
0, 388, 446, 141, 1, 626, 
0, 102, 619, 574, 521, 788, 
0, 332, 742, 393, 75, 78, 794, 
0, 363, 410, 665, 444, 291, 
0, 737, 372, 236, 396, 118, 
0, 792, 655, 476, 731, 307, 268, 
0, 709, 29, 751, 583, 
0, 129, 72, 535, 17, 339, 144, 
0, 167, 494, 370, 206, 722, 
0, 180, 337, 70, 233, 409, 169, 797, 
0, 159, 670, 462, 365, 
0, 757, 392, 693, 311, 
0, 721, 265, 638, 663, 726, 
0, 545, 561, 306, 278, 270, 172, 
0, 552, 755, 80, 648, 
0, 5, 398, 389, 320, 309, 
0, 224, 316, 178, 151, 524, 421, 
0, 449, 243, 328, 622, 664, 463, 
0, 399, 181, 678, 364, 119, 377, 
0, 438, 659, 35, 791, 83, 
0, 250, 452, 520, 508, 230, 395, 
0, 357, 27, 231, 285, 
0, 761, 671, 127, 616, 301, 
0, 533, 50, 777, 774, 
0, 504, 171, 427, 36, 283, 480, 
0, 577, 764, 87, 424, 371, 
0, 162, 68, 429, 541, 741, 
0, 259, 177, 682, 378, 691, 15, 
0, 53, 73, 523, 26, 183, 714, 
0, 166, 279, 702, 24, 
0, 696, 202, 149, 628, 768, 
0, 762, 286, 132, 228, 136, 
0, 546, 469, 3, 95, 222, 
0, 716, 28, 121, 528, 41, 
0, 383, 327, 430, 575, 629, 297, 466, 
0, 106, 191, 12, 117, 624, 724, 
0, 666, 221, 338, 31, 417, 194, 
0, 723, 148, 621, 157, 98, 770, 
0, 152, 509, 282, 411, 720, 
0, 403, 563, 353, 558, 341, 431, 
0, 656, 441, 239, 165, 2, 
0, 261, 299, 435, 636, 184, 
0, 394, 493, 445, 481, 116, 273, 
0, 496, 708, 502, 711, 186, 176, 
0, 174, 641, 277, 589, 597, 30, 
0, 517, 173, 587, 361, 728, 
0, 190, 255, 657, 578, 308, 
0, 611, 351, 783, 473, 483, 754, 
0, 457, 79, 625, 310, 677, 
0, 253, 293, 580, 124, 266, 139, 
0, 252, 799, 325, 534, 248, 
0, 218, 467, 687, 32, 275, 
0, 668, 92, 790, 110, 155, 
0, 225, 289, 685, 81, 23, 738, 
0, 478, 715, 84, 779, 342, 623, 
0, 263, 217, 675, 86, 456, 516, 
0, 204, 101, 586, 750, 582, 769, 
0, 539, 511, 367, 125, 
0, 355, 96, 527, 387, 262, 
0, 281, 60, 246, 234, 653, 
0, 644, 57, 312, 356, 525, 
0, 482, 614, 593, 428, 
0, 100, 634, 442, 164, 752, 555, 
0, 198, 490, 760, 780, 662, 
0, 700, 591, 374, 743, 
0, 717, 472, 267, 82, 163, 
0, 257, 384, 635, 294, 423, 
0, 455, 288, 128, 637, 674, 
0, 710, 500, 153, 59, 300, 
0, 491, 56, 18, 235, 43, 594, 
0, 735, 256, 654, 569, 549, 
0, 382, 753, 694, 620, 627, 
0, 168, 660, 540, 22, 800, 547, 
0, 646, 576, 352, 369, 701, 432, 
0, 497, 414, 333, 292, 360, 
0, 588, 486, 544, 632, 242, 
0, 661, 729, 518, 565, 786, 
0, 681, 137, 238, 739, 229, 
0, 188, 412, 542, 324, 104, 115, 
0, 772, 501, 557, 475, 347, 368, 
0, 443, 94, 652, 13, 109, 
0, 499, 284, 734, 514, 727, 
0, 362, 61, 138, 304, 572, 
0, 489, 506, 46, 232, 402, 264, 
0, 226, 440, 688, 581, 785, 568, 
0, 733, 471, 326, 122, 237, 
0, 107, 385, 65, 6, 
0, 314, 260, 447, 600, 7, 323, 
0, 522, 88, 713, 302, 
0, 776, 698, 405, 64, 331, 571, 241, 
0, 340, 763, 485, 16, 548, 212, 
0, 650, 192, 585, 
0, 254, 740, 20, 705, 211, 689, 
0, 247, 607, 85, 227, 
0, 315, 19, 90, 474, 400, 706, 
0, 595, 749, 111, 215, 787, 
0, 269, 154, 203, 67, 66, 63, 450, 
0, 223, 448, 135, 643, 437, 287, 
0, 608, 373, 484, 703, 359, 33, 
0, 220, 150, 645, 590, 697, 
0, 756, 795, 550, 451, 719, 
0, 676, 199, 406, 649, 354, 748, 
0, 208, 667, 319, 510, 513, 55, 
0, 796, 280, 744, 707, 618, 
0, 640, 732, 249, 602, 112, 
