Solution: 150 163500.344000 208500.344000

0, 250, 452, 520, 335, 143, 119, 
0, 269, 154, 688, 581, 66, 63, 450, 
0, 204, 181, 425, 46, 232, 752, 
0, 107, 385, 312, 705, 184, 
0, 350, 413, 416, 615, 601, 
0, 504, 171, 657, 470, 146, 
0, 174, 472, 267, 231, 583, 
0, 166, 776, 698, 302, 285, 
0, 646, 576, 488, 11, 209, 
0, 131, 210, 680, 40, 381, 555, 
0, 254, 740, 20, 117, 590, 697, 
0, 106, 191, 645, 780, 800, 
0, 114, 258, 145, 356, 525, 571, 241, 
0, 641, 351, 783, 589, 597, 30, 
0, 710, 619, 574, 328, 463, 
0, 745, 559, 519, 617, 736, 
0, 749, 742, 393, 70, 233, 112, 
0, 457, 79, 625, 310, 677, 33, 
0, 130, 666, 36, 699, 712, 669, 
0, 49, 216, 784, 147, 91, 
0, 545, 586, 750, 582, 769, 
0, 363, 221, 338, 622, 31, 417, 
0, 529, 579, 148, 214, 684, 305, 
0, 220, 198, 236, 683, 
0, 383, 327, 734, 514, 268, 
0, 735, 477, 14, 578, 308, 
0, 299, 435, 12, 636, 624, 
0, 676, 199, 406, 354, 82, 163, 
0, 496, 543, 502, 139, 421, 
0, 218, 333, 175, 475, 292, 
0, 225, 289, 544, 87, 21, 242, 
0, 796, 256, 654, 569, 549, 
0, 681, 137, 238, 739, 229, 
0, 700, 591, 631, 503, 336, 
0, 596, 179, 673, 618, 248, 
0, 490, 150, 442, 352, 369, 432, 
0, 403, 246, 29, 
0, 185, 753, 694, 620, 627, 
0, 38, 553, 685, 424, 371, 
0, 764, 343, 97, 76, 408, 
0, 187, 613, 604, 276, 690, 
0, 733, 471, 326, 798, 402, 237, 
0, 433, 272, 771, 197, 116, 
0, 382, 501, 557, 679, 347, 368, 
0, 443, 94, 652, 110, 
0, 595, 303, 99, 397, 47, 
0, 761, 671, 127, 682, 15, 
0, 718, 775, 665, 311, 686, 606, 
0, 388, 446, 141, 1, 672, 182, 
0, 692, 10, 610, 602, 415, 512, 
0, 261, 362, 61, 43, 211, 689, 594, 
0, 253, 293, 575, 629, 580, 266, 
0, 704, 765, 295, 567, 562, 244, 
0, 102, 427, 664, 387, 262, 
0, 121, 321, 161, 45, 528, 
0, 766, 74, 498, 454, 165, 
0, 491, 138, 195, 396, 118, 
0, 315, 353, 558, 341, 722, 748, 
0, 5, 561, 270, 278, 230, 395, 
0, 644, 57, 372, 444, 291, 
0, 773, 366, 609, 201, 
0, 650, 192, 585, 
0, 517, 173, 550, 451, 300, 
0, 478, 715, 101, 779, 662, 
0, 449, 243, 795, 59, 361, 719, 
0, 298, 200, 494, 785, 431, 568, 
0, 281, 60, 563, 234, 653, 
0, 159, 670, 649, 462, 365, 
0, 322, 123, 515, 537, 360, 
0, 296, 56, 122, 235, 547, 379, 
0, 34, 44, 240, 663, 726, 
0, 656, 763, 678, 643, 437, 283, 
0, 730, 271, 458, 647, 134, 
0, 747, 500, 587, 791, 83, 
0, 756, 759, 42, 17, 535, 287, 
0, 505, 193, 592, 265, 642, 
0, 762, 286, 132, 228, 136, 
0, 152, 96, 527, 728, 521, 788, 
0, 374, 27, 628, 428, 
0, 386, 460, 86, 675, 456, 516, 
0, 208, 732, 249, 156, 513, 55, 
0, 482, 614, 593, 648, 
0, 438, 659, 153, 35, 377, 
0, 772, 467, 687, 32, 275, 
0, 459, 440, 277, 307, 727, 
0, 62, 755, 479, 245, 
0, 455, 288, 128, 637, 674, 
0, 410, 25, 133, 781, 380, 
0, 345, 375, 37, 741, 422, 196, 
0, 394, 493, 744, 707, 768, 
0, 668, 92, 638, 251, 330, 334, 
0, 758, 84, 398, 464, 419, 480, 
0, 716, 28, 485, 16, 548, 212, 
0, 54, 77, 695, 633, 626, 
0, 190, 255, 71, 632, 
0, 167, 370, 473, 206, 
0, 436, 390, 58, 294, 423, 
0, 226, 499, 284, 205, 551, 492, 103, 
0, 247, 607, 85, 227, 
0, 588, 486, 126, 484, 703, 584, 
0, 717, 709, 65, 6, 
0, 789, 142, 532, 81, 23, 738, 
0, 188, 412, 542, 324, 612, 115, 
0, 598, 39, 348, 560, 264, 
0, 696, 19, 90, 474, 400, 706, 
0, 274, 603, 778, 651, 468, 
0, 168, 660, 540, 22, 573, 
0, 224, 316, 178, 151, 524, 
0, 100, 634, 760, 164, 701, 
0, 120, 538, 48, 658, 160, 344, 
0, 376, 426, 507, 339, 194, 
0, 263, 217, 465, 635, 
0, 577, 111, 158, 495, 155, 
0, 170, 180, 373, 774, 
0, 314, 260, 447, 600, 7, 323, 
0, 340, 448, 306, 309, 2, 
0, 9, 729, 536, 556, 746, 554, 
0, 522, 751, 702, 24, 
0, 461, 105, 69, 570, 439, 786, 
0, 640, 667, 793, 75, 78, 794, 
0, 757, 392, 693, 407, 
0, 332, 337, 319, 510, 409, 169, 797, 
0, 357, 68, 429, 541, 207, 
0, 723, 708, 124, 711, 630, 186, 
0, 743, 279, 782, 304, 572, 
0, 737, 88, 405, 64, 713, 331, 724, 
0, 539, 511, 367, 125, 
0, 546, 469, 3, 95, 222, 
0, 162, 639, 213, 104, 787, 
0, 257, 384, 523, 329, 453, 530, 
0, 533, 50, 777, 359, 564, 313, 
0, 497, 189, 108, 318, 691, 
0, 721, 414, 13, 605, 
0, 259, 177, 790, 378, 767, 109, 
0, 355, 509, 282, 411, 720, 
0, 552, 202, 149, 80, 176, 
0, 566, 349, 445, 725, 481, 273, 
0, 661, 616, 518, 301, 565, 51, 
0, 280, 140, 621, 157, 98, 770, 
0, 129, 72, 135, 364, 508, 172, 
0, 611, 67, 203, 430, 297, 466, 
0, 792, 655, 476, 731, 483, 754, 
0, 52, 219, 18, 93, 89, 317, 
0, 53, 73, 26, 183, 346, 714, 
0, 531, 401, 420, 215, 4, 599, 
0, 434, 113, 290, 8, 418, 
0, 399, 223, 389, 320, 342, 623, 
0, 252, 799, 325, 534, 391, 487, 
0, 489, 506, 239, 441, 41, 144, 
0, 404, 608, 526, 358, 
