Solution: 147 161638.974000 205738.974000

0, 203, 150, 652, 163, 707, 
0, 133, 266, 691, 564, 632, 585, 
0, 443, 672, 129, 553, 463, 
0, 519, 267, 747, 27, 394, 
0, 275, 196, 681, 771, 
0, 510, 45, 329, 532, 257, 
0, 426, 724, 580, 743, 784, 
0, 734, 569, 60, 123, 168, 376, 
0, 699, 760, 297, 562, 260, 307, 
0, 770, 28, 135, 777, 377, 
0, 527, 148, 627, 154, 419, 
0, 286, 261, 559, 522, 424, 
0, 551, 483, 16, 188, 25, 484, 
0, 239, 322, 792, 79, 81, 389, 
0, 258, 1, 615, 505, 143, 
0, 752, 391, 415, 313, 
0, 452, 741, 57, 327, 612, 116, 
0, 725, 287, 774, 467, 787, 
0, 221, 70, 202, 111, 538, 
0, 177, 75, 498, 798, 14, 211, 
0, 772, 90, 405, 126, 337, 566, 
0, 51, 595, 404, 103, 26, 732, 
0, 382, 749, 71, 625, 
0, 115, 144, 763, 359, 157, 545, 
0, 190, 412, 541, 613, 736, 650, 
0, 690, 13, 20, 667, 693, 705, 
0, 187, 471, 370, 642, 766, 
0, 141, 367, 189, 779, 624, 
0, 167, 118, 432, 543, 41, 520, 
0, 53, 191, 485, 264, 716, 
0, 227, 319, 575, 390, 217, 786, 
0, 361, 729, 252, 153, 
0, 161, 373, 37, 425, 351, 550, 
0, 106, 224, 525, 723, 206, 459, 
0, 9, 557, 308, 311, 568, 
0, 223, 457, 230, 119, 164, 
0, 744, 500, 454, 518, 171, 
0, 603, 47, 608, 795, 2, 
0, 353, 610, 493, 587, 357, 
0, 495, 536, 181, 528, 159, 306, 
0, 317, 549, 486, 301, 628, 333, 
0, 271, 220, 590, 781, 
0, 709, 122, 295, 789, 417, 
0, 210, 654, 128, 331, 
0, 50, 727, 631, 312, 676, 
0, 674, 406, 245, 
0, 714, 629, 42, 246, 721, 
0, 326, 446, 142, 282, 597, 688, 
0, 398, 184, 677, 365, 236, 434, 
0, 374, 735, 178, 509, 68, 472, 
0, 268, 180, 375, 682, 321, 764, 
0, 574, 428, 418, 494, 15, 253, 
0, 670, 204, 701, 366, 
0, 753, 86, 397, 460, 451, 215, 
0, 218, 98, 604, 33, 101, 310, 
0, 183, 342, 69, 634, 241, 72, 
0, 512, 174, 584, 58, 120, 
0, 591, 616, 558, 304, 
0, 294, 544, 552, 421, 548, 24, 
0, 738, 125, 254, 238, 671, 
0, 499, 289, 208, 521, 704, 140, 259, 
0, 529, 400, 255, 396, 535, 438, 
0, 757, 718, 445, 479, 117, 720, 350, 
0, 697, 622, 279, 653, 137, 
0, 387, 78, 601, 3, 614, 
0, 680, 386, 23, 97, 92, 113, 
0, 449, 249, 794, 340, 344, 83, 
0, 497, 414, 462, 641, 88, 
0, 192, 482, 87, 611, 352, 145, 
0, 315, 448, 364, 284, 277, 175, 
0, 403, 694, 589, 
0, 790, 209, 515, 22, 173, 76, 
0, 298, 8, 160, 402, 466, 272, 
0, 651, 56, 139, 607, 214, 663, 
0, 638, 785, 182, 503, 93, 685, 605, 
0, 354, 702, 318, 571, 636, 299, 74, 
0, 668, 96, 473, 469, 131, 
0, 232, 198, 356, 780, 290, 
0, 31, 740, 34, 341, 
0, 431, 325, 620, 526, 280, 
0, 488, 378, 442, 44, 240, 748, 
0, 363, 54, 513, 242, 675, 507, 
0, 46, 593, 768, 644, 336, 649, 
0, 384, 296, 427, 17, 511, 172, 
0, 759, 348, 514, 565, 302, 
0, 228, 745, 112, 219, 455, 6, 
0, 388, 61, 673, 195, 561, 
0, 91, 231, 692, 10, 
0, 339, 737, 392, 793, 408, 698, 579, 
0, 742, 489, 646, 791, 664, 669, 
0, 778, 165, 64, 582, 
0, 197, 465, 655, 77, 689, 
0, 281, 555, 517, 618, 728, 
0, 435, 623, 151, 619, 147, 
0, 100, 717, 21, 411, 49, 712, 
0, 393, 492, 229, 633, 
0, 269, 371, 395, 700, 444, 
0, 349, 7, 67, 102, 
0, 730, 572, 440, 696, 4, 
0, 606, 372, 773, 560, 338, 602, 
0, 94, 199, 447, 598, 11, 330, 
0, 358, 170, 343, 609, 32, 193, 
0, 476, 708, 105, 775, 347, 52, 
0, 796, 570, 213, 155, 288, 478, 
0, 594, 303, 248, 89, 640, 127, 
0, 278, 703, 660, 35, 99, 85, 
0, 108, 567, 335, 186, 201, 80, 
0, 761, 516, 481, 639, 369, 345, 
0, 136, 666, 461, 270, 36, 250, 
0, 169, 458, 506, 346, 715, 
0, 539, 379, 756, 746, 578, 765, 
0, 368, 656, 474, 726, 401, 750, 
0, 586, 530, 769, 600, 132, 797, 
0, 657, 758, 324, 556, 383, 43, 
0, 430, 385, 30, 662, 185, 706, 
0, 537, 508, 523, 588, 630, 719, 
0, 647, 110, 207, 577, 504, 596, 
0, 262, 247, 731, 783, 429, 
0, 176, 501, 409, 233, 713, 
0, 739, 475, 679, 38, 380, 320, 
0, 12, 534, 109, 617, 436, 48, 
0, 464, 437, 283, 19, 65, 722, 
0, 710, 470, 274, 84, 162, 
0, 487, 332, 423, 244, 439, 39, 
0, 300, 205, 149, 502, 124, 422, 273, 
0, 316, 686, 66, 309, 63, 782, 
0, 62, 751, 82, 95, 179, 
0, 355, 413, 416, 407, 658, 
0, 799, 542, 477, 251, 
0, 524, 328, 583, 776, 800, 
0, 547, 334, 381, 491, 276, 
0, 531, 453, 480, 441, 
0, 263, 573, 314, 496, 637, 687, 592, 
0, 788, 265, 55, 678, 626, 156, 
0, 767, 645, 216, 107, 152, 
0, 546, 468, 5, 73, 225, 
0, 114, 754, 40, 104, 533, 292, 
0, 121, 293, 130, 146, 420, 695, 
0, 166, 684, 18, 643, 194, 635, 
0, 158, 59, 554, 399, 563, 
0, 456, 490, 683, 256, 661, 
0, 433, 648, 576, 29, 540, 200, 
0, 285, 665, 222, 305, 599, 
0, 581, 226, 362, 323, 450, 762, 
0, 711, 410, 243, 733, 235, 
0, 360, 237, 212, 659, 755, 
0, 621, 291, 134, 234, 138, 
