Solution: 146 160898.850000 204698.850000

0, 687, 634, 124, 146, 365, 554, 
0, 160, 395, 539, 209, 727, 339, 
0, 183, 60, 405, 645, 348, 
0, 487, 306, 616, 29, 538, 
0, 123, 534, 47, 690, 158, 296, 
0, 664, 366, 426, 423, 298, 
0, 387, 702, 641, 221, 140, 
0, 327, 500, 611, 374, 259, 
0, 675, 733, 245, 240, 603, 120, 
0, 543, 459, 149, 666, 91, 
0, 427, 757, 794, 330, 371, 
0, 164, 694, 68, 582, 782, 600, 
0, 48, 118, 771, 194, 114, 
0, 242, 475, 614, 465, 653, 
0, 215, 540, 469, 640, 239, 520, 
0, 362, 673, 455, 153, 44, 715, 
0, 38, 415, 119, 108, 13, 241, 
0, 56, 85, 518, 30, 105, 
0, 796, 276, 51, 494, 331, 
0, 256, 177, 397, 783, 724, 193, 
0, 204, 654, 542, 318, 562, 
0, 421, 573, 590, 437, 122, 
0, 735, 253, 662, 698, 21, 376, 
0, 607, 360, 773, 300, 
0, 574, 62, 142, 572, 517, 
0, 491, 279, 234, 414, 320, 407, 263, 
0, 676, 102, 660, 3, 329, 
0, 527, 386, 211, 90, 26, 682, 
0, 6, 589, 747, 55, 765, 
0, 97, 705, 27, 345, 523, 382, 
0, 763, 740, 501, 473, 87, 313, 
0, 756, 454, 490, 440, 545, 208, 
0, 342, 255, 577, 295, 602, 
0, 449, 192, 272, 17, 65, 728, 
0, 260, 693, 4, 104, 563, 
0, 157, 596, 560, 655, 566, 
0, 770, 70, 412, 210, 648, 
0, 213, 433, 350, 273, 266, 630, 
0, 277, 505, 217, 529, 378, 476, 
0, 341, 452, 292, 748, 661, 
0, 647, 332, 309, 73, 226, 637, 
0, 731, 621, 252, 460, 134, 
0, 722, 262, 595, 187, 633, 
0, 312, 269, 247, 156, 486, 703, 
0, 495, 568, 410, 671, 628, 321, 
0, 699, 24, 176, 335, 565, 
0, 737, 384, 25, 179, 
0, 739, 224, 206, 316, 665, 758, 
0, 745, 492, 789, 61, 363, 
0, 451, 556, 328, 286, 271, 625, 
0, 552, 288, 305, 576, 581, 457, 
0, 334, 32, 622, 232, 525, 
0, 394, 28, 137, 780, 425, 
0, 254, 431, 145, 82, 681, 79, 
0, 774, 352, 182, 620, 231, 
0, 489, 191, 69, 93, 391, 
0, 165, 667, 537, 697, 583, 769, 
0, 303, 618, 369, 92, 161, 
0, 147, 481, 218, 244, 718, 
0, 174, 613, 466, 732, 472, 33, 
0, 144, 738, 131, 792, 707, 347, 57, 
0, 516, 344, 701, 129, 359, 631, 726, 
0, 450, 63, 94, 683, 446, 340, 
0, 706, 624, 268, 579, 139, 
0, 338, 555, 553, 189, 456, 508, 
0, 302, 18, 9, 564, 248, 307, 
0, 470, 2, 605, 617, 717, 
0, 766, 447, 373, 7, 
0, 743, 557, 480, 791, 400, 677, 
0, 150, 117, 201, 14, 506, 171, 
0, 100, 257, 432, 40, 314, 503, 
0, 337, 750, 510, 658, 784, 
0, 228, 448, 185, 323, 570, 
0, 760, 680, 477, 251, 696, 
0, 587, 214, 297, 377, 435, 170, 
0, 175, 512, 474, 642, 205, 37, 
0, 34, 629, 42, 325, 649, 
0, 598, 575, 507, 422, 444, 533, 
0, 115, 522, 354, 294, 550, 
0, 53, 396, 594, 
0, 417, 39, 111, 19, 531, 283, 
0, 678, 188, 264, 233, 80, 
0, 227, 64, 711, 152, 107, 
0, 54, 289, 463, 83, 551, 
0, 267, 713, 36, 103, 78, 443, 
0, 650, 59, 709, 207, 695, 597, 
0, 419, 580, 315, 615, 151, 
0, 110, 478, 644, 704, 167, 86, 
0, 370, 752, 236, 567, 635, 591, 
0, 380, 484, 430, 445, 646, 270, 
0, 684, 196, 389, 656, 723, 
0, 388, 429, 741, 584, 
0, 441, 284, 742, 148, 521, 403, 
0, 482, 58, 509, 101, 98, 261, 
0, 659, 200, 202, 768, 411, 
0, 355, 125, 243, 385, 46, 535, 
0, 138, 169, 333, 524, 198, 453, 
0, 721, 776, 672, 604, 299, 685, 
0, 8, 184, 116, 132, 744, 50, 
0, 479, 497, 45, 402, 229, 
0, 790, 203, 511, 462, 496, 22, 753, 
0, 436, 746, 406, 95, 358, 
0, 761, 178, 688, 130, 643, 237, 
0, 136, 467, 12, 75, 548, 601, 
0, 5, 409, 504, 558, 278, 
0, 361, 31, 561, 636, 
0, 349, 372, 23, 519, 401, 
0, 216, 106, 691, 84, 793, 317, 
0, 428, 788, 608, 364, 81, 767, 
0, 652, 343, 424, 357, 751, 416, 
0, 249, 799, 89, 714, 143, 246, 
0, 772, 493, 393, 220, 356, 154, 
0, 720, 712, 67, 588, 
0, 408, 530, 778, 458, 515, 786, 
0, 250, 274, 632, 488, 639, 235, 
0, 708, 764, 290, 285, 559, 797, 
0, 755, 781, 399, 390, 626, 
0, 375, 74, 195, 536, 439, 326, 
0, 168, 275, 88, 541, 41, 499, 670, 
0, 526, 754, 127, 549, 483, 113, 
0, 623, 282, 35, 679, 
0, 225, 197, 485, 592, 172, 710, 
0, 291, 759, 651, 800, 544, 
0, 468, 719, 112, 779, 336, 173, 
0, 293, 418, 16, 383, 121, 638, 
0, 657, 186, 128, 281, 
0, 219, 353, 663, 280, 
0, 133, 311, 159, 72, 43, 464, 
0, 413, 730, 532, 586, 15, 
0, 135, 230, 612, 674, 367, 502, 
0, 434, 238, 547, 212, 324, 729, 
0, 52, 141, 785, 222, 392, 166, 585, 
0, 258, 689, 11, 571, 593, 700, 
0, 749, 96, 716, 66, 155, 
0, 304, 725, 20, 126, 736, 
0, 514, 420, 162, 308, 163, 
0, 265, 609, 610, 199, 
0, 734, 461, 319, 10, 798, 471, 
0, 379, 442, 777, 775, 77, 301, 
0, 546, 322, 368, 180, 578, 
0, 76, 1, 438, 513, 498, 
0, 787, 599, 190, 398, 99, 606, 
0, 668, 569, 71, 619, 627, 
0, 762, 686, 310, 351, 223, 381, 
0, 181, 109, 287, 669, 404, 
0, 528, 49, 346, 795, 692, 
