Solution: 149 162475.166000 207175.166000

0, 275, 183, 681, 560, 338, 602, 
0, 668, 98, 655, 77, 764, 
0, 360, 237, 212, 522, 424, 
0, 221, 176, 55, 678, 626, 156, 
0, 710, 470, 274, 84, 162, 
0, 757, 718, 445, 479, 117, 419, 
0, 537, 231, 692, 10, 545, 
0, 90, 508, 405, 157, 337, 201, 80, 
0, 192, 482, 87, 611, 352, 145, 
0, 738, 125, 254, 238, 671, 
0, 268, 180, 604, 682, 321, 
0, 286, 510, 741, 154, 103, 
0, 368, 110, 66, 63, 780, 596, 
0, 647, 686, 283, 783, 76, 
0, 527, 613, 29, 540, 736, 650, 
0, 223, 457, 539, 119, 568, 
0, 464, 437, 474, 577, 309, 722, 
0, 263, 379, 652, 776, 800, 345, 
0, 499, 289, 477, 704, 521, 179, 
0, 62, 542, 502, 124, 422, 259, 
0, 699, 760, 122, 526, 417, 
0, 298, 54, 123, 683, 675, 376, 
0, 177, 572, 639, 798, 402, 
0, 348, 774, 565, 302, 467, 
0, 354, 385, 629, 716, 200, 
0, 161, 373, 37, 425, 351, 550, 
0, 358, 8, 667, 600, 797, 
0, 744, 754, 40, 104, 533, 292, 
0, 388, 446, 78, 282, 597, 688, 
0, 761, 516, 481, 244, 439, 39, 
0, 228, 294, 552, 421, 548, 24, 
0, 387, 724, 514, 561, 
0, 382, 570, 691, 564, 
0, 574, 428, 112, 15, 253, 649, 
0, 767, 645, 216, 107, 152, 
0, 697, 287, 49, 411, 147, 728, 
0, 121, 148, 627, 26, 732, 
0, 547, 334, 427, 17, 491, 276, 
0, 106, 224, 155, 43, 705, 669, 
0, 12, 534, 109, 617, 436, 48, 
0, 316, 731, 207, 19, 65, 782, 
0, 529, 400, 418, 219, 455, 6, 
0, 551, 483, 208, 82, 251, 
0, 456, 684, 18, 643, 194, 635, 
0, 512, 174, 584, 58, 120, 
0, 384, 296, 571, 636, 299, 140, 
0, 269, 371, 395, 700, 214, 687, 592, 
0, 651, 56, 314, 496, 637, 566, 
0, 114, 178, 735, 664, 459, 
0, 740, 285, 631, 543, 41, 507, 
0, 426, 580, 553, 743, 784, 
0, 433, 648, 575, 390, 720, 350, 
0, 546, 500, 35, 99, 225, 
0, 46, 96, 644, 336, 538, 
0, 603, 47, 608, 779, 658, 
0, 739, 475, 679, 213, 653, 389, 
0, 488, 378, 677, 365, 344, 288, 
0, 9, 557, 615, 505, 236, 434, 
0, 210, 654, 544, 331, 
0, 115, 144, 763, 359, 444, 
0, 778, 267, 573, 407, 2, 
0, 476, 75, 460, 369, 240, 478, 
0, 53, 142, 601, 3, 614, 
0, 711, 60, 139, 607, 4, 
0, 165, 772, 126, 
0, 452, 293, 130, 532, 257, 
0, 317, 549, 486, 723, 206, 712, 
0, 355, 342, 322, 241, 408, 330, 
0, 184, 86, 397, 578, 765, 
0, 141, 372, 769, 305, 599, 
0, 790, 356, 493, 587, 504, 22, 173, 
0, 770, 367, 665, 313, 
0, 690, 13, 297, 789, 295, 260, 
0, 753, 581, 362, 323, 347, 175, 
0, 227, 319, 181, 576, 217, 786, 
0, 31, 169, 747, 27, 394, 
0, 61, 88, 673, 641, 
0, 752, 391, 189, 72, 93, 685, 605, 
0, 524, 328, 756, 746, 52, 762, 
0, 621, 291, 134, 234, 138, 
0, 393, 492, 57, 146, 494, 
0, 730, 423, 498, 451, 164, 663, 
0, 680, 243, 733, 235, 441, 
0, 796, 737, 128, 480, 698, 579, 
0, 232, 198, 656, 290, 726, 401, 750, 
0, 734, 569, 513, 242, 312, 520, 
0, 519, 64, 582, 
0, 105, 708, 583, 775, 661, 
0, 751, 702, 318, 74, 273, 
0, 443, 672, 485, 264, 689, 
0, 714, 590, 111, 
0, 158, 59, 554, 346, 399, 357, 
0, 339, 501, 409, 7, 102, 310, 
0, 94, 749, 255, 396, 535, 438, 
0, 435, 623, 151, 660, 85, 
0, 431, 325, 160, 509, 68, 472, 
0, 674, 406, 245, 
0, 262, 247, 381, 511, 172, 
0, 326, 471, 30, 662, 185, 706, 
0, 398, 226, 308, 450, 311, 211, 
0, 709, 620, 442, 44, 748, 215, 
0, 300, 205, 16, 188, 25, 484, 
0, 258, 1, 518, 340, 143, 83, 
0, 281, 279, 517, 618, 791, 
0, 788, 34, 694, 589, 
0, 133, 447, 38, 598, 11, 250, 
0, 497, 375, 67, 33, 101, 
0, 190, 412, 541, 327, 612, 116, 
0, 108, 118, 523, 588, 630, 719, 
0, 167, 432, 567, 335, 186, 
0, 586, 745, 392, 69, 634, 307, 
0, 361, 729, 252, 153, 
0, 100, 717, 21, 713, 
0, 742, 489, 646, 609, 32, 193, 
0, 531, 453, 771, 
0, 278, 703, 468, 5, 73, 454, 
0, 187, 70, 265, 233, 
0, 403, 559, 229, 633, 
0, 166, 448, 364, 284, 277, 171, 
0, 725, 622, 555, 469, 131, 
0, 638, 785, 182, 
0, 759, 266, 71, 625, 632, 585, 
0, 591, 616, 558, 429, 563, 
0, 197, 465, 414, 473, 137, 
0, 136, 170, 343, 525, 619, 787, 
0, 430, 593, 768, 370, 420, 695, 
0, 349, 191, 129, 195, 463, 
0, 495, 536, 45, 528, 159, 306, 
0, 202, 218, 781, 42, 246, 721, 
0, 374, 666, 461, 270, 36, 693, 
0, 657, 758, 324, 556, 383, 280, 
0, 595, 404, 196, 503, 341, 
0, 51, 413, 415, 795, 624, 
0, 606, 530, 773, 132, 676, 
0, 458, 506, 149, 95, 304, 
0, 353, 610, 515, 209, 715, 
0, 416, 28, 135, 777, 377, 
0, 363, 386, 23, 97, 92, 113, 
0, 271, 220, 462, 642, 766, 
0, 239, 792, 79, 81, 793, 127, 
0, 594, 303, 248, 89, 640, 
0, 261, 799, 329, 659, 755, 
0, 410, 490, 230, 256, 707, 
0, 670, 204, 701, 366, 
0, 449, 249, 794, 301, 628, 333, 
0, 315, 199, 20, 562, 380, 320, 
0, 91, 487, 332, 14, 168, 
0, 50, 727, 222, 466, 272, 
0, 203, 150, 440, 163, 696, 
