Solution: 38 6861.900000 6861.900000

0, 387, 278, 78, 231, 188, 125, 225, 323, 319, 260, 
0, 146, 308, 268, 79, 
0, 94, 54, 357, 77, 74, 394, 68, 14, 288, 6, 178, 327, 
0, 97, 375, 149, 101, 7, 257, 300, 13, 15, 76, 311, 241, 
0, 5, 160, 337, 330, 143, 153, 215, 46, 147, 89, 166, 258, 
0, 33, 255, 212, 169, 237, 135, 112, 90, 196, 321, 28, 
0, 17, 326, 214, 355, 117, 247, 162, 320, 168, 283, 289, 158, 104, 227, 
0, 371, 38, 333, 62, 39, 32, 67, 65, 396, 307, 264, 
0, 186, 154, 381, 202, 342, 309, 118, 21, 346, 45, 
0, 102, 69, 222, 159, 304, 71, 113, 211, 59, 253, 
0, 267, 364, 340, 373, 167, 148, 378, 164, 367, 391, 
0, 9, 287, 31, 362, 108, 248, 171, 243, 239, 192, 128, 27, 
0, 151, 270, 193, 19, 205, 256, 382, 338, 383, 131, 261, 
0, 290, 182, 236, 61, 218, 11, 369, 110, 35, 223, 275, 
0, 63, 213, 121, 50, 161, 233, 173, 55, 120, 294, 
0, 217, 280, 199, 82, 296, 359, 254, 293, 60, 53, 313, 86, 
0, 23, 324, 156, 210, 133, 374, 111, 194, 363, 251, 316, 276, 142, 
0, 286, 185, 209, 10, 152, 336, 
0, 80, 315, 221, 322, 284, 351, 58, 356, 134, 107, 
0, 115, 56, 141, 252, 370, 274, 138, 170, 4, 190, 240, 
0, 140, 291, 52, 16, 314, 136, 317, 22, 399, 132, 
0, 29, 157, 360, 198, 12, 47, 299, 305, 219, 249, 
0, 366, 150, 83, 354, 206, 99, 184, 175, 3, 
0, 343, 269, 64, 100, 145, 318, 106, 163, 
0, 189, 174, 390, 271, 244, 57, 48, 345, 98, 250, 234, 
0, 334, 216, 358, 195, 285, 18, 238, 297, 329, 
0, 332, 92, 310, 339, 262, 400, 8, 34, 43, 230, 224, 41, 
0, 292, 226, 109, 172, 352, 282, 26, 350, 40, 183, 123, 75, 228, 
0, 49, 51, 181, 389, 1, 116, 127, 245, 242, 259, 
0, 126, 331, 398, 66, 277, 325, 368, 37, 20, 
0, 105, 155, 395, 361, 272, 306, 377, 124, 2, 347, 376, 
0, 208, 397, 72, 203, 365, 273, 341, 207, 187, 200, 119, 232, 42, 
0, 335, 385, 303, 144, 24, 93, 229, 204, 295, 103, 220, 122, 
0, 73, 265, 85, 380, 328, 177, 95, 30, 
0, 114, 44, 348, 235, 388, 281, 129, 263, 176, 137, 384, 
0, 88, 301, 139, 392, 36, 191, 349, 344, 91, 130, 372, 
0, 393, 279, 302, 298, 87, 70, 201, 25, 96, 353, 
0, 266, 165, 180, 179, 386, 379, 312, 246, 81, 197, 84, 
