Solution: 12 3689.400000 3689.400000

0, 309, 345, 203, 1, 67, 53, 372, 224, 104, 353, 264, 139, 190, 385, 194, 278, 306, 214, 267, 54, 136, 399, 281, 261, 273, 229, 57, 326, 344, 354, 72, 266, 88, 255, 
0, 262, 115, 129, 37, 371, 35, 127, 321, 236, 358, 253, 254, 178, 248, 172, 132, 199, 24, 338, 3, 77, 230, 244, 233, 382, 17, 65, 330, 392, 366, 265, 96, 221, 340, 99, 
0, 177, 137, 21, 240, 154, 34, 189, 275, 357, 2, 284, 370, 100, 7, 212, 151, 283, 260, 237, 352, 310, 158, 200, 87, 226, 80, 30, 153, 376, 161, 215, 145, 368, 318, 76, 396, 150, 
0, 31, 49, 51, 239, 211, 292, 333, 188, 171, 152, 210, 339, 185, 397, 375, 251, 12, 68, 279, 316, 322, 42, 231, 8, 234, 305, 381, 209, 48, 361, 390, 243, 71, 286, 61, 176, 
0, 213, 391, 174, 218, 15, 28, 351, 297, 101, 359, 29, 205, 143, 232, 184, 245, 219, 155, 336, 217, 393, 301, 66, 242, 195, 98, 246, 
0, 25, 170, 144, 222, 331, 256, 379, 146, 73, 163, 349, 97, 60, 389, 272, 122, 360, 186, 350, 141, 386, 201, 32, 285, 123, 13, 47, 380, 160, 289, 121, 181, 74, 365, 378, 106, 
0, 383, 252, 147, 341, 329, 269, 335, 271, 388, 69, 249, 197, 93, 398, 373, 241, 148, 208, 11, 280, 258, 41, 116, 343, 312, 118, 130, 86, 52, 270, 6, 247, 131, 164, 40, 70, 109, 
0, 355, 84, 166, 20, 347, 128, 346, 377, 110, 105, 202, 157, 156, 50, 198, 113, 142, 206, 95, 327, 5, 223, 78, 10, 168, 334, 394, 45, 55, 111, 81, 
0, 62, 89, 36, 323, 387, 64, 23, 9, 192, 175, 348, 149, 374, 204, 165, 39, 395, 311, 179, 300, 291, 135, 134, 63, 107, 43, 85, 277, 332, 90, 126, 56, 82, 363, 
0, 162, 27, 22, 325, 337, 119, 133, 18, 124, 182, 293, 140, 120, 250, 274, 26, 299, 268, 196, 207, 303, 59, 19, 319, 308, 307, 259, 92, 38, 364, 16, 
0, 276, 225, 367, 290, 235, 227, 180, 263, 287, 298, 83, 295, 169, 14, 304, 384, 46, 173, 102, 4, 228, 220, 91, 400, 342, 79, 315, 257, 356, 328, 288, 320, 138, 294, 
0, 75, 324, 296, 216, 238, 362, 191, 313, 302, 114, 369, 94, 112, 117, 44, 159, 125, 103, 108, 58, 193, 187, 183, 282, 33, 317, 314, 167, 
