Solution: 18 3299.600000 3299.600000

0, 63, 68, 44, 158, 120, 176, 51, 126, 156, 172, 79, 197, 
0, 132, 155, 67, 55, 7, 41, 157, 72, 56, 175, 9, 
0, 150, 137, 36, 5, 3, 117, 160, 180, 195, 27, 49, 61, 
0, 4, 188, 15, 184, 166, 153, 71, 193, 33, 186, 144, 179, 190, 167, 70, 
0, 165, 31, 113, 185, 169, 146, 181, 121, 111, 
0, 8, 171, 16, 115, 162, 170, 122, 42, 53, 101, 
0, 89, 106, 125, 151, 129, 141, 164, 37, 108, 97, 
0, 46, 54, 85, 191, 43, 65, 96, 29, 110, 174, 
0, 149, 81, 1, 69, 134, 103, 124, 154, 
0, 87, 35, 145, 112, 30, 34, 62, 194, 142, 128, 88, 59, 
0, 147, 135, 93, 199, 109, 133, 64, 80, 182, 75, 91, 
0, 38, 84, 104, 100, 159, 136, 6, 189, 177, 102, 10, 83, 
0, 196, 73, 60, 99, 152, 183, 118, 32, 90, 138, 52, 
0, 94, 12, 82, 47, 58, 127, 77, 198, 74, 45, 24, 
0, 140, 57, 173, 13, 20, 98, 163, 95, 178, 19, 23, 22, 114, 39, 
0, 18, 14, 50, 66, 131, 86, 130, 11, 116, 25, 28, 107, 
0, 92, 48, 161, 76, 2, 17, 40, 200, 192, 105, 
0, 143, 26, 123, 21, 168, 139, 187, 78, 148, 119, 
