Solution: 18 3300.900000 3300.900000

0, 132, 155, 14, 18, 120, 176, 21, 126, 156, 172, 79, 197, 
0, 87, 171, 16, 115, 162, 170, 122, 42, 53, 192, 
0, 57, 114, 19, 178, 23, 95, 177, 6, 189, 102, 10, 83, 
0, 67, 63, 68, 44, 158, 50, 66, 131, 86, 11, 130, 116, 
0, 92, 48, 161, 8, 76, 2, 17, 200, 40, 183, 105, 
0, 4, 188, 15, 184, 166, 153, 71, 193, 33, 186, 144, 179, 190, 167, 70, 
0, 143, 51, 26, 123, 168, 139, 187, 78, 148, 154, 119, 
0, 165, 31, 113, 185, 169, 146, 181, 121, 111, 
0, 41, 64, 133, 195, 180, 61, 49, 27, 28, 75, 91, 
0, 140, 196, 73, 60, 99, 152, 118, 38, 32, 52, 
0, 175, 56, 129, 191, 43, 65, 96, 29, 110, 174, 97, 24, 
0, 46, 89, 106, 125, 151, 141, 164, 37, 39, 108, 
0, 149, 81, 1, 69, 134, 103, 124, 101, 
0, 54, 85, 94, 12, 22, 82, 47, 58, 127, 77, 198, 74, 
0, 35, 145, 112, 30, 34, 62, 194, 98, 142, 128, 88, 59, 
0, 157, 72, 147, 135, 93, 199, 109, 80, 182, 107, 9, 
0, 13, 173, 20, 163, 136, 100, 159, 104, 84, 90, 138, 45, 
0, 7, 55, 150, 137, 36, 5, 3, 117, 160, 25, 
