Solution: 18 3306.900000 3306.900000

0, 4, 188, 15, 184, 166, 153, 71, 193, 33, 186, 144, 179, 190, 167, 107, 
0, 175, 56, 164, 141, 191, 43, 65, 96, 29, 110, 174, 108, 97, 
0, 106, 85, 94, 12, 22, 82, 47, 58, 127, 77, 198, 74, 45, 
0, 38, 84, 104, 100, 159, 136, 6, 189, 177, 102, 10, 83, 
0, 157, 72, 147, 135, 93, 199, 109, 64, 133, 195, 180, 25, 116, 
0, 8, 171, 16, 115, 162, 170, 122, 42, 53, 101, 
0, 73, 60, 35, 145, 121, 181, 146, 169, 185, 154, 
0, 112, 99, 88, 183, 118, 32, 90, 138, 52, 24, 
0, 46, 54, 125, 89, 151, 129, 70, 9, 
0, 63, 68, 44, 158, 50, 66, 131, 86, 160, 130, 11, 79, 
0, 14, 18, 120, 176, 51, 21, 126, 156, 172, 197, 119, 
0, 87, 92, 48, 161, 76, 2, 17, 40, 200, 192, 111, 
0, 57, 173, 13, 20, 98, 163, 95, 178, 23, 19, 114, 37, 39, 
0, 81, 69, 165, 31, 113, 124, 103, 134, 
0, 150, 137, 36, 5, 3, 117, 61, 49, 27, 28, 
0, 149, 1, 143, 26, 123, 168, 139, 187, 78, 148, 
0, 132, 155, 67, 55, 7, 41, 80, 182, 75, 91, 
0, 140, 196, 152, 30, 34, 62, 194, 142, 128, 59, 105, 
