Solution: 24 4670.600000 4670.600000

0, 175, 9, 
0, 35, 152, 99, 118, 88, 183, 105, 
0, 132, 120, 143, 113, 31, 185, 169, 111, 
0, 4, 188, 15, 54, 151, 129, 141, 191, 110, 
0, 63, 44, 36, 5, 133, 195, 160, 180, 28, 75, 
0, 157, 93, 199, 135, 56, 164, 65, 43, 
0, 87, 161, 92, 48, 146, 121, 32, 138, 52, 24, 
0, 158, 50, 66, 69, 134, 103, 101, 154, 
0, 7, 41, 80, 64, 109, 182, 91, 
0, 168, 123, 139, 187, 170, 78, 
0, 55, 67, 150, 137, 68, 25, 116, 11, 49, 27, 61, 
0, 1, 51, 26, 21, 126, 148, 119, 
0, 117, 3, 86, 131, 130, 79, 156, 172, 197, 
0, 73, 60, 38, 84, 90, 83, 45, 
0, 140, 57, 173, 104, 6, 189, 177, 102, 198, 
0, 145, 2, 8, 76, 17, 40, 128, 59, 
0, 149, 81, 115, 16, 162, 171, 122, 42, 
0, 147, 153, 166, 193, 33, 167, 70, 107, 
0, 46, 85, 94, 12, 19, 95, 178, 23, 22, 47, 82, 74, 
0, 196, 13, 20, 163, 100, 136, 58, 127, 77, 108, 
0, 106, 89, 125, 114, 39, 37, 29, 96, 174, 97, 
0, 72, 184, 71, 144, 186, 179, 190, 
0, 112, 30, 34, 98, 62, 194, 142, 159, 10, 
0, 155, 18, 14, 176, 165, 124, 181, 53, 192, 200, 
