Solution: 42 10325.700000 10325.700000

0, 236, 224, 213, 303, 143, 89, 194, 181, 220, 78, 353, 
0, 336, 296, 221, 399, 174, 31, 305, 100, 167, 307, 
0, 94, 30, 252, 205, 62, 264, 140, 306, 123, 340, 
0, 292, 343, 308, 6, 101, 93, 58, 272, 17, 51, 
0, 287, 347, 397, 106, 204, 125, 280, 261, 325, 
0, 21, 87, 378, 173, 346, 230, 393, 234, 339, 
0, 298, 304, 341, 388, 84, 245, 124, 355, 85, 226, 
0, 375, 278, 103, 110, 183, 53, 370, 331, 256, 300, 
0, 270, 246, 32, 265, 139, 55, 321, 61, 295, 288, 
0, 317, 79, 52, 211, 312, 373, 207, 396, 39, 395, 359, 
0, 24, 284, 35, 175, 289, 2, 5, 121, 279, 
0, 216, 218, 342, 269, 193, 131, 63, 233, 91, 
0, 263, 385, 316, 170, 156, 330, 199, 182, 180, 313, 161, 
0, 241, 149, 14, 157, 248, 18, 348, 202, 83, 198, 200, 12, 335, 
0, 166, 274, 382, 302, 185, 
0, 90, 163, 142, 391, 169, 
0, 168, 86, 251, 159, 148, 212, 286, 29, 176, 
0, 11, 28, 42, 54, 40, 60, 137, 186, 107, 
0, 281, 389, 118, 351, 358, 381, 115, 392, 80, 1, 332, 242, 
0, 104, 260, 326, 398, 197, 15, 189, 329, 98, 344, 76, 
0, 155, 301, 222, 350, 75, 171, 293, 367, 37, 109, 
0, 266, 158, 253, 38, 25, 257, 96, 49, 354, 
0, 328, 99, 114, 237, 238, 22, 132, 
0, 314, 262, 151, 147, 97, 379, 36, 67, 134, 201, 77, 
0, 273, 66, 255, 3, 374, 112, 387, 299, 356, 239, 254, 371, 365, 
0, 177, 187, 4, 184, 117, 360, 268, 372, 145, 282, 
0, 244, 357, 247, 333, 208, 352, 23, 196, 
0, 108, 319, 7, 165, 228, 
0, 376, 394, 334, 227, 209, 154, 57, 9, 384, 178, 
0, 10, 383, 275, 59, 126, 135, 68, 229, 50, 
0, 291, 34, 327, 82, 267, 231, 369, 160, 203, 337, 
0, 138, 116, 172, 
0, 164, 72, 386, 13, 362, 45, 215, 310, 146, 8, 400, 73, 
0, 309, 16, 380, 127, 259, 315, 225, 210, 249, 
0, 46, 223, 285, 192, 320, 390, 144, 20, 71, 235, 48, 44, 150, 324, 
0, 188, 120, 136, 41, 129, 102, 128, 366, 141, 56, 74, 33, 
0, 43, 377, 361, 294, 318, 271, 277, 19, 81, 113, 232, 
0, 250, 122, 119, 69, 27, 368, 276, 217, 130, 258, 
0, 243, 190, 162, 26, 240, 338, 92, 214, 47, 133, 95, 
0, 195, 322, 65, 283, 152, 297, 345, 363, 70, 
0, 290, 64, 364, 219, 153, 191, 323, 
0, 311, 206, 179, 349, 105, 111, 88, 
