Solution: 37 8150.000000 8150.000000

0, 118, 292, 241, 101, 30, 205, 62, 252, 198, 200, 12, 300, 
0, 162, 190, 26, 338, 240, 141, 56, 214, 92, 8, 400, 73, 
0, 177, 187, 285, 148, 192, 390, 320, 29, 144, 20, 71, 235, 382, 288, 
0, 108, 94, 358, 351, 14, 248, 157, 18, 115, 105, 88, 228, 226, 
0, 116, 204, 175, 289, 59, 2, 5, 121, 50, 44, 
0, 287, 347, 147, 97, 379, 378, 67, 134, 230, 173, 346, 131, 353, 
0, 42, 28, 290, 64, 364, 326, 189, 130, 
0, 236, 342, 151, 87, 21, 65, 36, 77, 201, 363, 70, 
0, 106, 397, 284, 322, 195, 283, 152, 135, 126, 297, 345, 68, 229, 279, 
0, 206, 381, 158, 266, 253, 219, 153, 38, 96, 191, 178, 
0, 163, 357, 318, 32, 139, 114, 237, 238, 265, 22, 132, 210, 
0, 35, 383, 79, 275, 52, 360, 268, 372, 48, 395, 
0, 314, 278, 262, 110, 103, 183, 393, 339, 234, 233, 
0, 376, 291, 394, 137, 186, 107, 337, 258, 
0, 304, 388, 341, 170, 316, 375, 330, 156, 63, 182, 91, 
0, 251, 159, 46, 247, 333, 212, 223, 286, 176, 295, 61, 302, 
0, 168, 138, 10, 317, 24, 150, 359, 324, 
0, 368, 66, 255, 3, 387, 374, 112, 231, 299, 356, 254, 371, 239, 365, 
0, 260, 34, 296, 221, 25, 49, 354, 257, 323, 
0, 90, 86, 172, 
0, 270, 294, 361, 377, 75, 350, 171, 127, 225, 169, 
0, 142, 391, 259, 315, 271, 321, 55, 277, 81, 19, 249, 185, 
0, 389, 263, 385, 343, 6, 149, 308, 140, 53, 306, 370, 272, 331, 
0, 43, 13, 386, 243, 362, 273, 45, 215, 310, 344, 98, 76, 
0, 244, 164, 72, 309, 16, 380, 293, 37, 367, 109, 
0, 155, 301, 222, 328, 99, 246, 208, 352, 23, 196, 113, 232, 
0, 274, 166, 4, 184, 117, 211, 312, 373, 207, 396, 39, 145, 282, 
0, 120, 136, 267, 399, 174, 305, 100, 31, 167, 307, 
0, 27, 122, 69, 119, 41, 102, 128, 129, 366, 74, 47, 33, 
0, 281, 84, 355, 58, 93, 264, 83, 202, 348, 123, 256, 17, 51, 
0, 216, 224, 213, 143, 89, 194, 193, 269, 161, 313, 199, 180, 
0, 334, 227, 398, 197, 15, 327, 82, 369, 329, 
0, 104, 11, 40, 54, 154, 209, 57, 60, 9, 384, 
0, 218, 303, 280, 125, 261, 325, 78, 181, 220, 
0, 188, 250, 276, 336, 217, 160, 146, 133, 95, 203, 
0, 298, 311, 319, 7, 245, 124, 85, 335, 
0, 349, 179, 165, 111, 392, 1, 80, 332, 242, 340, 
