Solution: 38 9217.800000 9217.800000

0, 281, 314, 342, 87, 67, 230, 134, 201, 363, 77, 70, 
0, 177, 46, 247, 333, 208, 352, 139, 55, 321, 61, 113, 288, 
0, 241, 292, 343, 308, 6, 272, 306, 123, 300, 335, 
0, 304, 341, 118, 316, 170, 156, 269, 161, 313, 63, 
0, 104, 28, 158, 253, 219, 153, 38, 96, 191, 323, 
0, 328, 246, 99, 114, 32, 265, 237, 238, 23, 22, 132, 
0, 291, 34, 399, 267, 231, 305, 100, 167, 307, 
0, 287, 21, 65, 147, 97, 379, 36, 378, 173, 346, 131, 78, 
0, 243, 273, 190, 26, 338, 92, 214, 8, 400, 109, 
0, 290, 266, 64, 364, 327, 82, 369, 160, 203, 
0, 11, 42, 54, 40, 60, 137, 186, 107, 337, 
0, 296, 221, 174, 31, 25, 257, 49, 354, 
0, 86, 90, 251, 159, 212, 286, 29, 176, 295, 196, 232, 
0, 168, 10, 317, 274, 163, 142, 391, 259, 315, 225, 169, 302, 185, 
0, 138, 172, 116, 324, 
0, 358, 206, 381, 115, 392, 105, 111, 348, 202, 83, 198, 200, 12, 
0, 389, 263, 385, 103, 183, 330, 199, 182, 180, 91, 
0, 311, 30, 149, 252, 205, 62, 264, 140, 53, 370, 331, 17, 256, 
0, 347, 397, 284, 35, 175, 59, 289, 2, 68, 229, 279, 
0, 260, 326, 398, 197, 15, 189, 329, 98, 344, 76, 
0, 250, 69, 66, 255, 3, 374, 112, 387, 299, 356, 239, 254, 371, 365, 
0, 319, 179, 349, 7, 165, 88, 228, 51, 
0, 218, 303, 106, 204, 125, 280, 261, 325, 44, 50, 150, 
0, 108, 94, 351, 14, 157, 248, 18, 80, 1, 332, 242, 340, 178, 
0, 164, 72, 309, 380, 16, 240, 141, 56, 47, 73, 
0, 244, 270, 377, 361, 294, 318, 271, 277, 19, 210, 81, 249, 
0, 216, 236, 224, 213, 388, 143, 89, 194, 193, 181, 220, 353, 
0, 188, 122, 119, 136, 41, 129, 102, 128, 366, 74, 33, 
0, 166, 4, 184, 211, 117, 390, 312, 373, 207, 396, 39, 395, 359, 
0, 43, 386, 13, 162, 362, 45, 215, 310, 146, 133, 95, 
0, 376, 394, 334, 227, 209, 154, 57, 9, 384, 
0, 298, 84, 245, 101, 93, 58, 124, 355, 85, 226, 
0, 322, 195, 283, 152, 126, 135, 297, 345, 5, 121, 
0, 357, 155, 301, 222, 350, 75, 127, 171, 293, 367, 37, 
0, 24, 383, 79, 275, 52, 360, 268, 372, 145, 282, 
0, 187, 223, 285, 192, 320, 148, 144, 20, 71, 235, 382, 48, 
0, 336, 120, 27, 368, 276, 217, 130, 258, 
0, 375, 278, 262, 151, 110, 393, 234, 339, 233, 
