Solution: 39 9241.700000 9241.700000

0, 298, 84, 245, 124, 51, 
0, 168, 236, 224, 342, 87, 151, 269, 193, 194, 181, 78, 353, 
0, 281, 118, 351, 14, 157, 248, 18, 80, 1, 332, 242, 340, 178, 
0, 138, 116, 172, 
0, 244, 357, 247, 333, 208, 352, 55, 321, 61, 113, 232, 
0, 376, 394, 137, 186, 107, 337, 
0, 260, 326, 197, 253, 219, 153, 38, 96, 191, 49, 323, 
0, 21, 65, 36, 67, 230, 134, 201, 363, 77, 70, 
0, 375, 278, 262, 110, 183, 330, 393, 234, 339, 233, 
0, 250, 69, 66, 255, 3, 374, 112, 387, 299, 356, 239, 254, 371, 365, 
0, 270, 377, 361, 294, 318, 32, 271, 277, 19, 210, 81, 249, 
0, 287, 397, 284, 35, 175, 59, 289, 2, 68, 229, 279, 
0, 94, 30, 149, 252, 205, 62, 264, 140, 53, 370, 331, 17, 256, 
0, 104, 11, 42, 334, 54, 40, 209, 57, 60, 226, 
0, 155, 301, 222, 350, 75, 127, 171, 293, 367, 37, 
0, 290, 266, 64, 364, 158, 154, 9, 384, 
0, 296, 221, 399, 174, 31, 25, 257, 354, 
0, 164, 72, 309, 380, 16, 240, 141, 56, 47, 73, 
0, 358, 206, 381, 115, 392, 105, 111, 348, 202, 83, 198, 200, 12, 
0, 188, 122, 119, 136, 41, 129, 102, 128, 366, 74, 33, 
0, 328, 246, 99, 114, 265, 139, 237, 238, 23, 22, 132, 196, 
0, 243, 273, 190, 26, 338, 92, 214, 8, 400, 109, 
0, 43, 386, 13, 162, 362, 45, 215, 310, 146, 98, 344, 258, 
0, 108, 311, 319, 179, 349, 7, 165, 88, 228, 
0, 46, 223, 320, 148, 212, 286, 144, 20, 29, 176, 295, 
0, 347, 383, 79, 275, 52, 211, 360, 268, 372, 145, 324, 
0, 163, 142, 391, 259, 315, 225, 169, 302, 288, 185, 
0, 336, 120, 27, 368, 276, 217, 329, 369, 160, 133, 95, 203, 
0, 86, 90, 251, 159, 71, 235, 382, 282, 
0, 322, 195, 283, 152, 126, 135, 297, 345, 5, 121, 
0, 389, 263, 385, 103, 316, 101, 93, 58, 355, 85, 335, 
0, 216, 218, 213, 303, 106, 204, 125, 280, 261, 325, 
0, 177, 166, 187, 285, 192, 4, 184, 117, 390, 312, 373, 207, 396, 39, 
0, 28, 227, 398, 15, 189, 130, 76, 
0, 10, 317, 24, 274, 48, 44, 50, 150, 395, 359, 
0, 291, 34, 327, 82, 267, 231, 305, 100, 167, 307, 
0, 241, 292, 343, 308, 6, 272, 306, 123, 300, 
0, 304, 341, 170, 156, 89, 199, 182, 180, 220, 91, 
0, 314, 388, 143, 147, 97, 379, 378, 173, 346, 131, 161, 313, 63, 
