Solution: 37 8173.700000 8173.700000

0, 151, 262, 87, 21, 65, 379, 173, 346, 131, 325, 261, 
0, 164, 72, 309, 380, 16, 127, 171, 37, 293, 367, 
0, 170, 355, 58, 93, 123, 202, 83, 200, 198, 12, 300, 
0, 376, 291, 394, 137, 186, 107, 337, 258, 
0, 104, 11, 42, 40, 54, 60, 9, 384, 51, 
0, 304, 388, 314, 341, 389, 316, 263, 375, 330, 156, 63, 182, 
0, 163, 357, 318, 271, 321, 55, 277, 81, 19, 113, 249, 232, 302, 
0, 287, 204, 175, 59, 2, 289, 121, 5, 229, 279, 
0, 188, 250, 368, 122, 27, 217, 160, 146, 133, 95, 
0, 303, 147, 97, 36, 378, 230, 67, 134, 201, 363, 77, 
0, 46, 247, 333, 328, 99, 246, 208, 352, 176, 295, 61, 
0, 120, 69, 119, 136, 41, 102, 128, 129, 366, 74, 47, 33, 
0, 398, 197, 253, 219, 153, 38, 49, 96, 191, 178, 
0, 28, 290, 64, 266, 158, 154, 57, 209, 323, 
0, 281, 118, 241, 292, 343, 6, 149, 62, 308, 140, 53, 331, 91, 
0, 216, 106, 347, 125, 280, 193, 194, 89, 181, 78, 220, 353, 
0, 274, 166, 4, 184, 117, 211, 268, 372, 48, 150, 395, 
0, 377, 75, 350, 222, 114, 237, 238, 265, 139, 22, 23, 196, 132, 
0, 179, 206, 165, 381, 115, 392, 111, 105, 88, 228, 226, 
0, 358, 351, 14, 248, 157, 18, 348, 1, 80, 332, 242, 340, 
0, 177, 187, 285, 148, 192, 320, 390, 312, 373, 207, 396, 39, 145, 359, 
0, 260, 364, 221, 25, 354, 257, 167, 307, 
0, 86, 90, 244, 43, 391, 142, 109, 288, 185, 
0, 334, 227, 326, 15, 327, 82, 189, 329, 98, 344, 
0, 336, 66, 255, 3, 387, 374, 112, 231, 299, 356, 254, 371, 239, 365, 
0, 218, 236, 224, 213, 143, 342, 269, 161, 313, 199, 180, 
0, 270, 294, 155, 301, 32, 361, 210, 225, 315, 259, 169, 
0, 162, 190, 26, 338, 240, 141, 56, 214, 92, 8, 400, 73, 
0, 34, 296, 267, 399, 305, 100, 174, 31, 369, 203, 
0, 108, 311, 94, 319, 349, 7, 245, 124, 85, 335, 
0, 10, 397, 284, 322, 195, 283, 152, 135, 126, 297, 345, 68, 70, 
0, 317, 24, 35, 383, 79, 275, 52, 360, 50, 44, 
0, 13, 386, 243, 362, 273, 45, 215, 310, 276, 130, 76, 
0, 298, 84, 101, 30, 205, 252, 264, 306, 370, 272, 256, 17, 
0, 251, 159, 212, 223, 286, 29, 144, 20, 71, 235, 382, 282, 
0, 168, 138, 172, 116, 324, 
0, 278, 385, 103, 110, 183, 393, 339, 234, 233, 
