Solution: 9 3063.800000 3063.800000

0, 73, 91, 79, 161, 26, 90, 133, 66, 142, 11, 141, 84, 157, 166, 58, 17, 16, 89, 174, 70, 113, 82, 2, 106, 182, 54, 110, 109, 12, 25, 87, 163, 
0, 23, 41, 47, 77, 152, 143, 119, 71, 48, 167, 197, 194, 95, 128, 32, 6, 40, 21, 68, 187, 7, 156, 22, 5, 173, 64, 10, 46, 85, 126, 154, 53, 171, 
0, 199, 56, 116, 65, 118, 139, 103, 88, 31, 132, 195, 15, 59, 51, 172, 81, 120, 49, 37, 155, 1, 175, 140, 72, 
0, 131, 62, 179, 137, 117, 162, 35, 177, 134, 94, 28, 149, 108, 76, 188, 97, 190, 52, 39, 
0, 34, 4, 165, 63, 3, 104, 158, 144, 111, 
0, 18, 61, 92, 19, 43, 129, 9, 29, 147, 160, 125, 42, 185, 101, 112, 115, 80, 
0, 164, 183, 181, 8, 45, 151, 78, 150, 57, 124, 38, 122, 145, 102, 75, 69, 196, 186, 107, 138, 55, 96, 
0, 74, 192, 36, 33, 100, 135, 170, 180, 14, 176, 105, 123, 130, 198, 93, 98, 189, 121, 20, 30, 83, 153, 169, 148, 
0, 168, 67, 60, 184, 200, 191, 178, 44, 146, 193, 27, 13, 159, 127, 114, 24, 136, 50, 86, 99, 
