Solution: 10 3075.700000 3075.700000

0, 131, 62, 179, 137, 117, 162, 35, 177, 134, 94, 28, 149, 108, 76, 188, 97, 190, 52, 39, 
0, 74, 192, 33, 36, 100, 135, 170, 180, 14, 176, 105, 123, 130, 198, 93, 10, 46, 85, 126, 154, 53, 171, 
0, 18, 67, 60, 200, 145, 102, 75, 69, 196, 186, 122, 107, 156, 7, 187, 114, 24, 136, 50, 86, 99, 
0, 23, 41, 47, 77, 152, 143, 119, 71, 48, 167, 197, 44, 146, 193, 27, 159, 127, 112, 96, 
0, 61, 92, 184, 191, 178, 101, 185, 125, 42, 115, 80, 
0, 168, 8, 45, 151, 95, 194, 128, 32, 6, 40, 21, 68, 13, 38, 138, 124, 22, 55, 
0, 34, 4, 165, 63, 3, 104, 158, 144, 111, 
0, 164, 183, 181, 78, 150, 57, 5, 173, 58, 174, 70, 113, 82, 2, 106, 182, 54, 110, 109, 12, 25, 87, 163, 
0, 199, 56, 116, 65, 118, 139, 88, 103, 19, 43, 31, 132, 195, 15, 59, 51, 172, 81, 120, 49, 9, 29, 147, 160, 129, 37, 155, 1, 175, 140, 72, 
0, 73, 91, 79, 161, 26, 90, 133, 66, 142, 11, 141, 84, 157, 166, 89, 16, 17, 64, 98, 189, 121, 20, 30, 83, 153, 169, 148, 
