Solution: 8 2552.800000 2552.800000

0, 183, 181, 78, 8, 57, 150, 58, 133, 17, 16, 89, 174, 70, 153, 25, 113, 87, 163, 148, 
0, 168, 151, 45, 95, 128, 194, 197, 44, 146, 6, 40, 21, 68, 32, 13, 27, 193, 159, 127, 114, 187, 24, 136, 50, 173, 5, 86, 99, 
0, 131, 199, 56, 116, 65, 19, 118, 152, 43, 103, 88, 139, 37, 59, 51, 172, 81, 120, 49, 9, 129, 125, 42, 185, 101, 112, 115, 80, 
0, 23, 41, 47, 77, 92, 61, 119, 143, 31, 132, 195, 15, 160, 147, 29, 140, 155, 1, 175, 72, 39, 
0, 74, 62, 179, 162, 137, 117, 35, 177, 134, 94, 33, 192, 36, 158, 144, 111, 
0, 164, 73, 91, 79, 161, 26, 90, 166, 157, 84, 141, 11, 142, 66, 64, 123, 105, 93, 198, 130, 10, 46, 85, 126, 169, 154, 53, 171, 
0, 34, 4, 100, 104, 63, 3, 165, 135, 170, 180, 14, 176, 98, 121, 189, 83, 20, 30, 109, 12, 110, 82, 2, 106, 149, 28, 97, 188, 108, 76, 182, 54, 190, 52, 
0, 18, 67, 60, 184, 191, 71, 48, 178, 167, 122, 200, 145, 102, 75, 69, 186, 196, 138, 38, 107, 7, 156, 124, 22, 55, 96, 
