Solution: 12 5711.700000 5711.700000

0, 101, 385, 162, 98, 109, 393, 11, 337, 326, 209, 205, 324, 228, 156, 142, 84, 331, 230, 320, 270, 97, 72, 287, 196, 313, 37, 249, 71, 225, 60, 
0, 265, 238, 127, 237, 53, 141, 258, 199, 95, 164, 387, 386, 233, 252, 173, 130, 90, 68, 321, 202, 175, 261, 217, 280, 297, 122, 182, 81, 140, 
0, 69, 361, 119, 105, 64, 339, 272, 290, 213, 31, 124, 39, 
0, 181, 260, 281, 245, 219, 378, 332, 76, 12, 131, 168, 214, 367, 7, 308, 193, 374, 185, 315, 104, 251, 328, 390, 54, 232, 391, 383, 28, 160, 
0, 302, 36, 22, 356, 137, 215, 206, 362, 45, 276, 41, 29, 4, 359, 184, 377, 117, 44, 147, 231, 296, 115, 271, 198, 268, 244, 314, 248, 283, 112, 157, 266, 335, 338, 254, 107, 171, 
0, 291, 289, 169, 158, 397, 318, 370, 144, 183, 38, 208, 33, 246, 222, 200, 114, 26, 197, 57, 1, 116, 384, 273, 288, 74, 10, 226, 94, 176, 27, 186, 191, 210, 49, 133, 264, 211, 284, 398, 88, 
0, 78, 316, 92, 360, 8, 375, 5, 319, 40, 50, 80, 178, 279, 322, 73, 299, 306, 263, 161, 82, 150, 16, 333, 6, 15, 149, 120, 305, 344, 368, 108, 100, 334, 85, 325, 376, 389, 223, 293, 
0, 3, 13, 396, 355, 167, 274, 327, 294, 189, 110, 310, 86, 347, 203, 66, 67, 207, 354, 128, 298, 180, 366, 371, 365, 303, 79, 30, 340, 227, 187, 285, 93, 46, 253, 234, 329, 399, 330, 295, 23, 
0, 350, 55, 400, 111, 381, 126, 382, 172, 51, 300, 267, 125, 275, 380, 34, 159, 349, 282, 96, 235, 250, 307, 358, 62, 363, 2, 103, 151, 394, 188, 18, 224, 278, 
0, 192, 277, 346, 24, 21, 323, 212, 364, 52, 135, 311, 342, 369, 351, 129, 146, 17, 221, 87, 153, 145, 352, 218, 91, 25, 43, 292, 379, 75, 59, 83, 106, 89, 61, 136, 152, 312, 239, 262, 243, 309, 179, 132, 65, 177, 345, 70, 259, 
0, 35, 155, 48, 102, 395, 201, 63, 20, 216, 301, 247, 194, 317, 121, 47, 139, 255, 174, 341, 77, 9, 148, 257, 343, 236, 229, 373, 14, 304, 392, 256, 241, 
0, 166, 113, 372, 190, 118, 269, 165, 143, 220, 134, 388, 353, 195, 56, 138, 348, 204, 357, 163, 32, 170, 154, 123, 19, 242, 58, 286, 240, 336, 99, 42, 
