Solution: 20 7520.700000 7520.700000

0, 119, 64, 105, 124, 31, 213, 39, 293, 107, 171, 
0, 385, 101, 356, 215, 4, 29, 359, 44, 147, 231, 117, 377, 305, 344, 368, 108, 297, 334, 85, 280, 122, 182, 81, 
0, 289, 141, 258, 199, 95, 164, 387, 386, 197, 26, 233, 252, 130, 90, 94, 226, 57, 10, 74, 288, 186, 27, 176, 264, 133, 211, 
0, 162, 137, 206, 362, 41, 184, 45, 276, 263, 306, 333, 16, 150, 82, 161, 112, 283, 248, 157, 254, 
0, 24, 135, 311, 308, 367, 7, 17, 129, 146, 77, 341, 369, 342, 351, 148, 19, 242, 58, 336, 240, 286, 99, 42, 
0, 291, 169, 190, 372, 118, 165, 269, 384, 116, 1, 273, 331, 230, 72, 37, 313, 196, 287, 97, 320, 270, 249, 71, 225, 210, 191, 49, 60, 88, 
0, 166, 113, 53, 84, 142, 209, 205, 324, 228, 156, 100, 175, 321, 173, 68, 202, 261, 217, 284, 398, 
0, 350, 92, 8, 360, 380, 300, 51, 131, 245, 281, 214, 168, 12, 292, 145, 352, 218, 91, 43, 25, 285, 93, 253, 329, 234, 46, 18, 224, 
0, 265, 238, 127, 237, 98, 109, 393, 11, 337, 326, 296, 115, 271, 268, 244, 314, 198, 325, 389, 376, 223, 
0, 3, 13, 396, 111, 167, 83, 106, 89, 177, 345, 70, 
0, 302, 36, 22, 80, 178, 322, 299, 73, 279, 347, 86, 203, 66, 110, 310, 363, 358, 62, 2, 394, 188, 312, 262, 243, 295, 23, 
0, 181, 260, 219, 378, 332, 76, 267, 275, 125, 180, 366, 303, 379, 75, 59, 349, 159, 61, 136, 152, 239, 65, 132, 259, 
0, 55, 355, 400, 381, 126, 382, 172, 34, 207, 128, 354, 298, 371, 340, 30, 79, 365, 187, 227, 14, 399, 330, 
0, 35, 155, 48, 395, 201, 216, 247, 194, 121, 47, 139, 174, 255, 52, 364, 104, 251, 328, 54, 390, 28, 
0, 277, 397, 158, 21, 388, 134, 220, 143, 353, 195, 56, 163, 357, 32, 154, 170, 160, 
0, 192, 346, 318, 144, 183, 38, 222, 114, 200, 246, 323, 212, 315, 374, 185, 193, 153, 221, 87, 232, 391, 383, 241, 
0, 274, 327, 294, 189, 96, 282, 67, 235, 151, 103, 250, 307, 309, 179, 278, 
0, 361, 69, 140, 
0, 102, 370, 208, 33, 63, 20, 301, 317, 348, 138, 204, 123, 257, 9, 343, 236, 229, 373, 392, 304, 256, 
0, 78, 316, 5, 375, 319, 40, 50, 339, 15, 149, 6, 120, 272, 290, 266, 335, 338, 
