Solution: 22 7574.700000 7574.700000

0, 302, 36, 22, 80, 178, 322, 299, 73, 279, 347, 86, 310, 96, 67, 235, 363, 358, 62, 2, 394, 188, 312, 262, 243, 295, 23, 
0, 277, 397, 158, 269, 220, 134, 37, 313, 196, 72, 287, 97, 288, 249, 71, 225, 398, 88, 
0, 308, 311, 17, 129, 146, 341, 77, 148, 257, 9, 343, 236, 229, 373, 392, 304, 256, 
0, 119, 64, 105, 124, 31, 213, 39, 293, 107, 171, 
0, 219, 378, 332, 76, 267, 303, 379, 75, 59, 349, 159, 61, 136, 152, 239, 65, 132, 259, 
0, 162, 137, 206, 362, 41, 184, 45, 276, 263, 306, 333, 16, 150, 82, 161, 112, 283, 248, 157, 224, 
0, 69, 361, 
0, 102, 370, 208, 33, 63, 20, 301, 317, 348, 138, 56, 163, 204, 357, 32, 123, 154, 170, 160, 
0, 291, 169, 190, 372, 118, 165, 384, 116, 1, 143, 273, 331, 230, 320, 270, 297, 140, 
0, 289, 141, 258, 199, 95, 164, 387, 386, 197, 26, 233, 252, 130, 90, 94, 226, 57, 10, 74, 186, 27, 176, 264, 133, 211, 
0, 265, 238, 127, 237, 98, 109, 393, 11, 337, 326, 296, 115, 271, 268, 244, 314, 198, 325, 389, 376, 223, 
0, 385, 101, 356, 215, 4, 29, 359, 44, 147, 231, 117, 377, 305, 344, 368, 108, 334, 85, 280, 122, 182, 81, 
0, 350, 327, 274, 167, 111, 83, 106, 89, 177, 345, 70, 
0, 92, 360, 8, 66, 203, 110, 189, 294, 282, 354, 151, 103, 250, 307, 309, 179, 278, 
0, 3, 13, 396, 281, 7, 367, 214, 168, 153, 221, 87, 232, 391, 383, 241, 
0, 192, 346, 24, 21, 388, 353, 195, 210, 191, 49, 60, 
0, 181, 260, 245, 131, 12, 292, 145, 352, 218, 91, 43, 25, 285, 93, 253, 329, 234, 46, 18, 
0, 318, 144, 183, 38, 222, 114, 200, 246, 323, 212, 315, 374, 193, 185, 342, 369, 351, 19, 242, 58, 336, 240, 286, 99, 42, 
0, 55, 355, 400, 381, 382, 126, 300, 51, 172, 380, 275, 125, 34, 207, 128, 180, 298, 366, 371, 340, 30, 79, 365, 187, 227, 14, 399, 330, 
0, 35, 155, 48, 395, 201, 216, 247, 194, 121, 47, 139, 135, 174, 255, 52, 364, 104, 251, 328, 54, 390, 28, 
0, 78, 316, 5, 375, 319, 40, 50, 339, 15, 149, 6, 120, 272, 290, 266, 335, 338, 254, 
0, 166, 113, 53, 84, 142, 209, 205, 324, 228, 156, 100, 175, 321, 173, 68, 202, 261, 217, 284, 
