Solution: 14 6598.600000 6598.600000

0, 277, 397, 318, 370, 144, 183, 38, 208, 33, 63, 20, 212, 364, 52, 317, 348, 138, 56, 163, 204, 357, 32, 170, 154, 123, 257, 9, 343, 236, 383, 241, 
0, 35, 155, 48, 102, 201, 395, 216, 194, 247, 301, 121, 47, 139, 174, 255, 135, 311, 129, 146, 17, 221, 218, 43, 25, 91, 229, 373, 14, 304, 392, 256, 
0, 265, 238, 127, 237, 98, 109, 53, 84, 142, 228, 324, 233, 252, 130, 90, 173, 68, 321, 202, 261, 217, 280, 122, 182, 81, 140, 
0, 302, 316, 5, 375, 319, 40, 50, 339, 215, 44, 296, 115, 377, 117, 231, 147, 149, 120, 305, 344, 368, 39, 293, 171, 
0, 350, 92, 360, 8, 66, 203, 347, 86, 310, 110, 189, 294, 282, 96, 235, 67, 354, 151, 103, 250, 363, 62, 358, 307, 2, 394, 188, 309, 179, 278, 259, 
0, 192, 346, 24, 315, 185, 374, 193, 308, 342, 369, 351, 341, 77, 148, 19, 242, 58, 336, 240, 286, 99, 42, 
0, 162, 137, 356, 206, 362, 45, 41, 29, 184, 359, 4, 11, 393, 337, 326, 209, 205, 100, 156, 175, 57, 94, 226, 10, 74, 288, 72, 287, 97, 320, 270, 297, 108, 334, 85, 271, 198, 268, 244, 314, 325, 376, 389, 223, 
0, 166, 113, 141, 258, 199, 95, 164, 387, 386, 197, 26, 114, 200, 222, 246, 195, 353, 210, 191, 49, 60, 
0, 3, 13, 355, 55, 400, 381, 126, 382, 172, 300, 51, 131, 245, 168, 12, 145, 352, 292, 379, 75, 61, 59, 349, 159, 239, 152, 136, 89, 177, 345, 70, 
0, 181, 260, 219, 378, 332, 76, 267, 380, 125, 275, 207, 34, 128, 298, 180, 366, 371, 303, 340, 30, 79, 365, 93, 285, 187, 227, 329, 253, 234, 46, 399, 330, 295, 23, 
0, 69, 361, 119, 105, 64, 83, 106, 65, 132, 312, 262, 243, 18, 224, 
0, 78, 327, 274, 167, 111, 396, 214, 281, 367, 7, 153, 87, 232, 251, 104, 328, 390, 54, 391, 28, 160, 
0, 291, 289, 169, 190, 372, 118, 165, 269, 158, 21, 323, 388, 143, 1, 116, 384, 273, 230, 331, 220, 134, 196, 313, 37, 225, 71, 249, 186, 27, 176, 264, 133, 211, 284, 398, 88, 
0, 385, 101, 36, 22, 80, 178, 279, 322, 73, 299, 276, 306, 263, 161, 150, 333, 82, 16, 6, 15, 124, 31, 213, 290, 272, 266, 112, 283, 248, 157, 335, 338, 254, 107, 
