Solution: 12 5676.200000 5676.200000

0, 35, 155, 24, 48, 315, 374, 193, 308, 367, 7, 232, 153, 87, 221, 145, 352, 292, 379, 75, 30, 303, 79, 365, 371, 227, 340, 187, 93, 46, 253, 234, 329, 14, 304, 392, 399, 330, 256, 
0, 302, 36, 22, 80, 178, 50, 40, 319, 86, 347, 279, 322, 73, 299, 306, 263, 161, 82, 150, 16, 333, 6, 15, 149, 120, 305, 344, 368, 272, 290, 213, 31, 124, 39, 224, 278, 
0, 192, 346, 102, 201, 395, 216, 20, 63, 194, 247, 301, 139, 174, 255, 47, 121, 348, 317, 138, 56, 357, 204, 163, 32, 170, 154, 328, 390, 54, 28, 160, 
0, 350, 78, 316, 5, 375, 8, 360, 92, 327, 274, 167, 400, 111, 381, 126, 382, 172, 51, 300, 380, 34, 275, 125, 180, 366, 298, 128, 207, 354, 96, 235, 250, 307, 358, 62, 363, 2, 103, 151, 394, 188, 18, 295, 23, 259, 
0, 277, 158, 397, 318, 370, 144, 183, 38, 208, 33, 246, 222, 200, 114, 26, 197, 1, 384, 116, 233, 252, 173, 68, 321, 130, 90, 264, 176, 133, 211, 284, 398, 
0, 69, 361, 119, 64, 105, 339, 310, 110, 203, 66, 67, 189, 294, 282, 349, 159, 59, 83, 106, 89, 61, 136, 152, 312, 239, 262, 243, 309, 179, 132, 65, 177, 345, 70, 
0, 101, 385, 162, 137, 356, 215, 206, 362, 45, 276, 41, 29, 4, 359, 184, 377, 117, 44, 147, 231, 296, 115, 271, 198, 268, 244, 314, 248, 283, 112, 157, 266, 335, 338, 254, 107, 171, 
0, 291, 289, 169, 372, 190, 118, 269, 165, 143, 249, 71, 225, 37, 313, 196, 287, 97, 320, 270, 297, 280, 108, 122, 182, 81, 140, 
0, 166, 113, 53, 141, 258, 199, 386, 387, 164, 142, 95, 205, 209, 326, 11, 393, 337, 100, 156, 228, 324, 202, 175, 261, 217, 334, 85, 325, 376, 389, 223, 293, 
0, 3, 55, 355, 13, 396, 214, 168, 131, 12, 76, 267, 285, 25, 43, 218, 91, 373, 229, 343, 236, 391, 383, 241, 
0, 265, 238, 127, 237, 98, 109, 84, 331, 230, 72, 134, 220, 273, 288, 74, 10, 226, 57, 94, 27, 186, 210, 49, 191, 60, 88, 
0, 181, 260, 281, 245, 219, 332, 378, 17, 146, 129, 311, 135, 52, 364, 212, 323, 195, 353, 388, 21, 104, 251, 185, 342, 369, 351, 341, 77, 9, 148, 257, 19, 242, 58, 240, 336, 286, 123, 99, 42, 
