Solution: 14 6582.800000 6582.800000

0, 265, 238, 127, 237, 98, 109, 215, 339, 50, 333, 44, 296, 115, 377, 117, 231, 147, 149, 120, 305, 344, 368, 39, 293, 171, 
0, 302, 36, 22, 80, 178, 279, 322, 73, 299, 276, 306, 263, 161, 82, 150, 16, 6, 15, 124, 31, 213, 290, 272, 266, 112, 283, 248, 157, 335, 338, 254, 107, 
0, 69, 361, 119, 105, 64, 83, 106, 89, 232, 391, 229, 373, 14, 304, 392, 256, 
0, 78, 316, 92, 360, 8, 375, 5, 319, 40, 86, 347, 203, 66, 310, 110, 189, 294, 282, 96, 235, 67, 354, 151, 103, 250, 363, 62, 358, 307, 2, 394, 188, 309, 179, 278, 259, 
0, 55, 355, 400, 381, 126, 382, 172, 300, 51, 219, 378, 332, 76, 267, 380, 125, 275, 207, 34, 128, 298, 180, 366, 371, 303, 30, 340, 227, 187, 329, 253, 234, 46, 399, 330, 295, 23, 
0, 291, 289, 169, 190, 397, 158, 165, 269, 118, 372, 53, 84, 142, 228, 324, 233, 252, 130, 90, 173, 68, 321, 202, 261, 217, 264, 176, 133, 211, 284, 398, 
0, 166, 113, 141, 258, 199, 95, 164, 387, 386, 197, 26, 114, 200, 222, 246, 195, 353, 10, 226, 57, 94, 27, 186, 210, 191, 49, 60, 88, 
0, 3, 13, 396, 245, 168, 214, 281, 367, 7, 129, 146, 17, 153, 87, 221, 218, 91, 43, 25, 285, 93, 365, 79, 152, 136, 132, 65, 177, 345, 70, 
0, 181, 260, 308, 193, 374, 185, 315, 104, 251, 328, 390, 54, 28, 160, 
0, 192, 346, 24, 21, 323, 388, 143, 1, 116, 384, 273, 230, 331, 220, 134, 37, 313, 196, 287, 72, 288, 74, 249, 71, 225, 97, 320, 270, 297, 108, 280, 122, 182, 81, 140, 
0, 350, 327, 274, 167, 111, 131, 12, 145, 352, 292, 379, 75, 61, 59, 349, 159, 239, 312, 262, 243, 18, 224, 
0, 101, 385, 162, 137, 356, 206, 362, 45, 41, 29, 184, 359, 4, 11, 393, 337, 326, 209, 205, 156, 175, 100, 334, 85, 271, 198, 268, 244, 314, 325, 376, 389, 223, 
0, 35, 155, 48, 102, 201, 395, 216, 194, 247, 301, 121, 47, 139, 174, 255, 135, 311, 342, 369, 351, 341, 77, 148, 19, 242, 58, 336, 240, 286, 99, 42, 
0, 277, 318, 370, 144, 183, 38, 208, 33, 63, 20, 212, 364, 52, 317, 348, 138, 56, 163, 204, 357, 32, 170, 154, 123, 257, 9, 343, 236, 383, 241, 
