Solution: 19 3005.100000 3005.100000

0, 21, 29, 188, 177, 128, 125, 189, 151, 160, 109, 157, 33, 
0, 42, 197, 5, 62, 122, 181, 141, 185, 135, 120, 96, 
0, 54, 89, 100, 37, 139, 143, 59, 12, 9, 66, 
0, 4, 92, 195, 41, 129, 158, 154, 
0, 114, 117, 23, 38, 32, 74, 52, 31, 106, 22, 70, 126, 
0, 190, 27, 167, 61, 198, 91, 111, 145, 116, 95, 83, 148, 
0, 24, 183, 18, 68, 7, 179, 15, 131, 48, 
0, 142, 169, 152, 184, 196, 102, 156, 124, 43, 180, 3, 136, 
0, 47, 200, 103, 90, 44, 51, 80, 110, 178, 36, 
0, 153, 49, 14, 132, 6, 28, 163, 187, 130, 171, 78, 162, 79, 
0, 150, 
0, 63, 149, 10, 77, 35, 164, 104, 25, 170, 19, 193, 73, 146, 93, 39, 
0, 84, 199, 127, 118, 105, 69, 176, 113, 191, 58, 134, 97, 
0, 166, 173, 165, 85, 56, 108, 45, 86, 81, 55, 194, 
0, 87, 88, 11, 71, 17, 30, 64, 67, 
0, 140, 155, 121, 115, 144, 123, 137, 75, 13, 8, 60, 1, 175, 
0, 182, 57, 133, 147, 40, 16, 98, 119, 161, 72, 
0, 65, 168, 99, 94, 53, 101, 192, 112, 50, 107, 82, 
0, 186, 20, 26, 159, 46, 138, 172, 2, 76, 34, 174, 
