Solution: 20 3516.900000 3516.900000

0, 169, 16, 40, 98, 119, 161, 72, 22, 106, 70, 
0, 28, 162, 63, 149, 170, 73, 135, 34, 76, 2, 175, 
0, 165, 85, 45, 56, 108, 38, 32, 23, 117, 55, 154, 
0, 142, 152, 167, 61, 198, 91, 145, 116, 83, 148, 36, 
0, 42, 197, 5, 62, 26, 159, 20, 46, 138, 186, 96, 120, 
0, 84, 199, 127, 118, 105, 69, 176, 113, 191, 58, 134, 174, 
0, 54, 155, 121, 115, 11, 75, 
0, 4, 182, 57, 133, 147, 129, 41, 194, 158, 
0, 172, 181, 35, 164, 104, 25, 10, 77, 122, 141, 185, 
0, 37, 177, 65, 99, 94, 151, 109, 189, 125, 33, 66, 
0, 153, 47, 200, 103, 93, 193, 19, 146, 
0, 48, 131, 156, 124, 43, 180, 136, 3, 110, 44, 80, 178, 
0, 163, 6, 49, 14, 132, 78, 171, 130, 187, 150, 
0, 128, 168, 53, 160, 112, 114, 86, 81, 107, 
0, 140, 88, 144, 71, 137, 123, 13, 8, 60, 1, 97, 
0, 100, 9, 12, 59, 143, 173, 188, 29, 139, 21, 166, 82, 
0, 89, 87, 17, 30, 64, 67, 
0, 24, 102, 196, 183, 184, 51, 111, 95, 90, 79, 39, 
0, 92, 195, 31, 52, 74, 101, 192, 50, 157, 
0, 15, 179, 7, 68, 18, 190, 27, 126, 
