Solution: 37 8245.800000 8245.800000

0, 121, 222, 46, 252, 106, 128, 386, 353, 43, 8, 
0, 127, 165, 90, 360, 108, 141, 47, 242, 344, 77, 348, 3, 370, 159, 
0, 92, 396, 340, 115, 367, 129, 272, 267, 15, 327, 301, 
0, 391, 288, 375, 355, 177, 181, 297, 210, 39, 400, 117, 
0, 142, 269, 306, 304, 63, 259, 125, 282, 13, 22, 357, 35, 
0, 186, 398, 250, 359, 329, 193, 262, 201, 
0, 238, 204, 380, 271, 109, 364, 1, 291, 114, 5, 347, 
0, 70, 175, 215, 48, 37, 240, 66, 81, 83, 212, 60, 
0, 44, 287, 255, 25, 134, 192, 351, 73, 187, 182, 
0, 311, 254, 221, 325, 209, 167, 358, 153, 84, 14, 
0, 199, 264, 24, 30, 260, 320, 281, 362, 233, 203, 131, 
0, 207, 168, 118, 65, 138, 123, 170, 52, 26, 384, 180, 
0, 164, 173, 352, 285, 334, 18, 126, 277, 284, 
0, 87, 286, 57, 246, 356, 157, 350, 289, 280, 64, 338, 234, 
0, 312, 354, 71, 79, 122, 183, 220, 229, 45, 
0, 337, 308, 228, 379, 160, 61, 99, 343, 
0, 185, 137, 339, 314, 191, 261, 166, 124, 300, 231, 
0, 295, 89, 10, 4, 239, 110, 195, 345, 111, 279, 235, 206, 
0, 147, 139, 263, 51, 29, 292, 27, 303, 198, 257, 388, 
0, 55, 236, 247, 16, 309, 216, 227, 244, 80, 188, 
0, 313, 2, 196, 316, 179, 243, 97, 154, 133, 184, 
0, 298, 100, 162, 389, 152, 82, 305, 116, 321, 225, 241, 
0, 155, 390, 197, 74, 326, 249, 112, 132, 387, 293, 336, 102, 98, 331, 
0, 107, 276, 330, 91, 324, 385, 34, 172, 58, 
0, 75, 211, 161, 349, 318, 72, 140, 169, 361, 85, 393, 
0, 194, 333, 232, 78, 148, 251, 275, 253, 130, 399, 38, 
0, 156, 96, 113, 265, 342, 230, 42, 19, 146, 68, 94, 135, 
0, 11, 341, 302, 394, 382, 174, 294, 268, 86, 33, 319, 208, 
0, 266, 224, 226, 163, 105, 119, 310, 20, 53, 
0, 213, 317, 307, 151, 373, 56, 374, 49, 219, 
0, 93, 144, 143, 296, 256, 23, 76, 32, 363, 214, 
0, 283, 315, 328, 278, 9, 381, 299, 335, 371, 397, 7, 202, 12, 
0, 323, 145, 377, 346, 258, 366, 101, 237, 158, 376, 
0, 95, 67, 50, 149, 31, 189, 205, 290, 103, 28, 36, 
0, 104, 40, 372, 392, 62, 6, 200, 69, 41, 59, 322, 17, 
0, 368, 218, 171, 21, 395, 54, 88, 223, 176, 248, 274, 365, 378, 273, 
0, 383, 150, 245, 136, 217, 270, 369, 332, 190, 120, 178, 
