Solution: 37 7630.000000 7630.000000

0, 285, 334, 185, 137, 294, 268, 86, 33, 18, 126, 
0, 92, 115, 367, 15, 267, 129, 272, 340, 396, 301, 208, 
0, 214, 363, 32, 76, 23, 256, 296, 143, 144, 
0, 327, 11, 341, 302, 394, 382, 174, 339, 300, 124, 231, 319, 
0, 400, 89, 10, 239, 279, 195, 110, 345, 111, 291, 309, 80, 
0, 156, 147, 68, 146, 42, 230, 342, 265, 113, 96, 94, 99, 
0, 323, 145, 377, 134, 25, 255, 287, 44, 155, 187, 131, 36, 
0, 2, 127, 165, 90, 360, 108, 3, 242, 344, 77, 85, 393, 
0, 22, 311, 37, 240, 83, 81, 66, 212, 60, 273, 
0, 262, 59, 299, 335, 371, 200, 397, 7, 358, 153, 84, 14, 201, 
0, 352, 261, 314, 166, 191, 163, 20, 105, 310, 119, 384, 
0, 104, 41, 333, 167, 69, 6, 62, 130, 325, 193, 
0, 177, 181, 297, 380, 1, 271, 109, 364, 4, 114, 235, 206, 
0, 186, 398, 359, 250, 35, 357, 
0, 308, 337, 312, 257, 388, 160, 379, 343, 
0, 162, 87, 389, 82, 152, 286, 305, 116, 321, 135, 
0, 121, 270, 222, 46, 55, 128, 236, 247, 16, 227, 216, 244, 188, 
0, 95, 67, 50, 149, 31, 258, 366, 101, 237, 158, 290, 203, 
0, 125, 282, 259, 63, 304, 306, 269, 142, 103, 28, 
0, 346, 199, 264, 24, 30, 260, 320, 281, 362, 233, 
0, 107, 276, 49, 151, 373, 56, 374, 34, 219, 172, 
0, 73, 390, 351, 192, 112, 249, 326, 74, 197, 132, 21, 387, 
0, 189, 205, 252, 106, 386, 353, 43, 8, 376, 
0, 204, 307, 330, 324, 91, 385, 347, 5, 
0, 211, 75, 361, 140, 72, 318, 349, 238, 161, 213, 58, 
0, 228, 263, 79, 122, 29, 338, 64, 229, 220, 183, 45, 
0, 298, 100, 280, 289, 246, 57, 356, 157, 350, 234, 225, 241, 
0, 329, 254, 221, 48, 70, 175, 215, 293, 336, 102, 98, 331, 
0, 383, 150, 217, 245, 136, 117, 332, 369, 178, 120, 
0, 13, 368, 218, 171, 223, 274, 88, 54, 395, 365, 176, 248, 378, 182, 
0, 232, 78, 40, 372, 392, 148, 251, 275, 253, 209, 38, 399, 
0, 169, 317, 39, 210, 355, 375, 391, 288, 295, 190, 
0, 313, 47, 141, 370, 170, 266, 224, 226, 26, 53, 180, 
0, 207, 168, 118, 65, 138, 123, 52, 97, 154, 133, 348, 159, 
0, 164, 196, 316, 243, 179, 173, 277, 284, 184, 
0, 93, 283, 315, 194, 328, 278, 9, 381, 322, 17, 202, 12, 
0, 139, 71, 51, 292, 27, 303, 198, 354, 19, 61, 
