Solution: 19 3327.300000 3327.300000

0, 54, 155, 115, 121, 11, 8, 60, 1, 97, 64, 67, 
0, 84, 199, 127, 176, 69, 113, 134, 58, 191, 87, 17, 174, 
0, 169, 152, 184, 190, 51, 111, 145, 116, 80, 
0, 165, 85, 56, 108, 38, 32, 31, 52, 74, 106, 70, 
0, 4, 195, 22, 129, 41, 194, 158, 154, 
0, 162, 63, 149, 20, 26, 159, 46, 138, 186, 135, 120, 39, 
0, 100, 37, 9, 12, 59, 143, 188, 29, 139, 21, 166, 82, 
0, 99, 168, 94, 151, 53, 101, 192, 50, 33, 66, 
0, 88, 105, 118, 71, 144, 123, 137, 13, 75, 30, 
0, 48, 180, 124, 43, 3, 136, 79, 96, 34, 76, 2, 175, 
0, 182, 57, 133, 147, 40, 16, 98, 119, 161, 72, 
0, 142, 131, 156, 196, 167, 27, 61, 198, 91, 126, 
0, 172, 197, 5, 62, 170, 73, 93, 193, 19, 146, 
0, 42, 181, 35, 164, 104, 25, 10, 77, 122, 141, 185, 
0, 92, 177, 65, 128, 125, 189, 109, 160, 112, 157, 
0, 163, 28, 6, 132, 78, 171, 130, 187, 150, 
0, 24, 102, 183, 15, 179, 18, 68, 7, 110, 178, 
0, 153, 49, 14, 47, 200, 103, 90, 44, 95, 83, 148, 36, 
0, 140, 89, 173, 45, 23, 117, 114, 86, 55, 81, 107, 
