Solution: 19 2994.900000 2994.900000

0, 47, 200, 103, 90, 178, 110, 44, 116, 95, 83, 148, 36, 
0, 92, 195, 41, 129, 194, 158, 154, 
0, 142, 169, 152, 184, 196, 102, 156, 124, 43, 180, 3, 136, 
0, 4, 86, 108, 38, 32, 117, 23, 52, 31, 106, 22, 70, 
0, 54, 89, 100, 37, 139, 143, 59, 12, 9, 66, 
0, 65, 168, 99, 94, 151, 53, 192, 101, 74, 55, 
0, 42, 197, 122, 181, 141, 185, 2, 76, 34, 175, 
0, 48, 131, 15, 179, 7, 68, 18, 183, 24, 
0, 153, 49, 14, 132, 78, 162, 149, 63, 79, 
0, 84, 199, 127, 118, 105, 69, 176, 113, 191, 58, 134, 174, 
0, 150, 163, 28, 6, 171, 130, 187, 
0, 190, 167, 27, 61, 198, 111, 145, 51, 91, 80, 126, 
0, 87, 88, 11, 71, 17, 30, 64, 67, 
0, 140, 155, 121, 115, 144, 123, 137, 75, 13, 8, 60, 1, 97, 
0, 20, 77, 35, 164, 104, 25, 10, 170, 19, 193, 73, 146, 93, 39, 
0, 21, 188, 177, 128, 125, 189, 109, 160, 112, 50, 157, 33, 
0, 182, 57, 133, 147, 40, 16, 98, 119, 161, 72, 
0, 172, 5, 62, 26, 159, 46, 138, 186, 135, 120, 96, 
0, 166, 29, 173, 165, 85, 56, 45, 114, 81, 107, 82, 
