Solution: 37 8586.700000 8586.700000

0, 44, 255, 25, 73, 192, 351, 176, 248, 378, 
0, 218, 171, 21, 395, 54, 88, 223, 274, 365, 83, 81, 336, 102, 98, 
0, 383, 150, 317, 107, 204, 85, 277, 126, 184, 
0, 295, 89, 10, 4, 239, 279, 309, 216, 227, 244, 80, 188, 
0, 211, 75, 276, 151, 373, 56, 374, 49, 219, 
0, 250, 359, 142, 306, 304, 63, 259, 282, 125, 13, 22, 
0, 185, 137, 339, 302, 341, 394, 382, 174, 294, 268, 124, 231, 
0, 155, 390, 197, 74, 326, 249, 112, 132, 387, 293, 187, 182, 
0, 194, 315, 328, 298, 265, 342, 230, 42, 68, 146, 94, 135, 202, 
0, 329, 254, 311, 221, 325, 167, 59, 322, 17, 
0, 93, 283, 278, 9, 299, 200, 335, 371, 397, 7, 153, 14, 201, 
0, 375, 355, 177, 181, 297, 210, 39, 400, 117, 332, 190, 
0, 186, 121, 245, 136, 217, 270, 369, 178, 120, 376, 28, 
0, 92, 115, 367, 129, 11, 267, 15, 327, 272, 33, 86, 319, 
0, 168, 118, 163, 166, 154, 133, 26, 384, 180, 53, 284, 
0, 307, 91, 324, 330, 380, 385, 34, 172, 
0, 2, 97, 261, 191, 314, 300, 119, 105, 20, 310, 
0, 147, 113, 263, 29, 292, 27, 303, 198, 183, 45, 
0, 269, 346, 199, 264, 24, 30, 260, 320, 281, 233, 131, 
0, 156, 96, 139, 71, 51, 79, 122, 220, 321, 241, 
0, 337, 228, 308, 379, 160, 388, 257, 301, 208, 
0, 95, 189, 67, 50, 149, 31, 258, 366, 205, 8, 
0, 207, 266, 224, 226, 138, 65, 123, 52, 170, 370, 159, 
0, 333, 232, 392, 372, 148, 251, 62, 6, 69, 41, 262, 193, 
0, 213, 161, 238, 349, 318, 72, 140, 169, 361, 393, 58, 
0, 104, 78, 40, 253, 275, 209, 130, 358, 84, 399, 38, 
0, 396, 340, 312, 354, 19, 61, 99, 343, 
0, 398, 252, 106, 128, 386, 353, 43, 203, 
0, 368, 70, 175, 215, 48, 37, 66, 240, 212, 60, 331, 273, 
0, 313, 196, 127, 165, 90, 360, 108, 141, 47, 242, 3, 344, 348, 77, 
0, 323, 287, 134, 377, 145, 362, 101, 237, 158, 290, 103, 36, 
0, 100, 162, 152, 57, 246, 356, 157, 350, 289, 280, 64, 338, 234, 
0, 164, 316, 243, 179, 173, 352, 285, 334, 18, 
0, 381, 87, 389, 286, 82, 305, 116, 225, 229, 12, 
0, 144, 143, 296, 256, 23, 76, 32, 363, 214, 357, 35, 
0, 222, 46, 55, 236, 247, 291, 114, 5, 347, 
0, 391, 288, 16, 110, 345, 195, 111, 109, 271, 364, 1, 235, 206, 
