Solution: 37 8549.800000 8549.800000

0, 213, 238, 349, 318, 72, 140, 169, 361, 393, 85, 35, 357, 
0, 2, 196, 316, 165, 90, 360, 108, 141, 370, 133, 159, 184, 
0, 147, 139, 263, 71, 51, 79, 122, 64, 338, 234, 241, 
0, 288, 375, 355, 177, 181, 297, 380, 34, 172, 
0, 340, 312, 354, 19, 61, 99, 343, 12, 
0, 97, 266, 138, 163, 300, 119, 105, 20, 310, 53, 
0, 329, 254, 311, 221, 48, 37, 66, 240, 212, 60, 
0, 346, 199, 264, 24, 30, 260, 320, 281, 362, 233, 
0, 185, 137, 339, 302, 341, 394, 382, 174, 294, 268, 86, 319, 
0, 93, 144, 143, 296, 256, 23, 76, 32, 214, 363, 201, 
0, 287, 390, 197, 74, 326, 249, 112, 192, 351, 132, 387, 187, 
0, 106, 252, 149, 31, 258, 366, 101, 237, 158, 290, 103, 36, 
0, 194, 328, 337, 228, 308, 379, 160, 388, 257, 301, 
0, 383, 150, 245, 136, 204, 210, 39, 400, 117, 332, 58, 
0, 164, 243, 179, 173, 352, 285, 334, 18, 126, 
0, 89, 10, 4, 239, 110, 345, 195, 279, 111, 109, 271, 364, 1, 190, 
0, 162, 286, 57, 246, 356, 157, 350, 289, 280, 116, 321, 225, 229, 
0, 207, 168, 118, 65, 123, 52, 170, 154, 26, 384, 180, 
0, 222, 46, 55, 236, 247, 235, 206, 114, 291, 244, 80, 188, 
0, 359, 95, 189, 67, 50, 205, 128, 386, 8, 
0, 142, 323, 44, 255, 25, 73, 134, 377, 145, 131, 203, 
0, 283, 100, 29, 292, 27, 303, 198, 220, 183, 45, 
0, 278, 381, 9, 298, 299, 335, 371, 397, 7, 153, 14, 
0, 104, 40, 372, 148, 251, 62, 6, 69, 41, 59, 322, 17, 
0, 368, 70, 175, 215, 365, 83, 81, 336, 293, 102, 98, 
0, 391, 295, 16, 309, 216, 227, 353, 43, 
0, 333, 232, 78, 392, 253, 275, 209, 325, 262, 193, 
0, 211, 75, 276, 151, 373, 56, 374, 49, 219, 
0, 155, 218, 171, 21, 395, 54, 88, 274, 223, 176, 248, 378, 182, 
0, 156, 96, 113, 265, 342, 230, 42, 68, 146, 94, 135, 202, 
0, 250, 269, 306, 304, 63, 259, 282, 125, 13, 22, 331, 273, 
0, 307, 91, 330, 324, 385, 5, 347, 
0, 315, 87, 389, 152, 82, 305, 200, 167, 130, 358, 84, 399, 38, 
0, 161, 317, 107, 47, 242, 3, 344, 348, 77, 277, 284, 
0, 313, 127, 224, 226, 261, 191, 314, 166, 124, 231, 
0, 186, 398, 121, 217, 270, 369, 178, 120, 376, 28, 
0, 396, 92, 115, 367, 129, 11, 267, 15, 327, 272, 33, 208, 
