Solution: 19 3327.500000 3327.500000

0, 89, 173, 38, 23, 117, 114, 86, 55, 81, 107, 154, 
0, 163, 28, 6, 132, 78, 171, 130, 187, 150, 
0, 182, 57, 133, 40, 16, 98, 119, 161, 72, 
0, 140, 155, 115, 121, 11, 8, 60, 1, 97, 64, 67, 
0, 162, 63, 149, 20, 26, 159, 46, 138, 186, 135, 120, 39, 
0, 153, 49, 14, 47, 200, 103, 90, 110, 178, 36, 
0, 142, 48, 180, 43, 3, 136, 79, 96, 34, 76, 2, 175, 
0, 42, 181, 35, 164, 104, 25, 10, 77, 122, 141, 185, 
0, 4, 169, 152, 167, 27, 61, 198, 91, 145, 116, 83, 148, 
0, 165, 85, 45, 56, 108, 32, 31, 52, 74, 106, 70, 
0, 84, 199, 127, 176, 69, 113, 134, 58, 191, 87, 17, 174, 
0, 92, 195, 147, 22, 129, 41, 194, 158, 
0, 131, 124, 15, 179, 7, 68, 18, 183, 
0, 172, 197, 5, 62, 170, 73, 93, 193, 19, 146, 
0, 99, 168, 94, 151, 53, 101, 192, 50, 33, 66, 
0, 100, 37, 177, 65, 128, 125, 189, 109, 160, 112, 157, 
0, 24, 156, 102, 196, 184, 190, 51, 111, 95, 44, 80, 126, 
0, 88, 105, 118, 71, 144, 123, 137, 13, 75, 30, 
0, 54, 9, 12, 59, 143, 188, 29, 139, 21, 166, 82, 
