Solution: 38 8611.200000 8611.200000

0, 2, 97, 138, 163, 300, 119, 105, 20, 310, 53, 
0, 269, 390, 197, 74, 326, 249, 112, 192, 351, 132, 387, 187, 
0, 155, 44, 287, 255, 25, 73, 88, 274, 223, 176, 248, 378, 
0, 104, 78, 40, 253, 275, 209, 130, 358, 84, 399, 38, 
0, 16, 4, 239, 110, 345, 109, 271, 364, 1, 235, 206, 
0, 93, 144, 143, 296, 256, 23, 76, 32, 363, 214, 
0, 398, 252, 106, 128, 386, 353, 43, 203, 182, 
0, 164, 243, 179, 173, 352, 285, 334, 18, 126, 
0, 383, 150, 245, 136, 204, 400, 117, 332, 190, 178, 120, 376, 
0, 194, 278, 100, 29, 292, 27, 303, 198, 94, 135, 202, 
0, 323, 199, 264, 24, 30, 260, 320, 281, 362, 233, 131, 
0, 207, 168, 118, 65, 123, 52, 170, 26, 384, 180, 
0, 307, 91, 324, 330, 380, 385, 34, 172, 
0, 295, 89, 10, 279, 195, 111, 291, 114, 5, 347, 
0, 222, 46, 55, 236, 247, 309, 216, 227, 244, 80, 188, 
0, 329, 254, 311, 221, 325, 167, 59, 322, 17, 
0, 95, 189, 67, 50, 149, 31, 258, 205, 8, 28, 
0, 92, 115, 367, 129, 11, 267, 15, 327, 272, 33, 86, 319, 
0, 381, 162, 286, 57, 246, 356, 157, 350, 280, 64, 338, 234, 
0, 87, 389, 152, 82, 305, 289, 116, 321, 225, 229, 241, 
0, 337, 228, 308, 379, 160, 388, 257, 301, 208, 
0, 391, 288, 375, 355, 177, 181, 297, 210, 39, 369, 
0, 213, 161, 238, 349, 318, 72, 140, 169, 361, 393, 85, 
0, 368, 218, 171, 21, 395, 54, 365, 83, 81, 336, 293, 102, 98, 
0, 250, 359, 142, 306, 304, 63, 259, 282, 125, 13, 22, 
0, 211, 75, 317, 107, 141, 47, 242, 344, 348, 77, 277, 284, 
0, 313, 266, 224, 226, 261, 191, 314, 166, 154, 133, 
0, 396, 340, 312, 354, 19, 61, 343, 12, 
0, 276, 151, 373, 56, 374, 49, 219, 58, 
0, 283, 156, 96, 113, 265, 342, 230, 42, 68, 146, 99, 
0, 186, 121, 217, 270, 35, 357, 
0, 196, 127, 316, 165, 90, 360, 108, 3, 370, 159, 184, 
0, 346, 134, 377, 145, 366, 101, 237, 158, 290, 103, 36, 
0, 315, 328, 9, 298, 299, 200, 335, 371, 397, 7, 153, 14, 201, 
0, 70, 175, 215, 48, 37, 66, 240, 212, 60, 331, 273, 
0, 147, 139, 263, 71, 51, 79, 122, 220, 183, 45, 
0, 185, 137, 339, 302, 341, 394, 382, 174, 294, 268, 124, 231, 
0, 333, 232, 392, 372, 148, 251, 62, 6, 69, 41, 262, 193, 
