Solution: 18 3008.000000 3008.000000

0, 169, 152, 61, 198, 111, 91, 51, 145, 116, 95, 83, 148, 
0, 24, 184, 167, 27, 190, 80, 44, 90, 178, 36, 
0, 4, 92, 195, 41, 129, 158, 154, 
0, 142, 131, 179, 18, 68, 7, 110, 103, 200, 79, 39, 
0, 54, 89, 100, 37, 139, 143, 59, 12, 9, 66, 
0, 166, 173, 165, 85, 56, 108, 45, 86, 81, 55, 194, 
0, 26, 77, 35, 164, 104, 25, 10, 170, 19, 193, 73, 146, 93, 
0, 140, 155, 121, 115, 144, 123, 137, 75, 13, 8, 60, 1, 175, 
0, 182, 57, 133, 147, 40, 16, 98, 119, 161, 72, 
0, 84, 199, 127, 118, 105, 69, 176, 113, 191, 58, 134, 97, 
0, 87, 88, 11, 71, 17, 30, 64, 67, 
0, 65, 168, 99, 94, 53, 101, 192, 112, 50, 107, 82, 
0, 21, 29, 188, 177, 128, 125, 189, 151, 160, 109, 157, 33, 
0, 130, 197, 5, 62, 122, 181, 141, 185, 135, 120, 96, 
0, 63, 149, 186, 20, 159, 46, 138, 172, 42, 2, 76, 34, 174, 
0, 163, 28, 6, 49, 14, 47, 162, 78, 132, 171, 187, 150, 
0, 114, 117, 23, 38, 32, 74, 52, 31, 106, 22, 70, 126, 
0, 153, 3, 180, 43, 124, 15, 183, 196, 102, 156, 48, 136, 
