Solution: 14 5472.400000 5472.400000

0, 35, 357, 22, 193, 262, 41, 59, 167, 130, 358, 84, 153, 14, 201, 
0, 164, 313, 2, 196, 127, 316, 179, 243, 165, 90, 360, 108, 207, 168, 266, 224, 226, 138, 65, 118, 123, 52, 170, 97, 154, 261, 314, 191, 163, 26, 105, 119, 310, 20, 53, 284, 
0, 393, 361, 169, 140, 270, 217, 400, 181, 39, 204, 219, 85, 277, 126, 18, 319, 301, 208, 
0, 93, 144, 296, 256, 23, 283, 298, 100, 156, 147, 265, 113, 96, 139, 263, 354, 312, 230, 342, 71, 51, 79, 122, 29, 292, 27, 303, 198, 19, 42, 68, 146, 61, 379, 160, 388, 257, 94, 45, 343, 12, 
0, 329, 104, 333, 232, 78, 40, 372, 392, 148, 253, 275, 251, 62, 6, 69, 200, 299, 335, 371, 397, 7, 399, 38, 
0, 142, 269, 323, 304, 306, 155, 44, 287, 346, 264, 199, 377, 145, 134, 73, 25, 255, 63, 259, 125, 282, 13, 311, 254, 325, 209, 221, 37, 48, 83, 81, 66, 240, 212, 378, 187, 203, 131, 182, 
0, 213, 75, 211, 161, 238, 349, 318, 72, 317, 276, 107, 47, 141, 173, 285, 334, 352, 77, 348, 344, 242, 3, 133, 370, 159, 184, 
0, 121, 222, 46, 55, 236, 247, 16, 89, 10, 4, 239, 279, 195, 110, 345, 380, 364, 1, 271, 109, 111, 309, 206, 235, 291, 114, 5, 347, 
0, 186, 398, 250, 359, 106, 252, 95, 189, 67, 50, 149, 31, 258, 260, 30, 24, 320, 281, 362, 233, 366, 101, 237, 158, 290, 205, 128, 227, 216, 244, 80, 188, 
0, 368, 70, 218, 171, 21, 390, 197, 326, 74, 215, 175, 395, 54, 88, 274, 223, 176, 248, 112, 249, 192, 351, 132, 387, 365, 293, 336, 102, 60, 98, 331, 273, 
0, 214, 363, 32, 76, 143, 308, 337, 228, 99, 135, 322, 17, 
0, 92, 396, 340, 115, 367, 185, 137, 339, 174, 294, 382, 394, 302, 341, 11, 272, 129, 267, 15, 327, 33, 268, 86, 300, 166, 124, 231, 384, 180, 172, 58, 
0, 383, 150, 245, 136, 391, 295, 288, 375, 177, 355, 210, 297, 307, 330, 373, 151, 324, 91, 385, 56, 374, 49, 34, 117, 332, 190, 369, 178, 120, 376, 103, 43, 353, 386, 8, 28, 36, 
0, 194, 315, 328, 278, 9, 381, 162, 87, 389, 82, 152, 305, 286, 57, 246, 356, 157, 350, 289, 116, 280, 225, 321, 183, 220, 64, 338, 234, 229, 241, 202, 
