Solution: 10 4362.800000 4362.800000

0, 104, 333, 232, 78, 40, 372, 392, 148, 251, 275, 253, 209, 221, 254, 311, 70, 175, 215, 74, 326, 249, 112, 192, 351, 132, 395, 54, 88, 274, 223, 176, 248, 387, 365, 48, 37, 240, 66, 81, 83, 102, 336, 293, 187, 203, 131, 182, 
0, 213, 75, 211, 161, 238, 349, 318, 140, 72, 204, 317, 374, 307, 385, 91, 324, 330, 373, 151, 56, 49, 276, 107, 219, 169, 361, 393, 85, 77, 348, 159, 370, 133, 384, 26, 53, 180, 
0, 214, 363, 32, 76, 194, 315, 328, 278, 9, 381, 298, 100, 162, 87, 389, 82, 152, 305, 286, 57, 246, 356, 157, 350, 289, 116, 280, 225, 64, 234, 338, 229, 220, 183, 321, 45, 241, 17, 14, 201, 
0, 186, 398, 250, 359, 142, 269, 304, 323, 44, 155, 368, 218, 171, 21, 197, 390, 73, 25, 255, 134, 287, 145, 377, 346, 199, 264, 24, 30, 260, 320, 281, 362, 233, 258, 31, 366, 101, 237, 290, 95, 205, 189, 67, 50, 149, 158, 306, 63, 259, 125, 282, 13, 378, 357, 35, 
0, 93, 143, 296, 256, 23, 283, 228, 147, 156, 96, 113, 265, 230, 42, 19, 146, 68, 342, 139, 263, 71, 51, 79, 122, 29, 292, 27, 303, 198, 354, 312, 257, 388, 160, 379, 61, 94, 99, 135, 202, 343, 12, 
0, 22, 329, 193, 262, 325, 130, 62, 6, 69, 167, 59, 41, 322, 299, 335, 371, 200, 397, 7, 358, 84, 153, 38, 399, 212, 60, 98, 331, 273, 
0, 164, 313, 2, 196, 127, 316, 173, 352, 285, 179, 243, 165, 90, 360, 108, 3, 344, 242, 47, 141, 207, 168, 118, 65, 138, 123, 52, 170, 266, 224, 226, 97, 154, 261, 166, 191, 163, 20, 105, 119, 310, 231, 301, 208, 
0, 383, 150, 217, 245, 136, 400, 391, 295, 288, 375, 177, 355, 39, 210, 181, 297, 380, 89, 10, 239, 4, 1, 364, 271, 109, 345, 110, 195, 279, 111, 291, 309, 114, 34, 347, 5, 172, 58, 
0, 121, 270, 222, 46, 55, 252, 106, 128, 236, 247, 16, 235, 206, 190, 117, 332, 369, 178, 120, 376, 103, 353, 386, 227, 216, 244, 80, 188, 43, 8, 28, 36, 
0, 144, 308, 337, 396, 92, 327, 15, 367, 115, 340, 272, 129, 267, 11, 268, 185, 137, 339, 294, 174, 382, 394, 302, 341, 300, 314, 124, 86, 33, 334, 277, 126, 18, 319, 284, 184, 
