Solution: 8 2493.500000 2493.500000

0, 28, 163, 187, 150, 
0, 142, 24, 131, 152, 167, 179, 102, 156, 48, 136, 3, 180, 43, 124, 15, 18, 68, 7, 183, 196, 184, 190, 27, 51, 61, 198, 111, 91, 145, 148, 83, 36, 
0, 130, 171, 78, 132, 14, 49, 47, 200, 103, 90, 110, 44, 95, 116, 80, 178, 79, 96, 34, 76, 2, 185, 141, 193, 19, 146, 39, 
0, 169, 72, 98, 16, 119, 161, 195, 129, 41, 158, 194, 55, 81, 107, 82, 154, 
0, 140, 54, 155, 88, 84, 199, 127, 118, 105, 69, 176, 113, 134, 58, 191, 87, 144, 123, 137, 71, 11, 115, 121, 17, 174, 13, 8, 1, 60, 75, 97, 175, 
0, 100, 37, 9, 12, 59, 143, 188, 139, 21, 89, 166, 29, 173, 86, 38, 32, 114, 117, 23, 74, 52, 106, 22, 70, 126, 
0, 153, 6, 162, 63, 149, 42, 172, 197, 5, 62, 26, 159, 181, 35, 104, 164, 25, 170, 10, 77, 122, 20, 46, 138, 186, 135, 73, 93, 120, 
0, 4, 92, 182, 57, 133, 40, 147, 31, 108, 56, 45, 85, 165, 177, 65, 128, 99, 168, 94, 151, 53, 160, 109, 189, 125, 112, 192, 101, 50, 33, 157, 66, 30, 64, 67, 
