Solution: 18 6194.400000 6194.400000

0, 75, 211, 317, 276, 307, 330, 91, 324, 151, 373, 56, 374, 380, 385, 49, 219, 34, 5, 347, 172, 58, 
0, 396, 92, 115, 367, 340, 312, 354, 342, 265, 230, 42, 19, 61, 94, 45, 202, 
0, 121, 222, 46, 55, 236, 89, 10, 16, 247, 4, 239, 110, 345, 195, 279, 111, 109, 271, 364, 1, 114, 291, 244, 80, 188, 
0, 144, 256, 23, 76, 32, 214, 363, 298, 228, 337, 308, 334, 277, 126, 18, 319, 284, 
0, 142, 269, 323, 155, 44, 287, 346, 199, 264, 24, 25, 255, 134, 73, 21, 395, 54, 88, 274, 223, 176, 248, 215, 48, 37, 66, 83, 81, 336, 293, 102, 187, 182, 331, 273, 
0, 368, 218, 171, 390, 197, 74, 326, 249, 112, 192, 351, 132, 365, 387, 378, 240, 212, 60, 98, 
0, 147, 156, 96, 113, 139, 263, 71, 51, 79, 122, 29, 292, 27, 303, 198, 68, 146, 379, 160, 388, 257, 301, 208, 
0, 393, 85, 35, 357, 
0, 93, 143, 296, 283, 315, 328, 278, 381, 9, 100, 87, 162, 389, 82, 152, 286, 57, 246, 356, 157, 350, 305, 289, 280, 116, 64, 321, 183, 220, 338, 225, 234, 229, 241, 17, 
0, 306, 304, 63, 259, 125, 282, 13, 22, 193, 262, 201, 
0, 194, 104, 333, 232, 78, 40, 372, 392, 148, 253, 275, 251, 62, 6, 69, 299, 200, 335, 371, 322, 135, 99, 343, 12, 
0, 383, 150, 245, 391, 295, 288, 375, 355, 177, 181, 297, 210, 39, 400, 117, 332, 190, 235, 206, 309, 216, 227, 386, 353, 43, 8, 28, 36, 
0, 107, 360, 90, 179, 173, 285, 352, 108, 141, 47, 242, 3, 344, 77, 348, 370, 133, 159, 
0, 185, 137, 339, 302, 341, 11, 129, 267, 15, 394, 382, 174, 294, 268, 272, 327, 33, 86, 300, 124, 231, 384, 180, 184, 
0, 186, 398, 250, 359, 106, 252, 95, 189, 67, 50, 149, 31, 258, 30, 260, 320, 281, 145, 377, 362, 233, 366, 101, 237, 158, 290, 205, 128, 103, 203, 131, 
0, 213, 161, 238, 349, 318, 72, 140, 361, 169, 204, 136, 217, 270, 369, 178, 120, 376, 
0, 329, 175, 70, 311, 254, 221, 209, 325, 41, 59, 167, 130, 358, 397, 7, 84, 153, 399, 38, 14, 
0, 164, 313, 2, 196, 127, 316, 243, 165, 207, 168, 97, 266, 224, 226, 138, 118, 65, 163, 123, 52, 170, 191, 261, 314, 166, 154, 26, 119, 105, 20, 310, 53, 
