Solution: 10 2809.685958 2809.685958

0, 100, 37, 9, 12, 59, 177, 128, 65, 168, 53, 99, 94, 151, 160, 112, 125, 189, 109, 101, 192, 50, 33, 157, 
0, 163, 162, 63, 149, 42, 172, 197, 5, 181, 35, 170, 104, 164, 62, 159, 20, 26, 10, 25, 77, 122, 46, 138, 186, 135, 96, 34, 76, 2, 141, 185, 120, 
0, 4, 92, 182, 57, 195, 31, 45, 165, 85, 56, 108, 38, 32, 23, 117, 86, 114, 74, 52, 106, 22, 70, 158, 154, 
0, 84, 199, 127, 118, 105, 69, 176, 113, 191, 58, 134, 87, 17, 174, 97, 30, 64, 67, 
0, 54, 89, 143, 173, 188, 29, 139, 21, 166, 129, 41, 194, 55, 81, 107, 66, 82, 
0, 140, 88, 155, 144, 71, 137, 123, 115, 121, 11, 13, 8, 1, 60, 75, 175, 
0, 28, 6, 49, 14, 132, 78, 171, 130, 187, 150, 
0, 48, 131, 156, 167, 152, 169, 133, 147, 40, 16, 98, 119, 161, 72, 27, 51, 110, 90, 44, 95, 116, 83, 148, 36, 
0, 153, 47, 200, 103, 124, 43, 180, 3, 136, 79, 73, 93, 193, 19, 146, 39, 
0, 142, 24, 102, 15, 179, 7, 68, 18, 183, 196, 184, 190, 61, 198, 111, 91, 145, 80, 178, 126, 
