Solution: 19 1650.799240 39650.799240

0, 62, 11, 90, 20, 32, 70, 
0, 27, 69, 76, 79, 3, 54, 24, 80, 
0, 92, 42, 15, 87, 57, 97, 
0, 65, 71, 81, 50, 68, 
0, 95, 98, 16, 86, 91, 100, 
0, 36, 47, 19, 8, 46, 17, 
0, 39, 23, 67, 55, 25, 
0, 59, 99, 94, 96, 
0, 45, 82, 18, 84, 60, 89, 
0, 2, 21, 73, 41, 56, 4, 
0, 30, 51, 9, 66, 1, 
0, 14, 44, 38, 43, 13, 
0, 33, 29, 78, 34, 35, 77, 
0, 5, 83, 61, 85, 37, 93, 
0, 63, 64, 49, 48, 
0, 72, 75, 22, 74, 58, 
0, 28, 12, 40, 53, 26, 
0, 52, 6, 
0, 31, 88, 7, 10, 
