Solution: 20 1698.730817 41698.730817

0, 92, 37, 98, 85, 16, 86, 17, 83, 
0, 45, 47, 8, 46, 82, 
0, 11, 90, 32, 70, 
0, 18, 84, 60, 5, 93, 
0, 64, 49, 48, 
0, 36, 88, 7, 52, 
0, 27, 69, 30, 81, 66, 
0, 39, 23, 67, 54, 24, 80, 12, 
0, 19, 10, 31, 
0, 50, 33, 29, 79, 68, 
0, 96, 99, 6, 89, 
0, 2, 15, 41, 75, 56, 74, 72, 21, 26, 
0, 40, 53, 
0, 65, 71, 9, 35, 34, 3, 
0, 28, 76, 78, 77, 
0, 42, 87, 57, 97, 13, 58, 
0, 94, 59, 61, 91, 100, 95, 
0, 63, 62, 51, 20, 1, 
0, 73, 22, 55, 4, 25, 
0, 14, 44, 38, 43, 
