Solution: 193 238580.104000 296480.104000

0, 374, 699, 181, 505, 599, 
0, 167, 118, 416, 201, 977, 
0, 384, 286, 
0, 465, 746, 542, 469, 
0, 954, 68, 782, 442, 963, 636, 
0, 650, 730, 261, 85, 677, 
0, 817, 993, 837, 248, 
0, 706, 164, 327, 413, 481, 
0, 6, 600, 672, 450, 420, 43, 
0, 974, 758, 523, 494, 886, 856, 
0, 637, 289, 98, 301, 
0, 891, 629, 805, 92, 
0, 277, 373, 396, 920, 
0, 521, 940, 853, 398, 528, 587, 
0, 244, 285, 119, 8, 
0, 501, 221, 274, 839, 580, 
0, 17, 709, 127, 
0, 172, 288, 812, 214, 985, 
0, 560, 200, 135, 716, 131, 
0, 209, 370, 800, 625, 558, 
0, 121, 541, 757, 276, 707, 
0, 515, 775, 748, 319, 
0, 943, 337, 870, 264, 670, 857, 895, 
0, 754, 992, 220, 48, 330, 
0, 229, 1, 589, 76, 855, 
0, 632, 690, 941, 570, 404, 163, 
0, 519, 671, 84, 760, 
0, 827, 268, 763, 517, 524, 
0, 128, 904, 780, 240, 868, 341, 
0, 645, 448, 281, 619, 60, 
0, 987, 937, 972, 191, 966, 224, 
0, 889, 980, 487, 179, 644, 
0, 297, 365, 318, 237, 722, 
0, 80, 683, 573, 140, 
0, 473, 621, 64, 123, 949, 
0, 697, 290, 255, 291, 
0, 658, 428, 806, 574, 769, 
0, 19, 934, 554, 32, 652, 815, 936, 
0, 498, 591, 705, 922, 701, 753, 
0, 968, 20, 890, 95, 778, 
0, 635, 548, 666, 883, 546, 
0, 579, 576, 596, 336, 896, 834, 
0, 903, 832, 929, 779, 989, 
0, 847, 115, 2, 451, 346, 892, 
0, 241, 516, 529, 10, 926, 
0, 553, 835, 880, 735, 9, 
0, 422, 210, 298, 423, 367, 485, 
0, 328, 630, 258, 59, 789, 
0, 898, 698, 282, 581, 77, 
0, 723, 299, 608, 747, 369, 531, 
0, 588, 925, 906, 691, 231, 
0, 351, 159, 294, 909, 882, 
0, 81, 642, 476, 233, 230, 
0, 137, 547, 447, 655, 509, 
0, 611, 798, 394, 11, 795, 114, 
0, 459, 408, 225, 445, 877, 
0, 309, 162, 601, 967, 91, 
0, 933, 203, 470, 692, 211, 
0, 727, 958, 357, 426, 317, 136, 
0, 593, 916, 293, 823, 35, 
0, 475, 334, 595, 361, 166, 
0, 952, 506, 430, 514, 885, 
0, 729, 436, 924, 366, 444, 566, 
0, 953, 821, 786, 935, 105, 385, 
0, 33, 731, 497, 986, 462, 260, 
0, 37, 26, 770, 863, 377, 411, 
0, 456, 804, 46, 496, 216, 
0, 725, 520, 305, 545, 
0, 568, 975, 12, 914, 226, 
0, 846, 354, 280, 988, 571, 67, 
0, 188, 787, 97, 148, 508, 
0, 250, 407, 138, 492, 714, 
0, 454, 42, 329, 70, 103, 783, 
0, 457, 468, 432, 799, 275, 
0, 648, 959, 3, 962, 173, 
0, 99, 802, 607, 18, 93, 694, 
0, 417, 543, 363, 453, 350, 938, 
0, 493, 803, 784, 40, 663, 
0, 843, 477, 418, 850, 
0, 296, 379, 964, 278, 243, 
0, 946, 682, 749, 467, 421, 
0, 82, 525, 845, 728, 894, 981, 
0, 484, 820, 878, 750, 996, 
0, 950, 615, 425, 536, 483, 47, 
0, 152, 284, 990, 702, 149, 646, 
0, 185, 355, 486, 307, 
0, 715, 859, 577, 584, 575, 771, 
0, 743, 4, 535, 353, 78, 
0, 918, 389, 169, 234, 848, 
0, 405, 343, 271, 415, 638, 
0, 449, 549, 791, 852, 504, 
0, 178, 333, 443, 464, 810, 
0, 649, 52, 999, 106, 592, 713, 
0, 732, 371, 675, 530, 512, 132, 
0, 109, 756, 168, 461, 331, 219, 
0, 474, 612, 157, 311, 851, 
0, 829, 184, 684, 507, 613, 
0, 279, 634, 979, 323, 626, 
0, 107, 5, 437, 614, 269, 
0, 458, 622, 939, 158, 
0, 491, 687, 884, 998, 
0, 347, 928, 738, 785, 75, 
0, 147, 69, 659, 866, 352, 693, 
0, 332, 433, 213, 842, 597, 
0, 463, 266, 539, 822, 
0, 631, 21, 134, 101, 777, 239, 
0, 245, 662, 907, 792, 532, 
0, 315, 818, 182, 388, 38, 
0, 383, 776, 809, 830, 29, 
0, 345, 772, 206, 761, 313, 945, 
0, 500, 876, 460, 349, 308, 
0, 141, 711, 94, 610, 628, 28, 
0, 31, 439, 665, 745, 550, 295, 
0, 228, 565, 734, 335, 781, 
0, 314, 678, 1000, 202, 272, 
0, 997, 273, 982, 606, 391, 
0, 440, 921, 455, 129, 897, 
0, 429, 721, 931, 110, 438, 
0, 452, 741, 510, 708, 321, 
0, 252, 117, 703, 265, 793, 561, 
0, 238, 872, 174, 267, 263, 
0, 978, 344, 603, 236, 471, 
0, 930, 304, 387, 180, 56, 533, 
0, 755, 801, 320, 30, 156, 
0, 688, 253, 752, 808, 874, 774, 
0, 923, 602, 720, 61, 
0, 122, 339, 651, 555, 537, 310, 
0, 538, 900, 647, 300, 590, 
0, 794, 22, 232, 50, 338, 
0, 257, 72, 403, 316, 86, 
0, 768, 518, 412, 435, 488, 
0, 609, 932, 380, 292, 205, 759, 259, 
0, 71, 765, 685, 151, 
0, 640, 816, 120, 976, 34, 177, 
0, 378, 623, 991, 44, 57, 
0, 144, 7, 254, 563, 23, 618, 
0, 196, 700, 63, 479, 446, 
0, 858, 912, 401, 150, 381, 
0, 112, 195, 838, 372, 360, 
0, 96, 742, 51, 406, 495, 
0, 434, 582, 673, 740, 583, 
0, 973, 124, 861, 854, 639, 
0, 860, 189, 901, 362, 393, 
0, 983, 478, 83, 342, 908, 540, 
0, 526, 395, 376, 944, 153, 
0, 788, 187, 466, 605, 696, 824, 
0, 956, 660, 957, 819, 620, 
0, 534, 368, 664, 125, 719, 
0, 133, 511, 170, 414, 557, 
0, 223, 246, 212, 100, 
0, 873, 270, 154, 
0, 919, 116, 969, 689, 826, 126, 
0, 431, 833, 73, 984, 312, 
0, 218, 503, 807, 551, 
0, 480, 283, 994, 641, 25, 
0, 409, 567, 841, 849, 54, 947, 
0, 879, 242, 864, 222, 
0, 862, 562, 960, 183, 
0, 674, 961, 831, 348, 186, 
0, 797, 364, 762, 24, 586, 145, 
0, 13, 108, 155, 441, 175, 
0, 917, 569, 356, 844, 871, 656, 
0, 995, 718, 113, 790, 16, 965, 
0, 717, 375, 887, 87, 390, 888, 
0, 111, 951, 911, 256, 424, 193, 
0, 499, 913, 686, 262, 653, 
0, 598, 869, 359, 15, 217, 654, 
0, 400, 767, 726, 419, 676, 
0, 227, 382, 53, 306, 667, 
0, 578, 836, 624, 176, 522, 
0, 633, 303, 971, 247, 594, 322, 
0, 165, 14, 139, 171, 733, 
0, 942, 146, 36, 208, 564, 
0, 657, 899, 825, 340, 704, 
0, 45, 902, 724, 766, 410, 161, 
0, 736, 527, 739, 773, 192, 552, 
0, 813, 482, 811, 695, 
0, 513, 661, 130, 58, 559, 49, 
0, 680, 204, 287, 751, 326, 
0, 194, 915, 472, 489, 840, 814, 
0, 764, 865, 617, 74, 
0, 399, 616, 910, 386, 828, 235, 
0, 143, 142, 927, 875, 867, 
0, 102, 65, 948, 55, 796, 544, 
0, 905, 679, 66, 427, 199, 
0, 881, 39, 251, 955, 
0, 324, 710, 669, 681, 502, 62, 
0, 643, 392, 572, 88, 89, 
0, 358, 325, 712, 207, 556, 
0, 249, 397, 585, 627, 41, 190, 
0, 490, 302, 970, 104, 668, 
0, 737, 197, 215, 90, 160, 604, 
0, 402, 893, 79, 198, 27, 744, 
