Solution: 75 92786.218000 115286.218000

0, 358, 347, 178, 376, 362, 
0, 384, 355, 328, 27, 397, 166, 
0, 78, 229, 14, 183, 66, 
0, 33, 227, 176, 306, 352, 
0, 329, 45, 146, 160, 89, 
0, 284, 69, 357, 305, 
0, 382, 315, 219, 111, 290, 92, 
0, 115, 165, 20, 195, 349, 
0, 313, 220, 51, 163, 267, 
0, 246, 216, 46, 54, 241, 
0, 273, 354, 110, 249, 242, 125, 
0, 192, 196, 133, 145, 
0, 149, 296, 266, 123, 164, 
0, 271, 365, 9, 77, 118, 
0, 248, 209, 116, 120, 73, 348, 
0, 258, 94, 318, 8, 91, 238, 
0, 342, 223, 307, 254, 324, 22, 
0, 28, 308, 330, 295, 100, 
0, 93, 124, 1, 56, 269, 
0, 321, 119, 60, 303, 230, 174, 
0, 58, 53, 374, 322, 253, 353, 128, 
0, 203, 337, 7, 113, 11, 293, 
0, 381, 311, 211, 270, 121, 
0, 389, 392, 148, 285, 72, 
0, 175, 158, 156, 360, 364, 
0, 366, 188, 201, 247, 127, 377, 
0, 363, 236, 197, 340, 132, 288, 
0, 34, 274, 232, 356, 32, 
0, 74, 255, 336, 61, 331, 62, 
0, 261, 391, 207, 59, 280, 90, 
0, 38, 65, 122, 298, 215, 
0, 304, 107, 256, 109, 345, 101, 
0, 282, 168, 276, 137, 135, 35, 
0, 300, 134, 13, 103, 291, 
0, 217, 161, 327, 48, 309, 
0, 235, 289, 361, 98, 154, 393, 
0, 323, 218, 3, 187, 88, 
0, 49, 325, 106, 39, 272, 
0, 283, 12, 64, 275, 333, 
0, 385, 37, 63, 126, 341, 
0, 279, 394, 147, 19, 350, 
0, 153, 105, 252, 117, 
0, 6, 87, 155, 189, 319, 299, 
0, 180, 52, 359, 278, 239, 205, 
0, 286, 29, 194, 206, 334, 
0, 143, 2, 386, 224, 129, 277, 
0, 30, 265, 245, 326, 260, 
0, 185, 198, 16, 50, 150, 
0, 151, 398, 208, 233, 373, 
0, 292, 182, 81, 244, 83, 
0, 139, 97, 75, 388, 
0, 141, 332, 310, 167, 140, 
0, 371, 312, 257, 399, 36, 390, 
0, 144, 102, 237, 179, 
0, 210, 378, 184, 57, 367, 264, 
0, 104, 99, 301, 396, 95, 
0, 157, 173, 18, 169, 131, 
0, 395, 172, 190, 42, 231, 
0, 186, 370, 383, 43, 191, 387, 
0, 71, 159, 263, 21, 234, 
0, 316, 243, 96, 26, 344, 
0, 67, 199, 338, 222, 297, 
0, 375, 84, 17, 114, 76, 
0, 108, 314, 31, 351, 400, 15, 10, 
0, 24, 152, 250, 142, 320, 
0, 369, 23, 55, 5, 221, 
0, 302, 380, 40, 212, 44, 225, 
0, 82, 130, 112, 214, 294, 
0, 226, 162, 343, 368, 317, 70, 
0, 200, 202, 85, 138, 335, 193, 
0, 170, 251, 228, 41, 177, 
0, 79, 213, 136, 281, 287, 
0, 268, 181, 240, 25, 171, 262, 
0, 80, 47, 68, 259, 372, 379, 
0, 339, 86, 204, 4, 346, 
