Solution: 78 95347.280000 118747.280000

0, 310, 71, 287, 54, 148, 
0, 299, 334, 237, 153, 124, 
0, 68, 242, 169, 373, 380, 192, 
0, 10, 372, 3, 214, 147, 146, 
0, 321, 284, 2, 385, 118, 
0, 39, 400, 83, 267, 217, 258, 
0, 347, 27, 111, 141, 386, 
0, 70, 327, 358, 397, 144, 
0, 331, 160, 18, 37, 1, 
0, 145, 282, 9, 165, 205, 
0, 117, 313, 344, 212, 191, 
0, 360, 11, 129, 202, 251, 
0, 175, 85, 223, 260, 307, 289, 
0, 15, 134, 91, 300, 336, 
0, 281, 389, 250, 222, 204, 
0, 249, 243, 177, 121, 74, 
0, 303, 276, 30, 198, 25, 
0, 131, 58, 186, 115, 263, 
0, 201, 113, 265, 123, 248, 
0, 142, 158, 227, 179, 171, 
0, 320, 82, 235, 342, 125, 
0, 391, 381, 32, 396, 100, 356, 
0, 79, 234, 209, 6, 349, 
0, 390, 167, 106, 316, 56, 87, 
0, 301, 388, 103, 24, 199, 
0, 366, 305, 41, 194, 261, 
0, 236, 259, 166, 135, 73, 211, 
0, 383, 36, 257, 311, 193, 291, 
0, 5, 375, 80, 157, 340, 156, 
0, 362, 200, 43, 183, 23, 
0, 377, 163, 28, 355, 139, 
0, 116, 270, 93, 26, 12, 338, 
0, 369, 359, 238, 280, 253, 
0, 75, 269, 207, 185, 392, 109, 
0, 314, 231, 19, 304, 86, 
0, 323, 272, 72, 345, 339, 
0, 53, 45, 286, 348, 
0, 174, 104, 48, 127, 
0, 184, 326, 42, 35, 319, 333, 
0, 190, 88, 155, 60, 277, 
0, 215, 84, 335, 294, 271, 384, 
0, 247, 149, 77, 195, 368, 
0, 274, 38, 152, 213, 254, 
0, 112, 398, 262, 322, 325, 
0, 92, 239, 173, 176, 50, 
0, 395, 76, 329, 224, 293, 
0, 189, 7, 379, 51, 96, 221, 
0, 232, 110, 180, 229, 297, 
0, 273, 394, 40, 122, 298, 225, 
0, 66, 67, 138, 
0, 387, 187, 220, 21, 306, 
0, 268, 81, 240, 105, 
0, 228, 168, 20, 353, 
0, 233, 332, 69, 61, 216, 136, 
0, 62, 154, 210, 341, 324, 290, 
0, 382, 140, 120, 351, 8, 208, 
0, 245, 97, 278, 47, 256, 
0, 296, 309, 17, 128, 378, 275, 
0, 107, 328, 370, 343, 64, 65, 
0, 252, 308, 63, 172, 159, 
0, 241, 363, 44, 57, 161, 
0, 367, 132, 114, 133, 
0, 352, 206, 197, 99, 164, 
0, 130, 285, 162, 203, 357, 
0, 31, 102, 52, 14, 292, 
0, 188, 89, 318, 95, 101, 13, 
0, 219, 317, 399, 98, 374, 
0, 170, 196, 34, 178, 16, 
0, 126, 78, 29, 4, 279, 
0, 181, 337, 264, 350, 
0, 393, 244, 182, 49, 
0, 361, 371, 218, 150, 46, 354, 
0, 90, 330, 295, 302, 
0, 55, 346, 364, 246, 312, 
0, 230, 108, 376, 33, 22, 
0, 119, 143, 283, 288, 
0, 315, 137, 255, 94, 
0, 226, 365, 151, 59, 266, 
