Solution: 79 98035.378000 121735.378000

0, 71, 87, 396, 262, 252, 
0, 70, 101, 57, 166, 154, 
0, 67, 288, 115, 4, 5, 
0, 157, 268, 229, 108, 130, 
0, 283, 365, 312, 122, 81, 
0, 196, 139, 201, 156, 367, 
0, 159, 303, 277, 15, 54, 
0, 384, 99, 333, 301, 376, 274, 
0, 366, 282, 92, 16, 3, 
0, 74, 119, 59, 400, 51, 145, 
0, 164, 231, 171, 234, 60, 294, 
0, 135, 193, 76, 347, 263, 
0, 120, 286, 276, 388, 
0, 179, 6, 88, 107, 218, 
0, 64, 184, 110, 300, 299, 
0, 328, 103, 39, 102, 346, 260, 
0, 167, 219, 281, 44, 211, 
0, 221, 275, 255, 198, 330, 249, 
0, 239, 190, 233, 267, 379, 121, 
0, 205, 372, 325, 
0, 295, 112, 9, 23, 131, 28, 
0, 109, 50, 123, 197, 
0, 68, 258, 344, 150, 147, 
0, 370, 335, 232, 173, 390, 75, 
0, 353, 140, 358, 
0, 181, 96, 90, 117, 273, 
0, 319, 339, 52, 165, 278, 
0, 2, 222, 318, 331, 
0, 48, 41, 259, 357, 
0, 72, 93, 63, 214, 97, 
0, 309, 326, 10, 37, 241, 
0, 183, 284, 373, 308, 58, 213, 
0, 116, 17, 31, 324, 
0, 387, 204, 336, 27, 178, 
0, 215, 261, 394, 296, 380, 
0, 43, 94, 73, 
0, 95, 32, 212, 180, 114, 
0, 375, 304, 62, 361, 26, 
0, 158, 128, 151, 49, 
0, 291, 35, 362, 315, 354, 
0, 61, 36, 136, 126, 
0, 285, 210, 106, 168, 254, 13, 
0, 153, 89, 345, 144, 386, 
0, 113, 227, 381, 78, 310, 
0, 337, 374, 188, 146, 341, 
0, 163, 290, 311, 83, 246, 
0, 391, 217, 307, 323, 272, 
0, 247, 21, 149, 235, 327, 
0, 230, 279, 248, 245, 306, 393, 
0, 225, 287, 208, 160, 202, 
0, 293, 383, 363, 29, 397, 42, 
0, 271, 125, 55, 253, 250, 
0, 355, 359, 192, 80, 84, 
0, 351, 186, 377, 321, 228, 82, 
0, 56, 266, 8, 22, 269, 
0, 134, 200, 91, 243, 172, 
0, 65, 77, 264, 105, 
0, 216, 189, 175, 316, 313, 334, 
0, 320, 360, 104, 398, 371, 
0, 137, 292, 127, 1, 169, 289, 
0, 79, 24, 340, 182, 66, 
0, 155, 342, 138, 118, 142, 226, 
0, 364, 224, 47, 12, 19, 
0, 69, 223, 199, 322, 161, 392, 
0, 33, 162, 207, 187, 338, 
0, 395, 148, 209, 194, 
0, 378, 317, 265, 111, 34, 389, 
0, 240, 133, 98, 297, 
0, 11, 350, 38, 236, 191, 
0, 177, 25, 242, 348, 237, 343, 
0, 305, 14, 124, 85, 185, 
0, 257, 244, 53, 46, 270, 
0, 251, 314, 399, 203, 382, 
0, 368, 18, 369, 280, 170, 
0, 132, 152, 141, 174, 356, 
0, 7, 352, 20, 30, 40, 176, 
0, 349, 332, 302, 143, 195, 385, 
0, 45, 329, 238, 220, 298, 
0, 100, 256, 86, 206, 129, 
