Solution: 113 144193.700000 178093.700000

0, 108, 430, 225, 89, 579, 
0, 259, 277, 462, 439, 140, 
0, 369, 510, 366, 323, 110, 
0, 455, 22, 419, 227, 334, 
0, 576, 269, 475, 31, 194, 25, 
0, 544, 149, 590, 354, 261, 302, 
0, 443, 223, 329, 563, 3, 
0, 496, 342, 515, 162, 228, 507, 
0, 529, 466, 268, 4, 
0, 125, 9, 214, 276, 310, 595, 
0, 552, 6, 360, 53, 90, 153, 
0, 394, 301, 451, 543, 85, 
0, 400, 206, 589, 69, 241, 
0, 546, 124, 33, 389, 501, 
0, 583, 345, 340, 212, 308, 
0, 535, 264, 296, 179, 235, 
0, 57, 239, 91, 242, 230, 44, 
0, 180, 248, 493, 265, 482, 161, 
0, 48, 326, 548, 519, 304, 65, 
0, 364, 474, 537, 244, 260, 
0, 295, 189, 420, 274, 210, 
0, 275, 163, 516, 247, 200, 
0, 330, 349, 566, 335, 34, 438, 
0, 314, 592, 586, 390, 290, 539, 
0, 346, 156, 318, 40, 412, 
0, 444, 32, 487, 433, 404, 
0, 122, 195, 391, 384, 213, 
0, 322, 74, 461, 198, 142, 
0, 58, 56, 246, 363, 104, 
0, 554, 202, 490, 534, 593, 
0, 205, 409, 382, 282, 542, 
0, 477, 408, 116, 450, 52, 
0, 114, 410, 571, 15, 100, 453, 
0, 536, 367, 504, 588, 445, 151, 
0, 178, 512, 51, 188, 380, 
0, 486, 399, 564, 316, 64, 127, 
0, 495, 347, 41, 432, 93, 
0, 403, 154, 460, 102, 388, 483, 
0, 528, 327, 437, 518, 17, 
0, 283, 383, 494, 164, 568, 
0, 46, 70, 368, 541, 428, 
0, 303, 73, 572, 123, 567, 
0, 92, 344, 169, 599, 422, 513, 
0, 87, 54, 217, 355, 
0, 258, 62, 575, 165, 508, 407, 
0, 306, 328, 503, 506, 170, 
0, 59, 128, 292, 481, 271, 
0, 167, 224, 30, 134, 67, 75, 
0, 538, 469, 488, 119, 531, 130, 
0, 393, 416, 240, 
0, 478, 370, 337, 299, 582, 245, 
0, 468, 580, 141, 509, 414, 
0, 521, 84, 197, 587, 547, 
0, 479, 372, 594, 375, 215, 203, 
0, 176, 101, 284, 524, 484, 257, 
0, 415, 191, 545, 173, 293, 
0, 352, 386, 172, 550, 338, 
0, 459, 229, 177, 456, 
0, 557, 72, 71, 24, 532, 
0, 135, 190, 305, 136, 320, 286, 
0, 565, 336, 254, 186, 278, 
0, 183, 325, 471, 218, 27, 392, 
0, 181, 107, 131, 315, 470, 
0, 332, 514, 533, 446, 192, 
0, 221, 598, 447, 406, 174, 423, 
0, 526, 333, 111, 449, 359, 385, 
0, 498, 105, 81, 452, 405, 297, 
0, 298, 159, 505, 43, 435, 
0, 339, 413, 288, 77, 500, 
0, 429, 238, 485, 204, 540, 350, 
0, 374, 109, 14, 371, 465, 
0, 152, 353, 120, 193, 311, 
0, 112, 357, 558, 561, 281, 
0, 219, 132, 356, 23, 454, 
0, 251, 373, 45, 577, 279, 395, 
0, 309, 79, 341, 376, 424, 
0, 436, 99, 139, 117, 94, 
0, 530, 317, 236, 26, 155, 211, 
0, 307, 411, 237, 145, 321, 83, 
0, 491, 184, 365, 115, 324, 
0, 20, 226, 473, 560, 66, 
0, 182, 50, 255, 262, 185, 
0, 426, 12, 35, 199, 417, 
0, 343, 201, 137, 243, 252, 
0, 49, 98, 10, 596, 294, 
0, 18, 457, 76, 121, 37, 21, 
0, 581, 249, 287, 489, 358, 
0, 138, 88, 555, 196, 168, 
0, 253, 158, 146, 476, 222, 
0, 209, 63, 387, 381, 160, 517, 
0, 463, 80, 1, 216, 
0, 458, 157, 464, 175, 480, 
0, 597, 319, 143, 425, 427, 144, 
0, 266, 171, 502, 448, 39, 289, 
0, 113, 396, 208, 398, 600, 313, 
0, 522, 291, 263, 148, 348, 
0, 397, 569, 103, 379, 556, 
0, 511, 401, 13, 42, 97, 
0, 285, 442, 574, 234, 233, 
0, 525, 361, 440, 377, 55, 
0, 273, 562, 312, 166, 29, 
0, 61, 591, 585, 584, 187, 267, 
0, 118, 60, 280, 78, 523, 
0, 331, 570, 82, 362, 129, 472, 
0, 527, 96, 272, 573, 256, 47, 
0, 578, 418, 68, 5, 467, 421, 
0, 270, 126, 133, 300, 220, 95, 
0, 434, 28, 38, 551, 
0, 497, 520, 549, 147, 431, 
0, 402, 7, 8, 441, 19, 36, 
0, 250, 351, 11, 559, 553, 
0, 2, 232, 492, 378, 16, 
0, 499, 150, 106, 207, 86, 231, 
