Solution: 109 140456.302000 173156.302000

0, 47, 307, 80, 520, 57, 146, 
0, 298, 37, 503, 437, 478, 
0, 182, 516, 262, 242, 496, 410, 
0, 203, 398, 580, 129, 423, 190, 
0, 575, 180, 469, 558, 372, 
0, 315, 59, 539, 243, 407, 
0, 337, 240, 484, 259, 544, 
0, 289, 531, 510, 489, 378, 579, 
0, 212, 449, 540, 173, 28, 
0, 250, 162, 148, 33, 308, 
0, 86, 498, 336, 333, 439, 
0, 354, 543, 519, 359, 264, 375, 
0, 502, 371, 25, 198, 453, 
0, 363, 515, 171, 512, 501, 
0, 1, 285, 505, 230, 219, 
0, 356, 5, 550, 290, 124, 
0, 571, 525, 110, 149, 574, 
0, 418, 411, 295, 485, 40, 235, 
0, 215, 598, 442, 394, 108, 
0, 414, 385, 60, 346, 61, 443, 
0, 532, 428, 412, 51, 20, 115, 
0, 470, 536, 158, 16, 213, 
0, 320, 311, 160, 50, 350, 589, 
0, 156, 466, 500, 272, 384, 
0, 381, 101, 467, 221, 281, 479, 
0, 68, 218, 206, 90, 231, 
0, 416, 383, 236, 27, 545, 483, 
0, 275, 79, 566, 126, 194, 
0, 87, 358, 288, 506, 594, 279, 
0, 318, 96, 94, 366, 404, 
0, 62, 238, 38, 91, 471, 21, 
0, 67, 388, 232, 43, 310, 
0, 291, 23, 584, 541, 421, 
0, 266, 31, 137, 342, 234, 446, 
0, 447, 71, 142, 305, 147, 
0, 111, 420, 144, 42, 493, 
0, 488, 17, 186, 553, 563, 448, 
0, 568, 88, 83, 431, 
0, 260, 66, 223, 274, 554, 
0, 222, 135, 409, 306, 561, 
0, 399, 395, 459, 84, 211, 
0, 340, 402, 244, 450, 249, 
0, 538, 82, 10, 462, 253, 
0, 360, 504, 169, 271, 89, 
0, 301, 391, 349, 55, 482, 35, 
0, 499, 154, 325, 444, 239, 
0, 425, 588, 379, 454, 181, 
0, 527, 282, 150, 549, 534, 217, 
0, 123, 207, 386, 39, 430, 183, 
0, 92, 330, 175, 415, 599, 380, 
0, 476, 397, 303, 107, 434, 
0, 105, 151, 261, 491, 167, 
0, 417, 351, 11, 256, 120, 9, 
0, 312, 98, 465, 490, 348, 
0, 208, 403, 168, 557, 401, 210, 
0, 597, 304, 546, 317, 514, 77, 202, 
0, 140, 277, 457, 106, 155, 497, 
0, 427, 324, 548, 475, 53, 75, 
0, 252, 72, 334, 377, 165, 522, 
0, 141, 258, 474, 362, 189, 65, 
0, 572, 368, 46, 196, 343, 
0, 392, 455, 559, 451, 229, 509, 
0, 22, 227, 316, 473, 174, 
0, 480, 224, 209, 163, 284, 
0, 530, 205, 586, 255, 535, 134, 
0, 172, 193, 70, 587, 562, 
0, 313, 14, 216, 361, 297, 596, 
0, 267, 85, 58, 226, 4, 
0, 547, 344, 494, 248, 560, 
0, 573, 511, 299, 56, 159, 225, 
0, 286, 121, 204, 576, 245, 429, 
0, 529, 376, 177, 237, 119, 567, 
0, 507, 152, 335, 48, 517, 
0, 314, 556, 143, 2, 6, 
0, 117, 400, 565, 102, 464, 472, 
0, 577, 104, 481, 486, 133, 422, 
0, 551, 492, 419, 228, 322, 74, 
0, 570, 564, 184, 581, 97, 
0, 138, 265, 323, 125, 32, 63, 
0, 52, 254, 495, 585, 438, 591, 
0, 233, 321, 456, 280, 513, 345, 
0, 19, 278, 413, 355, 408, 170, 
0, 332, 64, 263, 7, 114, 582, 
0, 292, 109, 396, 365, 461, 
0, 241, 370, 329, 406, 26, 463, 
0, 390, 592, 387, 73, 300, 287, 
0, 8, 131, 283, 246, 157, 
0, 373, 452, 200, 44, 54, 
0, 528, 347, 319, 524, 112, 145, 
0, 179, 136, 276, 460, 353, 132, 
0, 526, 458, 270, 128, 24, 
0, 445, 590, 269, 523, 374, 
0, 153, 161, 595, 432, 78, 
0, 593, 328, 12, 257, 197, 533, 
0, 364, 518, 537, 441, 195, 99, 
0, 341, 34, 41, 95, 166, 600, 
0, 389, 326, 405, 45, 508, 426, 
0, 191, 440, 542, 178, 
0, 185, 436, 30, 487, 424, 393, 
0, 477, 36, 29, 139, 76, 
0, 49, 100, 15, 199, 521, 
0, 251, 357, 188, 103, 552, 
0, 296, 352, 433, 583, 302, 18, 
0, 382, 327, 331, 578, 214, 468, 
0, 93, 555, 176, 113, 338, 268, 
0, 367, 13, 435, 569, 127, 201, 
0, 118, 69, 273, 116, 220, 130, 
0, 187, 309, 81, 122, 369, 164, 
0, 293, 192, 3, 294, 247, 339, 
