Solution: 113 143622.290000 177522.290000

0, 169, 166, 414, 239, 528, 283, 
0, 392, 270, 432, 102, 121, 
0, 419, 434, 571, 266, 95, 
0, 575, 574, 584, 343, 590, 
0, 456, 227, 138, 594, 277, 
0, 380, 170, 4, 599, 511, 
0, 46, 112, 595, 488, 346, 
0, 359, 566, 248, 85, 547, 
0, 382, 199, 84, 379, 207, 171, 
0, 593, 391, 5, 576, 238, 155, 
0, 597, 52, 94, 264, 221, 573, 
0, 524, 474, 68, 514, 373, 
0, 93, 325, 402, 18, 92, 502, 
0, 296, 517, 582, 378, 168, 
0, 543, 127, 487, 336, 394, 
0, 486, 363, 506, 255, 165, 
0, 90, 120, 13, 23, 
0, 185, 182, 72, 25, 65, 
0, 464, 145, 122, 176, 285, 
0, 146, 177, 100, 115, 307, 
0, 64, 329, 481, 40, 530, 
0, 520, 499, 420, 600, 154, 295, 
0, 570, 187, 26, 442, 232, 205, 
0, 505, 142, 330, 47, 250, 541, 
0, 423, 21, 107, 538, 592, 
0, 457, 88, 356, 245, 143, 
0, 191, 163, 
0, 110, 98, 497, 556, 276, 421, 
0, 335, 384, 427, 39, 132, 
0, 17, 449, 192, 136, 123, 
0, 204, 60, 86, 508, 496, 
0, 91, 259, 272, 304, 342, 
0, 109, 139, 469, 217, 306, 
0, 493, 128, 328, 355, 292, 
0, 399, 61, 78, 578, 130, 422, 
0, 572, 320, 441, 32, 357, 
0, 539, 233, 385, 561, 297, 437, 
0, 598, 236, 504, 447, 243, 
0, 268, 55, 536, 137, 235, 458, 
0, 495, 412, 83, 1, 237, 400, 
0, 327, 565, 116, 41, 581, 
0, 230, 321, 519, 454, 467, 333, 
0, 509, 353, 426, 305, 
0, 234, 365, 324, 407, 348, 211, 
0, 522, 372, 56, 360, 406, 
0, 246, 410, 560, 344, 129, 446, 
0, 371, 331, 591, 443, 395, 448, 
0, 287, 106, 208, 553, 303, 552, 
0, 45, 71, 475, 466, 193, 549, 
0, 390, 3, 7, 568, 66, 
0, 19, 222, 167, 126, 558, 
0, 450, 583, 415, 416, 262, 103, 
0, 577, 101, 477, 483, 131, 349, 
0, 251, 54, 67, 59, 482, 
0, 498, 429, 461, 537, 513, 
0, 117, 62, 267, 282, 70, 
0, 535, 354, 435, 158, 393, 544, 
0, 12, 58, 33, 231, 256, 
0, 551, 491, 22, 322, 258, 
0, 281, 580, 310, 286, 215, 503, 
0, 512, 531, 436, 389, 
0, 383, 150, 294, 218, 160, 
0, 149, 241, 148, 11, 478, 
0, 309, 186, 48, 439, 28, 
0, 548, 545, 157, 554, 370, 459, 
0, 6, 510, 53, 181, 265, 
0, 472, 105, 151, 35, 
0, 180, 31, 404, 408, 260, 473, 
0, 273, 141, 588, 340, 430, 377, 
0, 114, 526, 507, 15, 460, 465, 
0, 352, 108, 198, 203, 
0, 16, 490, 271, 351, 555, 
0, 269, 308, 334, 10, 557, 550, 
0, 525, 318, 398, 369, 431, 
0, 476, 216, 201, 532, 96, 
0, 403, 326, 579, 290, 280, 
0, 124, 368, 29, 133, 113, 
0, 252, 74, 567, 596, 209, 
0, 411, 162, 240, 147, 564, 
0, 242, 361, 249, 44, 188, 338, 
0, 521, 228, 480, 38, 195, 367, 
0, 358, 300, 375, 229, 244, 440, 
0, 261, 75, 376, 533, 374, 
0, 516, 194, 463, 470, 381, 
0, 311, 479, 210, 263, 
0, 417, 257, 468, 159, 298, 
0, 82, 63, 589, 224, 445, 253, 
0, 388, 350, 569, 49, 178, 
0, 134, 364, 140, 438, 36, 275, 
0, 206, 387, 214, 87, 43, 
0, 523, 345, 315, 79, 111, 500, 
0, 144, 254, 164, 37, 220, 69, 
0, 316, 405, 156, 418, 223, 501, 
0, 341, 299, 386, 425, 104, 76, 
0, 559, 73, 515, 288, 173, 401, 
0, 289, 562, 585, 337, 586, 119, 
0, 219, 485, 118, 332, 20, 
0, 175, 51, 279, 247, 190, 57, 
0, 174, 453, 347, 172, 125, 492, 
0, 312, 97, 313, 546, 184, 
0, 284, 563, 319, 42, 225, 
0, 81, 197, 587, 527, 293, 
0, 471, 8, 452, 213, 153, 
0, 362, 455, 9, 397, 14, 
0, 291, 80, 314, 212, 2, 
0, 317, 99, 462, 27, 152, 278, 
0, 451, 183, 24, 189, 179, 
0, 494, 323, 396, 489, 34, 
0, 433, 30, 366, 226, 444, 
0, 161, 424, 413, 50, 529, 196, 
0, 200, 301, 339, 484, 89, 518, 
0, 534, 77, 274, 428, 409, 
0, 542, 540, 135, 302, 202, 
