Solution: 147 161742.826000 205842.826000

0, 205, 110, 207, 17, 511, 172, 
0, 50, 727, 513, 242, 466, 272, 
0, 228, 501, 409, 7, 102, 156, 
0, 354, 702, 318, 571, 636, 299, 74, 
0, 274, 470, 245, 84, 162, 
0, 261, 510, 229, 532, 257, 
0, 757, 182, 530, 72, 93, 602, 
0, 349, 129, 514, 561, 310, 
0, 476, 86, 397, 775, 347, 175, 
0, 551, 483, 208, 82, 704, 521, 259, 
0, 714, 629, 590, 716, 200, 
0, 161, 645, 373, 327, 612, 116, 
0, 790, 209, 515, 504, 22, 750, 
0, 339, 759, 517, 618, 791, 
0, 680, 243, 733, 235, 600, 797, 
0, 315, 717, 21, 713, 
0, 512, 174, 549, 301, 628, 333, 
0, 744, 500, 151, 58, 225, 
0, 387, 78, 601, 3, 614, 
0, 221, 176, 55, 678, 352, 732, 
0, 150, 440, 652, 776, 800, 
0, 433, 648, 613, 29, 540, 736, 
0, 115, 144, 763, 359, 157, 545, 
0, 796, 570, 248, 89, 640, 127, 
0, 426, 724, 580, 743, 784, 
0, 657, 758, 324, 439, 39, 472, 
0, 227, 319, 471, 30, 185, 336, 
0, 799, 148, 575, 390, 217, 786, 
0, 192, 287, 774, 467, 787, 
0, 363, 54, 23, 123, 168, 
0, 262, 296, 247, 427, 491, 276, 
0, 488, 615, 277, 284, 236, 434, 
0, 651, 56, 139, 607, 214, 
0, 187, 255, 111, 644, 438, 
0, 752, 391, 415, 503, 341, 
0, 374, 666, 461, 270, 43, 693, 
0, 12, 191, 109, 534, 321, 764, 
0, 384, 334, 381, 502, 124, 273, 
0, 458, 300, 149, 95, 179, 484, 
0, 456, 490, 683, 256, 661, 
0, 382, 385, 42, 246, 538, 
0, 258, 1, 505, 365, 344, 83, 
0, 431, 325, 160, 556, 383, 280, 
0, 586, 552, 544, 421, 548, 
0, 165, 772, 523, 335, 444, 
0, 226, 448, 308, 450, 364, 171, 
0, 524, 328, 756, 746, 578, 765, 
0, 527, 576, 445, 117, 
0, 360, 237, 212, 522, 424, 
0, 435, 623, 584, 619, 147, 
0, 281, 475, 71, 625, 24, 
0, 464, 437, 283, 19, 63, 722, 
0, 709, 122, 295, 789, 260, 113, 
0, 316, 616, 715, 429, 
0, 177, 487, 332, 14, 798, 402, 
0, 263, 203, 379, 230, 119, 
0, 121, 45, 329, 659, 755, 
0, 278, 703, 660, 35, 99, 85, 
0, 166, 684, 18, 643, 194, 635, 
0, 647, 686, 66, 309, 65, 782, 
0, 497, 414, 473, 469, 131, 
0, 268, 180, 375, 67, 626, 145, 
0, 739, 342, 322, 241, 408, 698, 579, 
0, 167, 432, 118, 567, 588, 719, 
0, 603, 47, 773, 771, 338, 
0, 694, 589, 559, 633, 
0, 697, 622, 279, 653, 137, 
0, 190, 412, 541, 216, 107, 
0, 114, 343, 486, 723, 206, 459, 
0, 730, 423, 378, 677, 143, 211, 
0, 519, 27, 747, 779, 599, 658, 
0, 361, 569, 60, 675, 507, 663, 
0, 106, 224, 36, 155, 288, 520, 
0, 232, 198, 356, 780, 290, 
0, 358, 100, 525, 49, 411, 712, 
0, 91, 231, 692, 10, 
0, 46, 70, 33, 101, 535, 
0, 725, 555, 265, 233, 
0, 529, 400, 792, 79, 81, 793, 389, 
0, 218, 98, 604, 617, 302, 48, 
0, 269, 371, 395, 186, 337, 201, 80, 
0, 368, 656, 474, 577, 726, 401, 
0, 398, 184, 460, 44, 240, 748, 
0, 546, 468, 454, 5, 73, 
0, 105, 708, 583, 52, 762, 
0, 388, 61, 462, 673, 
0, 430, 593, 768, 370, 662, 721, 
0, 452, 741, 130, 479, 720, 350, 
0, 393, 718, 57, 146, 494, 152, 
0, 572, 620, 244, 442, 215, 
0, 547, 289, 16, 188, 25, 
0, 197, 465, 655, 77, 689, 
0, 674, 406, 554, 304, 
0, 770, 367, 189, 685, 624, 
0, 286, 59, 506, 346, 399, 357, 
0, 638, 737, 392, 69, 634, 307, 
0, 31, 710, 64, 582, 
0, 670, 204, 701, 366, 
0, 210, 654, 128, 331, 
0, 136, 170, 178, 735, 664, 669, 
0, 449, 754, 40, 104, 533, 292, 
0, 495, 536, 181, 528, 159, 306, 
0, 141, 372, 769, 313, 
0, 239, 729, 252, 153, 132, 
0, 492, 293, 627, 154, 103, 766, 
0, 294, 745, 112, 219, 455, 6, 
0, 169, 285, 734, 700, 637, 566, 
0, 266, 749, 691, 564, 632, 585, 
0, 778, 267, 573, 305, 394, 
0, 9, 557, 163, 696, 
0, 223, 457, 539, 707, 568, 
0, 537, 90, 314, 496, 687, 592, 
0, 410, 28, 135, 777, 377, 
0, 317, 249, 794, 340, 518, 120, 
0, 271, 220, 682, 565, 436, 
0, 574, 428, 418, 642, 420, 695, 
0, 788, 595, 196, 41, 543, 4, 
0, 51, 785, 631, 312, 676, 605, 
0, 275, 183, 681, 560, 26, 
0, 690, 13, 20, 667, 705, 250, 
0, 621, 291, 134, 234, 138, 419, 
0, 499, 751, 731, 783, 76, 
0, 753, 581, 362, 323, 311, 478, 
0, 668, 96, 202, 781, 641, 
0, 108, 508, 405, 126, 630, 
0, 94, 199, 447, 598, 11, 330, 
0, 767, 37, 425, 351, 550, 706, 
0, 326, 446, 142, 282, 597, 688, 
0, 699, 760, 297, 562, 417, 
0, 62, 542, 477, 251, 422, 140, 
0, 761, 516, 481, 639, 369, 345, 
0, 443, 672, 485, 264, 650, 
0, 133, 213, 679, 38, 380, 320, 
0, 158, 591, 558, 563, 
0, 298, 75, 498, 451, 164, 
0, 386, 8, 509, 68, 526, 
0, 355, 413, 416, 407, 
0, 53, 88, 553, 195, 463, 
0, 348, 482, 87, 611, 728, 
0, 738, 125, 254, 238, 671, 
0, 404, 606, 608, 795, 2, 
0, 711, 665, 222, 97, 92, 376, 
0, 531, 453, 480, 441, 
0, 353, 610, 493, 587, 596, 173, 
0, 742, 489, 646, 609, 32, 193, 
0, 594, 303, 396, 15, 253, 649, 
0, 403, 34, 740, 
