Solution: 146 159232.542000 203032.542000

0, 379, 401, 371, 137, 378, 547, 
0, 723, 718, 70, 590, 
0, 79, 432, 45, 564, 291, 259, 
0, 58, 647, 41, 682, 
0, 617, 6, 126, 516, 421, 798, 
0, 556, 303, 482, 644, 719, 526, 257, 
0, 395, 461, 268, 710, 800, 
0, 197, 486, 354, 665, 728, 754, 
0, 357, 110, 492, 330, 633, 328, 
0, 582, 436, 424, 221, 15, 363, 
0, 603, 730, 530, 38, 199, 
0, 256, 455, 622, 367, 234, 398, 
0, 765, 600, 185, 102, 2, 
0, 54, 281, 258, 222, 250, 5, 
0, 182, 520, 431, 708, 237, 42, 
0, 321, 224, 90, 649, 336, 
0, 509, 690, 1, 366, 310, 80, 
0, 227, 92, 158, 478, 306, 
0, 40, 49, 245, 331, 456, 332, 
0, 430, 538, 781, 668, 473, 376, 
0, 350, 618, 785, 593, 178, 85, 
0, 176, 151, 536, 93, 31, 774, 
0, 372, 83, 479, 112, 733, 
0, 724, 369, 679, 608, 125, 688, 
0, 272, 108, 14, 124, 
0, 386, 759, 253, 402, 458, 604, 
0, 279, 179, 552, 223, 466, 
0, 262, 580, 312, 449, 297, 399, 
0, 444, 122, 211, 21, 71, 68, 
0, 669, 210, 16, 190, 30, 
0, 261, 717, 135, 429, 274, 
0, 662, 460, 13, 129, 594, 703, 
0, 370, 672, 375, 213, 26, 715, 
0, 160, 511, 290, 417, 726, 
0, 776, 77, 73, 89, 413, 154, 
0, 295, 755, 578, 78, 29, 138, 
0, 577, 65, 149, 614, 510, 
0, 365, 737, 518, 240, 219, 
0, 296, 748, 396, 428, 377, 
0, 141, 314, 76, 50, 531, 
0, 758, 62, 335, 298, 551, 
0, 287, 744, 28, 714, 572, 247, 
0, 505, 657, 616, 795, 
0, 497, 67, 632, 164, 114, 
0, 117, 226, 570, 43, 705, 
0, 751, 183, 47, 337, 131, 294, 
0, 239, 598, 775, 654, 542, 533, 
0, 392, 106, 206, 786, 560, 540, 
0, 7, 403, 400, 200, 642, 
0, 410, 362, 701, 209, 243, 
0, 215, 546, 557, 326, 
0, 500, 419, 469, 685, 459, 771, 
0, 388, 241, 650, 353, 374, 438, 
0, 207, 495, 229, 130, 171, 
0, 680, 202, 562, 231, 
0, 727, 198, 596, 273, 660, 
0, 270, 695, 20, 652, 574, 
0, 315, 204, 252, 414, 515, 61, 
0, 121, 356, 704, 305, 554, 
0, 762, 784, 422, 311, 573, 467, 
0, 610, 55, 191, 797, 697, 611, 
0, 186, 589, 507, 423, 484, 
0, 359, 34, 527, 433, 
0, 391, 463, 299, 284, 602, 187, 
0, 103, 269, 320, 512, 91, 325, 
0, 192, 658, 583, 584, 696, 345, 
0, 442, 629, 576, 472, 156, 
0, 100, 709, 390, 358, 605, 
0, 181, 503, 415, 623, 97, 631, 
0, 59, 651, 166, 498, 163, 
0, 127, 153, 528, 329, 188, 333, 732, 
0, 142, 242, 743, 790, 233, 39, 
0, 767, 264, 488, 98, 348, 373, 
0, 416, 32, 389, 133, 175, 687, 549, 
0, 686, 412, 666, 
0, 404, 722, 591, 782, 343, 60, 
0, 236, 746, 139, 487, 712, 587, 
0, 212, 441, 116, 319, 4, 
0, 66, 545, 489, 553, 496, 118, 
0, 409, 238, 670, 
0, 711, 628, 218, 24, 147, 
0, 627, 293, 144, 232, 148, 425, 
0, 537, 529, 615, 360, 
0, 700, 339, 678, 9, 307, 
0, 753, 502, 161, 454, 725, 
0, 567, 351, 53, 673, 394, 491, 
0, 397, 731, 750, 716, 128, 684, 
0, 508, 569, 109, 82, 96, 
0, 494, 244, 648, 12, 216, 
0, 535, 406, 119, 155, 427, 707, 
0, 266, 344, 561, 201, 470, 18, 
0, 769, 35, 626, 52, 152, 341, 
0, 756, 99, 720, 8, 
0, 289, 64, 563, 405, 342, 437, 
0, 522, 324, 25, 783, 585, 773, 
0, 174, 675, 194, 702, 635, 
0, 57, 780, 225, 107, 101, 383, 
0, 763, 766, 689, 393, 278, 453, 
0, 452, 796, 349, 661, 440, 94, 
0, 462, 203, 285, 480, 736, 407, 760, 
0, 173, 27, 104, 581, 177, 
0, 656, 738, 145, 606, 361, 559, 
0, 113, 664, 255, 249, 446, 
0, 230, 172, 36, 586, 
0, 189, 634, 638, 645, 196, 729, 
0, 132, 541, 534, 167, 764, 
0, 543, 384, 663, 170, 677, 770, 
0, 267, 184, 694, 263, 426, 
0, 260, 517, 228, 159, 254, 
0, 735, 280, 521, 624, 134, 740, 
0, 778, 286, 636, 499, 643, 699, 597, 
0, 434, 193, 539, 318, 123, 
0, 749, 418, 420, 504, 338, 
0, 162, 698, 72, 308, 788, 787, 
0, 387, 300, 579, 302, 471, 
0, 146, 22, 11, 568, 10, 317, 
0, 741, 513, 411, 69, 165, 
0, 346, 655, 44, 347, 555, 721, 
0, 340, 451, 447, 445, 46, 
0, 457, 140, 63, 323, 619, 659, 
0, 713, 768, 468, 271, 51, 248, 
0, 739, 481, 691, 322, 641, 514, 
0, 692, 525, 301, 19, 550, 220, 
0, 613, 380, 777, 575, 48, 524, 
0, 115, 493, 327, 475, 799, 408, 
0, 667, 195, 136, 251, 292, 
0, 548, 474, 674, 794, 364, 
0, 276, 791, 706, 595, 
0, 180, 476, 275, 385, 95, 169, 
0, 143, 265, 671, 630, 639, 592, 
0, 283, 607, 23, 625, 523, 792, 
0, 74, 609, 87, 3, 621, 683, 
0, 288, 150, 646, 56, 81, 313, 
0, 532, 157, 450, 485, 282, 
0, 681, 208, 355, 465, 368, 
0, 448, 793, 637, 382, 86, 309, 
0, 316, 352, 519, 477, 506, 601, 37, 
0, 676, 734, 588, 752, 558, 
0, 747, 235, 217, 640, 772, 
0, 501, 761, 246, 435, 17, 277, 
0, 483, 381, 88, 742, 84, 
0, 599, 439, 205, 653, 105, 
0, 612, 757, 111, 304, 566, 
0, 464, 120, 75, 571, 443, 789, 
0, 168, 620, 33, 544, 745, 214, 
0, 490, 693, 779, 334, 565, 
