Solution: 146 161254.422000 205054.422000

0, 249, 799, 35, 494, 331, 
0, 135, 733, 226, 603, 166, 797, 
0, 150, 694, 68, 582, 782, 600, 
0, 133, 76, 111, 351, 223, 381, 
0, 755, 255, 577, 295, 602, 
0, 97, 705, 27, 345, 523, 382, 
0, 312, 269, 771, 114, 151, 
0, 157, 596, 560, 748, 661, 
0, 197, 117, 201, 17, 65, 728, 
0, 598, 108, 119, 156, 486, 
0, 739, 224, 206, 316, 665, 758, 
0, 495, 568, 410, 671, 374, 
0, 434, 427, 794, 61, 437, 729, 
0, 470, 463, 83, 551, 340, 
0, 258, 418, 11, 571, 593, 700, 
0, 428, 556, 460, 465, 
0, 100, 257, 432, 40, 314, 
0, 706, 579, 268, 75, 548, 
0, 242, 475, 614, 220, 
0, 6, 759, 747, 800, 544, 
0, 491, 279, 414, 320, 127, 407, 263, 
0, 327, 530, 778, 658, 786, 
0, 650, 59, 25, 709, 570, 
0, 380, 484, 430, 445, 646, 682, 
0, 54, 289, 645, 405, 615, 648, 
0, 267, 713, 149, 573, 458, 515, 
0, 429, 654, 318, 51, 562, 
0, 766, 447, 373, 7, 
0, 38, 211, 542, 130, 643, 237, 
0, 741, 781, 749, 584, 
0, 303, 618, 369, 92, 161, 
0, 175, 512, 474, 642, 205, 37, 
0, 190, 144, 509, 101, 98, 307, 
0, 349, 394, 228, 383, 163, 
0, 124, 32, 423, 232, 525, 464, 
0, 737, 96, 716, 66, 155, 
0, 659, 754, 520, 143, 403, 
0, 341, 452, 292, 578, 335, 565, 
0, 147, 481, 218, 244, 718, 
0, 168, 275, 88, 541, 41, 499, 670, 
0, 164, 24, 176, 411, 
0, 451, 569, 71, 93, 391, 
0, 763, 740, 95, 406, 358, 
0, 449, 192, 272, 466, 732, 172, 710, 
0, 204, 442, 501, 793, 392, 503, 
0, 450, 63, 94, 683, 446, 724, 
0, 213, 448, 537, 121, 638, 
0, 731, 480, 621, 791, 736, 
0, 516, 344, 701, 129, 359, 631, 726, 
0, 225, 387, 702, 221, 140, 
0, 417, 159, 504, 72, 43, 146, 
0, 160, 616, 29, 209, 727, 339, 
0, 293, 384, 651, 162, 308, 86, 
0, 708, 764, 290, 285, 153, 278, 248, 
0, 260, 608, 660, 783, 271, 625, 
0, 720, 712, 67, 588, 
0, 413, 730, 586, 744, 50, 
0, 215, 540, 469, 640, 239, 
0, 770, 70, 412, 538, 193, 
0, 774, 352, 672, 488, 639, 235, 
0, 181, 109, 595, 262, 703, 
0, 265, 609, 610, 199, 
0, 587, 214, 297, 377, 336, 173, 
0, 526, 306, 89, 714, 246, 
0, 419, 60, 315, 210, 270, 
0, 123, 534, 47, 690, 158, 296, 
0, 735, 467, 12, 21, 653, 376, 
0, 227, 64, 711, 152, 107, 
0, 772, 493, 393, 408, 134, 
0, 277, 505, 217, 529, 378, 476, 
0, 53, 641, 594, 679, 
0, 489, 397, 328, 286, 444, 533, 
0, 106, 738, 131, 792, 347, 77, 301, 
0, 379, 332, 309, 73, 637, 317, 
0, 623, 282, 398, 620, 231, 
0, 756, 490, 454, 402, 45, 751, 
0, 334, 433, 350, 273, 266, 170, 
0, 355, 125, 243, 385, 247, 422, 329, 
0, 760, 680, 477, 81, 696, 15, 
0, 52, 28, 137, 780, 685, 
0, 684, 196, 389, 656, 723, 
0, 734, 461, 319, 10, 798, 471, 
0, 110, 478, 644, 704, 229, 
0, 34, 325, 30, 518, 105, 
0, 514, 420, 112, 357, 167, 
0, 252, 500, 20, 78, 122, 
0, 699, 200, 202, 180, 655, 
0, 678, 188, 264, 233, 80, 
0, 479, 497, 366, 435, 779, 630, 
0, 337, 104, 4, 619, 627, 356, 
0, 528, 49, 777, 346, 604, 120, 
0, 722, 617, 605, 2, 681, 
0, 657, 186, 128, 566, 281, 
0, 56, 85, 287, 633, 767, 
0, 776, 673, 455, 259, 371, 44, 
0, 302, 18, 9, 564, 401, 
0, 436, 575, 507, 13, 348, 
0, 174, 613, 485, 592, 22, 753, 
0, 361, 31, 561, 636, 768, 
0, 687, 785, 612, 674, 367, 57, 
0, 796, 276, 182, 795, 99, 606, 
0, 652, 343, 424, 440, 545, 208, 
0, 527, 386, 415, 84, 87, 313, 
0, 342, 396, 399, 390, 626, 
0, 607, 360, 773, 300, 
0, 790, 203, 511, 462, 472, 496, 33, 
0, 256, 177, 364, 69, 139, 
0, 552, 368, 234, 14, 506, 171, 
0, 482, 58, 23, 141, 222, 261, 
0, 138, 169, 333, 238, 324, 453, 
0, 487, 288, 305, 549, 483, 113, 
0, 8, 116, 532, 189, 555, 553, 
0, 183, 395, 539, 580, 649, 404, 
0, 574, 62, 142, 299, 517, 
0, 543, 459, 666, 36, 103, 443, 
0, 370, 752, 236, 567, 3, 601, 
0, 546, 322, 576, 581, 79, 457, 
0, 216, 746, 691, 473, 707, 585, 
0, 743, 557, 624, 611, 400, 154, 
0, 676, 102, 195, 194, 535, 
0, 219, 353, 663, 280, 
0, 441, 284, 742, 148, 521, 
0, 664, 1, 438, 513, 498, 
0, 250, 689, 16, 323, 179, 
0, 745, 757, 547, 212, 628, 321, 
0, 668, 750, 510, 563, 784, 
0, 165, 667, 185, 697, 583, 769, 
0, 761, 599, 388, 90, 26, 
0, 421, 725, 524, 198, 126, 
0, 304, 492, 590, 789, 363, 
0, 787, 178, 688, 775, 365, 692, 
0, 762, 686, 310, 559, 502, 
0, 136, 253, 662, 698, 635, 591, 
0, 468, 719, 589, 55, 765, 
0, 5, 39, 330, 19, 531, 283, 
0, 338, 184, 132, 251, 456, 508, 
0, 721, 274, 632, 572, 207, 695, 597, 
0, 115, 522, 354, 294, 550, 
0, 191, 693, 788, 536, 439, 326, 
0, 254, 431, 145, 82, 187, 717, 
0, 230, 409, 91, 558, 554, 
0, 362, 311, 622, 426, 298, 416, 
0, 48, 74, 118, 46, 241, 
0, 291, 372, 634, 519, 715, 677, 
0, 647, 675, 245, 240, 425, 
0, 375, 629, 42, 669, 
